4 1.0 0.0
4 1.019019019019019 0.020735487181723727
4 1.038038038038038 0.0406678646998111
4 1.057057057057057 0.059844682916500365
4 1.0760760760760761 0.07830546543080137
4 1.095095095095095 0.09608726570274208
4 1.1141141141141142 0.11322495135417682
4 1.1331331331331331 0.1297569288469884
4 1.1521521521521523 0.1457133865384471
4 1.1711711711711712 0.16111929731585944
4 1.1901901901901901 0.1760011343815453
4 1.2092092092092093 0.19038370645605235
4 1.2282282282282282 0.20430428846142315
4 1.2472472472472473 0.21777321121015017
4 1.2662662662662663 0.23081034535907125
4 1.2852852852852852 0.24343492633618305
4 1.3043043043043043 0.2556650684265222
4 1.3233233233233235 0.267533950306877
4 1.3423423423423424 0.2790452777997901
4 1.3613613613613613 0.290212030265103
4 1.3803803803803805 0.3010485063569615
4 1.3993993993993994 0.3115682280167425
4 1.4184184184184185 0.32179034628889974
4 1.4374374374374375 0.3317362355639874
4 1.4564564564564564 0.34140300114526473
4 1.4754754754754755 0.35080148288544344
4 1.4944944944944947 0.35994196930800737
4 1.5135135135135136 0.36883423224292966
4 1.5325325325325325 0.377491045206996
4 1.5515515515515514 0.38593852174456583
4 1.5705705705705706 0.39416528497789627
4 1.5895895895895897 0.40217929474851766
4 1.6086086086086087 0.40998813479847857
4 1.6276276276276276 0.4175990347407409
4 1.6466466466466467 0.4250188905069879
4 1.6656656656656659 0.43226250621186163
4 1.6846846846846848 0.4393460469677334
4 1.7037037037037037 0.4462581874296241
4 1.7227227227227226 0.4530046345845488
4 1.7417417417417418 0.4595908464007874
4 1.760760760760761 0.4660220452744002
4 1.7797797797797799 0.4723032306135851
4 1.7987987987987988 0.4784391906246793
4 1.817817817817818 0.48445350724533487
4 1.8368368368368369 0.4903405466354971
4 1.855855855855856 0.4960961609703137
4 1.874874874874875 0.5017243737522006
4 1.8938938938938938 0.5072290470427545
4 1.912912912912913 0.5126138894865848
4 1.9319319319319321 0.5178824638611907
4 1.950950950950951 0.5230381941852245
4 1.96996996996997 0.5280876003120458
4 1.9889889889889891 0.5330559594644233
4 2.008008008008008 0.5379214485781684
4 2.027027027027027 0.5426869819734889
4 2.046046046046046 0.5473553657386219
4 2.065065065065065 0.5519293027126468
4 2.0840840840840844 0.5564113971954584
4 2.103103103103103 0.560804159402173
4 2.1221221221221223 0.565110009678
4 2.141141141141141 0.5693312824884749
4 2.16016016016016 0.5734814350125537
4 2.1791791791791795 0.5775694274690244
4 2.1981981981981984 0.5815797186152778
4 2.2172172172172173 0.5855143223586113
4 2.2362362362362362 0.5893751841819423
4 2.255255255255255 0.5931641840281761
4 2.2742742742742745 0.5968831390398461
4 2.2932932932932935 0.600533806162428
4 2.3123123123123124 0.6041178846191759
4 2.3313313313313317 0.6076370182648165
4 2.3503503503503502 0.6110927978249638
4 2.3693693693693696 0.6144942258536902
4 2.3883883883883885 0.6178571275010625
4 2.4074074074074074 0.6211614101876135
4 2.426426426426427 0.6244084631536606
4 2.4454454454454453 0.6275996324807546
4 2.4644644644644647 0.6307362227564961
4 2.4834834834834836 0.6338194986628513
4 2.5025025025025025 0.6368506864920396
4 2.521521521521522 0.6398309755938177
4 2.5405405405405403 0.642761519757752
4 2.5595595595595597 0.6456434385338661
4 2.5785785785785786 0.6484778184948388
4 2.5975975975975976 0.6512657144427557
4 2.616616616616617 0.654019293287825
4 2.635635635635636 0.6567462814003966
4 2.6546546546546548 0.6594299572167929
4 2.6736736736736737 0.6620712529970805
4 2.6926926926926926 0.6646710747012733
4 2.711711711711712 0.6672303029112958
4 2.730730730730731 0.6697497937144165
4 2.74974974974975 0.67223037955002
4 2.768768768768769 0.6746728700214766
4 2.7877877877877877 0.6770780526747807
4 2.806806806806807 0.6794466937455309
4 2.825825825825826 0.6817795388757439
4 2.844844844844845 0.6840773138019156
4 2.8638638638638643 0.6863407250156646
4 2.8828828828828827 0.6885704603982243
4 2.901901901901902 0.6907762756771404
4 2.920920920920921 0.6929690287553313
4 2.93993993993994 0.6951301935273299
4 2.9589589589589593 0.6972603848059515
4 2.9779779779779783 0.6993602017225277
4 2.996996996996997 0.701430228224278
4 3.016016016016016 0.7034710335528656
4 3.035035035035035 0.7054831727049536
4 3.0540540540540544 0.7074671868755585
4 3.0730730730730733 0.7094236038849381
4 3.0920920920920922 0.7113529385897208
4 3.111111111111111 0.7132556932789605
4 3.13013013013013 0.7151323580557487
4 3.1491491491491495 0.7169834112049988
4 3.1681681681681684 0.7188093195479829
4 3.1871871871871873 0.7206105387841749
4 3.206206206206206 0.7223875138209261
4 3.2252252252252256 0.7241406790914766
4 3.2442442442442445 0.7258823924178246
4 3.2632632632632634 0.7276166240197989
4 3.2822822822822824 0.7293283743193448
4 3.3013013013013013 0.7310180358162668
4 3.3203203203203207 0.7326859920322948
4 3.3393393393393396 0.7343326177666394
4 3.3583583583583585 0.7359582793428596
4 3.3773773773773774 0.7375633348473927
4 3.396396396396397 0.739148134360068
4 3.4154154154154157 0.740713020176918
4 3.4344344344344346 0.7422583270255886
4 3.4534534534534536 0.7437843822736284
4 3.4724724724724725 0.7452915061299341
4 3.491491491491492 0.746780011839613
4 3.5105105105105108 0.7482502058725092
4 3.5295295295295297 0.7497023881056349
4 3.5485485485485486 0.7511368519997368
4 3.567567567567568 0.752553884770211
4 3.586586586586587 0.753953767552583
4 3.605605605605606 0.7553367755627498
4 3.6246246246246248 0.756703178252175
4 3.6436436436436437 0.7580532394582258
4 3.662662662662663 0.7594091514722422
4 3.681681681681682 0.7607534556634914
4 3.700700700700701 0.7620822288636565
4 3.71971971971972 0.7633957119347813
4 3.738738738738739 0.7646941408464907
4 3.757757757757758 0.7659777467997367
4 3.776776776776777 0.7672467563468038
4 3.795795795795796 0.7685013915077085
4 3.814814814814815 0.7697418698831161
4 3.8338338338338342 0.7709684047638959
4 3.852852852852853 0.7721812052374326
4 3.871871871871872 0.7733804762908033
4 3.890890890890891 0.7745664189109287
4 3.90990990990991 0.7757392301818022
4 3.9289289289289293 0.7768991033788935
4 3.9479479479479482 0.7780462280608241
4 3.966966966966967 0.7791807901584064
4 3.985985985985986 0.780302972061132
4 4.005005005005005 0.7814129527011966
4 4.024024024024024 0.7825109076351426
4 4.043043043043044 0.7835970091231966
4 4.062062062062062 0.7846714262063771
4 4.081081081081081 0.7857343247814488
4 4.1001001001001 0.7867858676737878
4 4.119119119119119 0.7878262147082302
4 4.138138138138139 0.7888555227779657
4 4.157157157157157 0.7898794129177306
4 4.176176176176177 0.7909116382883088
4 4.195195195195195 0.7919333069526119
4 4.2142142142142145 0.7929445635118093
4 4.233233233233234 0.7939455499731949
4 4.252252252252252 0.7949364058081629
4 4.271271271271272 0.7959172680086345
4 4.29029029029029 0.796888271141983
4 4.3093093093093096 0.7978495474045069
4 4.328328328328329 0.7988012266734896
4 4.347347347347347 0.7997434365578965
4 4.366366366366367 0.8006763024477437
4 4.385385385385385 0.8015999475621832
4 4.404404404404405 0.8025144929963438
4 4.423423423423424 0.8034200577669612
4 4.442442442442443 0.8043167588568372
4 4.461461461461462 0.8052047112581614
4 4.48048048048048 0.8060840280147302
4 4.4994994994995 0.806954820263094
4 4.518518518518519 0.8078171972726651
4 4.537537537537538 0.8086712664848191
4 4.556556556556557 0.8095171335510135
4 4.575575575575575 0.8103549023699598
4 4.594594594594595 0.8111846751238676
4 4.613613613613614 0.8120065523137963
4 4.6326326326326335 0.8128206327941342
4 4.651651651651652 0.8136270138062316
4 4.67067067067067 0.8144257910112129
4 4.68968968968969 0.8152170585219898
4 4.708708708708709 0.8160009089344978
4 4.7277277277277285 0.8167774333581816
4 4.746746746746747 0.8175467214457438
4 4.7657657657657655 0.8183088614221844
4 4.784784784784785 0.8190639401131455
4 4.803803803803804 0.819825061726975
4 4.822822822822824 0.82058893092169
4 4.841841841841842 0.8213460030852571
4 4.8608608608608606 0.8220963589988609
4 4.87987987987988 0.8228400781867459
4 4.898898898898899 0.8235772389406016
4 4.917917917917919 0.8243079183433809
4 4.936936936936937 0.825032192292568
4 4.9559559559559565 0.825750135522909
4 4.974974974974975 0.8264618216286249
4 4.993993993993994 0.8271673230851134
4 5.013013013013014 0.8278667112701581
4 5.032032032032032 0.8285600564846566
4 5.051051051051052 0.8292474279728802
4 5.07007007007007 0.8299288939422782
4 5.089089089089089 0.8306045215828373
4 5.108108108108109 0.8312743770860088
4 5.127127127127127 0.8319385256632145
4 5.146146146146147 0.8325970315639422
4 5.165165165165165 0.8332499580934419
4 5.1841841841841845 0.8338973676300324
4 5.203203203203204 0.8345393216420257
4 5.222222222222222 0.8351758807042872
4 5.241241241241242 0.8358071045144301
4 5.26026026026026 0.8364330519086591
4 5.2792792792792795 0.8370537808772773
4 5.298298298298299 0.8376693485798491
4 5.317317317317317 0.8382798113600476
4 5.336336336336337 0.8388852247601783
4 5.355355355355356 0.8394856435353958
4 5.374374374374375 0.8400811216676176
4 5.393393393393394 0.8406717123791441
4 5.412412412412412 0.8412574681459918
4 5.431431431431432 0.8418384407109454
4 5.450450450450451 0.8424146810963372
4 5.46946946946947 0.8429862396165596
4 5.488488488488489 0.8435531658903177
4 5.5075075075075075 0.8441155088526286
4 5.526526526526527 0.844673316766571
4 5.545545545545546 0.8452266372347959
4 5.564564564564565 0.8457755172107978
4 5.583583583583584 0.846320003009959
4 5.602602602602603 0.8468601403203666
4 5.621621621621622 0.8473959742134107
4 5.640640640640641 0.8479407968702636
4 5.65965965965966 0.8484886445183383
4 5.678678678678679 0.8490323220743151
4 5.6976976976976985 0.8495718718466992
4 5.716716716716717 0.850107335582086
4 5.735735735735736 0.8506387544744721
4 5.754754754754755 0.8511661691743789
4 5.773773773773774 0.8516896197978007
4 5.792792792792794 0.8522091459349704
4 5.811811811811812 0.8527247866589573
4 5.830830830830831 0.8532365805340969
4 5.84984984984985 0.8537445656242527
4 5.868868868868869 0.8542487795009209
4 5.887887887887889 0.8547492592511764
4 5.906906906906907 0.8552460414854651
4 5.9259259259259265 0.8557391623452472
4 5.944944944944945 0.8562286575104926
4 5.963963963963964 0.8567145622070342
4 5.982982982982984 0.8571969112137794
4 6.002002002002002 0.8576757388697857
4 6.0210210210210215 0.858151079081202
4 6.04004004004004 0.8586229653280772
4 6.059059059059059 0.8590914306710449
4 6.078078078078079 0.8595565077578757
4 6.097097097097097 0.8600182288299139
4 6.116116116116117 0.8604766257283891
4 6.135135135135136 0.8609317299006137
4 6.1541541541541545 0.861383572406063
4 6.173173173173174 0.8618321839223438
4 6.192192192192192 0.8622775947510547
4 6.211211211211212 0.862719834823535
4 6.230230230230231 0.863158933706513
4 6.2492492492492495 0.8635949206076458
4 6.268268268268269 0.8640278243809637
4 6.287287287287287 0.8644576735322115
4 6.306306306306307 0.8648844962240961
4 6.325325325325326 0.8653083202814367
4 6.344344344344345 0.8657291731962252
4 6.363363363363364 0.866147082132594
4 6.382382382382382 0.8665620739316945
4 6.401401401401402 0.8669741751164916
4 6.420420420420421 0.8673834118964693
4 6.43943943943944 0.8677898101722546
4 6.458458458458459 0.8681933955401612
4 6.477477477477478 0.8685941932966504
4 6.496496496496497 0.8689922284427148
4 6.515515515515516 0.8693875256881858
4 6.534534534534535 0.8697801094559654
4 6.553553553553554 0.8701700038861837
4 6.572572572572573 0.8705572328402862
4 6.591591591591592 0.8709418199050473
4 6.610610610610611 0.8713237883965169
4 6.62962962962963 0.871703161363899
4 6.648648648648649 0.8720799615933618
4 6.6676676676676685 0.8724542116117849
4 6.686686686686687 0.8728259336904411
4 6.705705705705706 0.8731951498486157
4 6.724724724724725 0.8735618818571659
4 6.743743743743744 0.8739261512420167
4 6.762762762762764 0.8742879792876019
4 6.781781781781782 0.8746621910996222
4 6.800800800800801 0.8750372409472644
4 6.81981981981982 0.8754099080979135
4 6.838838838838839 0.8757802127012673
4 6.857857857857859 0.876148174683951
4 6.876876876876877 0.8765138137525997
4 6.8958958958958965 0.8768771493968908
4 6.914914914914916 0.877238200892525
4 6.933933933933934 0.8775969873041582
4 6.952952952952954 0.8779535274882876
4 6.971971971971972 0.8783078400960861
4 6.9909909909909915 0.8786599435761958
4 7.010010010010011 0.8790098561774721
4 7.029029029029029 0.8793575959516841
4 7.048048048048049 0.8797031807561729
4 7.067067067067067 0.8800466282564653
4 7.086086086086087 0.8803879559288452
4 7.105105105105106 0.8807271810628852
4 7.124124124124124 0.8810643207639367
4 7.143143143143144 0.88139939195558
4 7.162162162162162 0.8817324113820361
4 7.181181181181182 0.8820633956105396
4 7.200200200200201 0.8823923610336741
4 7.2192192192192195 0.882719323871671
4 7.238238238238239 0.8830443001746715
4 7.257257257257257 0.8833673058249539
4 7.276276276276277 0.8836883565391249
4 7.295295295295296 0.8840074678702771
4 7.314314314314315 0.8843246552101132
4 7.333333333333334 0.8846399337910372
4 7.352352352352353 0.8849533186882116
4 7.371371371371372 0.885264824821585
4 7.390390390390391 0.8855744669578868
4 7.40940940940941 0.8858822597125924
4 7.428428428428429 0.8861882175518561
4 7.447447447447448 0.8864923547944168
4 7.466466466466467 0.8867946856134743
4 7.485485485485486 0.887095224038534
4 7.504504504504505 0.8873939839572286
4 7.523523523523524 0.8876909791171065
4 7.542542542542543 0.8879862231273986
4 7.561561561561562 0.8882797294607543
4 7.580580580580581 0.8885715114549532
4 7.5995995995996 0.8888615823145912
4 7.618618618618619 0.8891499551127408
4 7.6376376376376385 0.8894366427925865
4 7.656656656656657 0.8897216581690366
4 7.675675675675676 0.8900050139303101
4 7.694694694694695 0.8902867226394997
4 7.713713713713714 0.8905667967361149
4 7.7327327327327335 0.8908452485375976
4 7.751751751751752 0.8911220902408187
4 7.770770770770771 0.8913973339235507
4 7.789789789789791 0.8916709915459214
4 7.808808808808809 0.8919430749518439
4 7.827827827827829 0.8922135958704253
4 7.846846846846847 0.8924825659173586
4 7.8658658658658664 0.8927499965962897
4 7.884884884884886 0.8930158993001687
4 7.903903903903904 0.8932802853125782
4 7.922922922922924 0.8935431658090454
4 7.941941941941942 0.893804551858334
4 7.9609609609609615 0.8940644544237165
4 7.979979979979981 0.8943228843642314
4 7.998998998998999 0.8945798524359184
4 8.018018018018019 0.8948353692930396
4 8.037037037037038 0.8950894454892822
4 8.056056056056057 0.8953420914789422
4 8.075075075075077 0.8955933176180947
4 8.094094094094094 0.8958431341657459
4 8.113113113113114 0.8960915512849681
4 8.132132132132133 0.8963385790440198
4 8.15115115115115 0.8965842274174517
4 8.17017017017017 0.8968285062871936
4 8.18918918918919 0.8970714254436295
4 8.208208208208209 0.8973129945866556
4 8.227227227227228 0.8975532233267252
4 8.246246246246248 0.8977921211858774
4 8.265265265265267 0.8980296975987534
4 8.284284284284285 0.8982659619135984
4 8.303303303303304 0.8985009233932476
4 8.322322322322323 0.898734591216102
4 8.34134134134134 0.8989669744770891
4 8.36036036036036 0.8991980821886092
4 8.37937937937938 0.8994279232814727
4 8.398398398398399 0.8996565066058193
4 8.417417417417418 0.899890972896381
4 8.436436436436438 0.9001323954554302
4 8.455455455455457 0.9003725805700663
4 8.474474474474475 0.9006115366855779
4 8.493493493493494 0.900849272171765
4 8.512512512512513 0.9010857953237789
4 8.531531531531531 0.9013211143629546
4 8.55055055055055 0.9015552374376319
4 8.56956956956957 0.9017881726239633
4 8.588588588588589 0.902019927926714
4 8.607607607607608 0.9022505112800497
4 8.626626626626628 0.9024799305483141
4 8.645645645645647 0.9027081935267958
4 8.664664664664667 0.9029353079424866
4 8.683683683683684 0.9031612814548285
4 8.702702702702704 0.9033861216564509
4 8.721721721721721 0.903609836073899
4 8.74074074074074 0.9038324321683516
4 8.75975975975976 0.904053917336331
4 8.77877877877878 0.9042742989104021
4 8.797797797797799 0.9044935841598633
4 8.816816816816818 0.9047117802914282
4 8.835835835835837 0.9049288944498995
4 8.854854854854857 0.9051449337188322
4 8.873873873873874 0.9053599051211891
4 8.892892892892894 0.9055738156199905
4 8.911911911911913 0.9057866721189501
4 8.93093093093093 0.9059984814631085
4 8.94994994994995 0.9062092504394544
4 8.96896896896897 0.9064189857775405
4 8.987987987987989 0.9066276941500908
4 9.007007007007008 0.9068353821735982
4 9.026026026026027 0.9070420564089193
4 9.045045045045045 0.9072477233618564
4 9.064064064064064 0.9074523894837353
4 9.083083083083084 0.9076560611719757
4 9.102102102102103 0.9078587447706531
4 9.121121121121122 0.9080604465710543
4 9.14014014014014 0.908261172812227
4 9.15915915915916 0.9084609296815209
4 9.178178178178179 0.9086597233151225
4 9.197197197197198 0.9088575597985847
4 9.216216216216218 0.9090544451673472
4 9.235235235235235 0.9092503854072538
4 9.254254254254255 0.9094453864550595
4 9.273273273273274 0.909639454198935
4 9.292292292292293 0.9098325944789629
4 9.311311311311313 0.9100248130876275
4 9.33033033033033 0.9102161157703001
4 9.34934934934935 0.9104065082257182
4 9.368368368368369 0.9105959961064571
4 9.387387387387388 0.9107845850193979
4 9.406406406406408 0.9109722805261881
4 9.425425425425425 0.9111590881436987
4 9.444444444444445 0.9113450133444734
4 9.463463463463464 0.9115300615571743
4 9.482482482482483 0.9117142381670202
4 9.501501501501503 0.9118975485162225
4 9.52052052052052 0.9120799979044134
4 9.53953953953954 0.9122615915890693
4 9.558558558558559 0.9124423347859313
4 9.577577577577578 0.9126222326694168
4 9.596596596596598 0.9128012903730309
4 9.615615615615617 0.9129795129897685
4 9.634634634634635 0.9131569055725149
4 9.653653653653654 0.9133334731344399
4 9.672672672672673 0.913509220649387
4 9.691691691691693 0.9136841530522612
4 9.710710710710712 0.9138582752394067
4 9.72972972972973 0.9140315920689845
4 9.74874874874875 0.9142041083613464
4 9.767767767767769 0.9143758288993983
4 9.786786786786788 0.914546758428968
4 9.805805805805807 0.9147169016591615
4 9.824824824824825 0.9148862632627185
4 9.843843843843844 0.9150548478763636
4 9.862862862862864 0.9152226601011532
4 9.881881881881883 0.9153897045028169
4 9.900900900900902 0.9155559856120986
4 9.91991991991992 0.9157215079250892
4 9.93893893893894 0.9158862759035589
4 9.957957957957959 0.9160502939752837
4 9.976976976976978 0.9162135665343697
4 9.995995995995997 0.9163760979415723
4 10.015015015015015 0.9165378925246128
4 10.034034034034034 0.9166989545784908
4 10.053053053053054 0.9168592883657931
4 10.072072072072073 0.9170188981169993
4 10.091091091091092 0.9171777880307839
4 10.11011011011011 0.9173359622743157
4 10.12912912912913 0.917493424983551
4 10.148148148148149 0.9176501802635283
4 10.167167167167168 0.9178062321886552
4 10.186186186186188 0.9179615848029941
4 10.205205205205205 0.9181162421205454
4 10.224224224224224 0.9182702081255255
4 10.243243243243244 0.9184234867726432
4 10.262262262262263 0.9185760819873733
4 10.281281281281283 0.9187279976662256
4 10.3003003003003 0.9188792376770123
4 10.31931931931932 0.9190298058591114
4 10.338338338338339 0.9191797060237291
4 10.357357357357358 0.9193289419541566
4 10.376376376376378 0.9194775174060265
4 10.395395395395397 0.9196254361075639
4 10.414414414414415 0.9197727017598379
4 10.433433433433434 0.9199193180370078
4 10.452452452452453 0.9200652885865676
4 10.471471471471473 0.9202106170295868
4 10.490490490490492 0.9203553069609516
4 10.50950950950951 0.9204993619495991
4 10.528528528528529 0.920642785538752
4 10.547547547547548 0.9207855812461512
4 10.566566566566568 0.9209277525642826
4 10.585585585585587 0.9210693029606045
4 10.604604604604605 0.9212102358777726
4 10.623623623623624 0.9213505547338594
4 10.642642642642643 0.9214902629225745
4 10.661661661661663 0.9216293638134831
4 10.680680680680682 0.9217678607522168
4 10.6996996996997 0.9219057570606891
4 10.71871871871872 0.922043056037304
4 10.737737737737739 0.9221797609571644
4 10.756756756756758 0.9223158750722761
4 10.775775775775777 0.9224514016117534
4 10.794794794794795 0.9225863437820188
4 10.813813813813814 0.922720704767002
4 10.832832832832834 0.9228544877283386
4 10.851851851851853 0.9229876958055628
4 10.870870870870872 0.9231203321163015
4 10.88988988988989 0.9232523997564652
4 10.90890890890891 0.9233839018004366
4 10.927927927927929 0.9235148413012577
4 10.946946946946948 0.9236452212908137
4 10.965965965965967 0.9237750447800185
4 10.984984984984985 0.9239043147589925
4 11.004004004004004 0.9240420313904621
4 11.023023023023024 0.924182548804097
4 11.042042042042043 0.9243225161267772
4 11.061061061061062 0.9244619362332587
4 11.08008008008008 0.9246008119785977
4 11.0990990990991 0.92473914619832
4 11.118118118118119 0.9248769417085881
4 11.137137137137138 0.925014201306367
4 11.156156156156158 0.925150927769586
4 11.175175175175177 0.9252871238573016
4 11.194194194194194 0.9254227923098582
4 11.213213213213214 0.9255579358490468
4 11.232232232232233 0.9256925571782596
4 11.251251251251253 0.9258266589826486
4 11.270270270270272 0.9259602439292777
4 11.28928928928929 0.9260933146672746
4 11.308308308308309 0.9262258738279828
4 11.327327327327328 0.9263579240251099
4 11.346346346346348 0.9264894678548753
4 11.365365365365367 0.926620507896157
4 11.384384384384385 0.926751046710636
4 11.403403403403404 0.9268810868429392
4 11.422422422422423 0.9270106308207822
4 11.441441441441443 0.9271396811551086
4 11.460460460460462 0.9272682403402306
4 11.47947947947948 0.9273963108539645
4 11.498498498498499 0.9275238951577696
4 11.517517517517518 0.9276509956968809
4 11.536536536536538 0.9277776149004436
4 11.555555555555557 0.9279037551816466
4 11.574574574574575 0.9280294189378512
4 11.593593593593594 0.9281546085507221
4 11.612612612612613 0.9282793263863564
4 11.631631631631633 0.9284035747954087
4 11.650650650650652 0.9285273561132203
4 11.66966966966967 0.9286506726599405
4 11.68868868868869 0.9287735267406521
4 11.707707707707709 0.9288959206454929
4 11.726726726726728 0.9290178566497777
4 11.745745745745747 0.9291393370141168
4 11.764764764764765 0.9292603639845358
4 11.783783783783784 0.9293809397925934
4 11.802802802802804 0.9295010666554963
4 11.821821821821823 0.9296207467762164
4 11.840840840840842 0.9297399823436039
4 11.85985985985986 0.9298587755325011
4 11.87887887887888 0.9299771285038534
4 11.897897897897899 0.9300950434048219
4 11.916916916916918 0.9302125223688916
4 11.935935935935937 0.9303295675159808
4 11.954954954954957 0.93044618095255
4 11.973973973973974 0.9305623647717073
4 11.992992992992994 0.9306781210533147
4 12.012012012012013 0.9307934518640927
4 12.031031031031032 0.9309083592577242
4 12.050050050050052 0.9310228452749582
4 12.06906906906907 0.9311369119437086
4 12.088088088088089 0.9312505612791596
4 12.107107107107108 0.9313637952838616
4 12.126126126126128 0.931476615947832
4 12.145145145145147 0.931589025248654
4 12.164164164164164 0.9317010251515705
4 12.183183183183184 0.9318126176095847
4 12.202202202202203 0.9319238045635518
4 12.221221221221223 0.9320345879422754
4 12.240240240240242 0.9321449696626003
4 12.25925925925926 0.9322549516295051
4 12.278278278278279 0.9323645357361944
4 12.297297297297298 0.9324737238641898
4 12.316316316316318 0.9325825178834192
4 12.335335335335337 0.932690919652307
4 12.354354354354355 0.9327989310178619
4 12.373373373373374 0.9329065538157653
4 12.392392392392393 0.9330137898704569
4 12.411411411411413 0.9331206409952221
4 12.430430430430432 0.9332271089922766
4 12.44944944944945 0.9333331956528501
4 12.468468468468469 0.9334389027572717
4 12.487487487487488 0.9335442320750519
4 12.506506506506508 0.9336491853649636
4 12.525525525525527 0.9337537643751257
4 12.544544544544545 0.9338579708430823
4 12.563563563563564 0.933961806495883
4 12.582582582582583 0.9340652730501626
4 12.601601601601603 0.9341683722122188
4 12.620620620620622 0.9342711056780908
4 12.63963963963964 0.9343734751336349
4 12.65865865865866 0.9344754822546034
4 12.677677677677679 0.9345771287067179
4 12.696696696696698 0.9346784161457454
4 12.715715715715717 0.9347793462175727
4 12.734734734734735 0.9348799205582801
4 12.753753753753754 0.9349801407942138
4 12.772772772772774 0.9350800085420585
4 12.791791791791793 0.9351795254089104
4 12.810810810810812 0.9352786929923464
4 12.829829829829832 0.9353775128804955
4 12.84884884884885 0.9354759866521085
4 12.867867867867869 0.9355741158766273
4 12.886886886886888 0.9356719021142538
4 12.905905905905907 0.9357693469160167
4 12.924924924924927 0.9358664518238399
4 12.943943943943944 0.9359632183706101
4 12.962962962962964 0.9360596480802407
4 12.981981981981983 0.9361557424677395
4 13.001001001001002 0.9362515030392728
4 13.020020020020022 0.93634693129223
4 13.03903903903904 0.9364420287152879
4 13.058058058058059 0.936536796788473
4 13.077077077077078 0.936631236983226
4 13.096096096096097 0.9367253507624628
4 13.115115115115117 0.9368191395806359
4 13.134134134134134 0.9369126048837969
4 13.153153153153154 0.9370057481096565
4 13.172172172172173 0.937098570687644
4 13.191191191191193 0.9371910740389684
4 13.210210210210212 0.9372832595766752
4 13.22922922922923 0.9373751287057082
4 13.248248248248249 0.9374666828229636
4 13.267267267267268 0.9375579233173518
4 13.286286286286288 0.9376488515698506
4 13.305305305305307 0.937739468953565
4 13.324324324324325 0.9378297768337812
4 13.343343343343344 0.9379197765680226
4 13.362362362362363 0.938009469506106
4 13.381381381381383 0.9380988569901951
4 13.400400400400402 0.9381879403548551
4 13.41941941941942 0.938276720927107
4 13.438438438438439 0.9383652000264799
4 13.457457457457458 0.9384533789650645
4 13.476476476476478 0.9385412590475658
4 13.495495495495497 0.9386288415713537
4 13.514514514514515 0.9387161278265164
4 13.533533533533534 0.9388031190959101
4 13.552552552552553 0.9388898166552099
4 13.571571571571573 0.93897622177296
4 13.590590590590592 0.9390623357106253
4 13.609609609609612 0.9391481597226367
4 13.62862862862863 0.9392336950564446
4 13.647647647647648 0.9393189429525641
4 13.666666666666668 0.9394039046446258
4 13.685685685685687 0.9394885813594211
4 13.704704704704707 0.939572974316951
4 13.723723723723724 0.9396570847304734
4 13.742742742742744 0.9397409138065479
4 13.761761761761763 0.9398244627450846
4 13.780780780780782 0.9399077327393869
4 13.799799799799802 0.9399907249761997
4 13.81881881881882 0.9400734406357527
4 13.837837837837839 0.9401558808918056
4 13.856856856856858 0.9402380469116928
4 13.875875875875877 0.9403199398563665
4 13.894894894894897 0.9404015608804408
4 13.913913913913914 0.9404829111322356
4 13.932932932932934 0.9405639917538179
4 13.951951951951953 0.9406448038810454
4 13.970970970970972 0.9407253486436092
4 13.989989989989992 0.9408056271650742
4 14.00900900900901 0.9408856405629215
4 14.028028028028029 0.9409653899485894
4 14.047047047047048 0.9410448764275138
4 14.066066066066067 0.9411241010991701
4 14.085085085085087 0.9412030650571114
4 14.104104104104104 0.9412817693890096
4 14.123123123123124 0.9413602151766947
4 14.142142142142143 0.941438403496194
4 14.161161161161163 0.9415163354177708
4 14.180180180180182 0.9415940120059626
4 14.1991991991992 0.9416714343196205
4 14.218218218218219 0.9417486034119465
4 14.237237237237238 0.9418255203305301
4 14.256256256256258 0.9419021861173881
4 14.275275275275277 0.9419786018089993
4 14.294294294294295 0.9420547684363421
4 14.313313313313314 0.9421306870249316
4 14.332332332332333 0.942206358594855
4 14.351351351351353 0.9422817841608074
4 14.370370370370372 0.9423569647321283
4 14.38938938938939 0.9424319013128354
4 14.408408408408409 0.9425065949016613
4 14.427427427427428 0.9425810464920872
4 14.446446446446448 0.9426552570723776
4 14.465465465465467 0.9427292276256147
4 14.484484484484486 0.9428029591297323
4 14.503503503503504 0.9428764525575493
4 14.522522522522523 0.942949708876803
4 14.541541541541543 0.9430227290501831
4 14.560560560560562 0.9430955140353631
4 14.579579579579582 0.9431680647850343
4 14.598598598598599 0.9432403822469381
4 14.617617617617618 0.9433124673638965
4 14.636636636636638 0.9433843210738462
4 14.655655655655657 0.9434559443098686
4 14.674674674674677 0.9435273380002221
4 14.693693693693694 0.943598503068373
4 14.712712712712714 0.9436694404330257
4 14.731731731731733 0.9437401510081543
4 14.750750750750752 0.943810635703033
4 14.769769769769772 0.9438808954222654
4 14.78878878878879 0.9439509310658148
4 14.807807807807809 0.9440207435290352
4 14.826826826826828 0.944090333702699
4 14.845845845845847 0.9441597024730267
4 14.864864864864867 0.9442288507217165
4 14.883883883883884 0.9442977793259731
4 14.902902902902904 0.9443664891585355
4 14.921921921921923 0.9444349810877064
4 14.940940940940942 0.9445032559773797
4 14.959959959959962 0.9445713146870681
4 14.97897897897898 0.9446391580719323
4 14.997997997997999 0.9447067869828069
4 15.017017017017018 0.9447742022662281
4 15.036036036036037 0.9448414047644622
4 15.055055055055057 0.9449083953155301
4 15.074074074074074 0.9449751747532363
4 15.093093093093094 0.9450417439071935
4 15.112112112112113 0.9451081036028507
4 15.131131131131133 0.9451742546615177
4 15.150150150150152 0.9452401979003916
4 15.16916916916917 0.9453059341325832
4 15.188188188188189 0.9453714641671412
4 15.207207207207208 0.9454367888090784
4 15.226226226226228 0.9455019088593976
4 15.245245245245247 0.9455668251151137
4 15.264264264264266 0.9456315383692819
4 15.283283283283284 0.9456960494110198
4 15.302302302302303 0.9457603590255339
4 15.321321321321323 0.9458244679941408
4 15.340340340340342 0.9458883770942945
4 15.359359359359361 0.9459520870996084
4 15.378378378378379 0.946015598779879
4 15.397397397397398 0.9460789129011103
4 15.416416416416418 0.9461420302255358
4 15.435435435435437 0.9462049515116433
4 15.454454454454456 0.9462676775141967
4 15.473473473473474 0.9463302089842587
4 15.492492492492493 0.9463925466692141
4 15.511511511511513 0.9464546913127927
4 15.530530530530532 0.9465166436550896
4 15.549549549549551 0.9465784044325899
4 15.568568568568569 0.946639974378189
4 15.587587587587588 0.9467013542212144
4 15.606606606606608 0.946762544687449
4 15.625625625625627 0.9468235464991508
4 15.644644644644647 0.9468843603750745
4 15.663663663663664 0.9469523203178398
4 15.682682682682684 0.9470218542801206
4 15.701701701701703 0.9470911986769452
4 15.720720720720722 0.9471603542040077
4 15.739739739739742 0.9472293215536445
4 15.75875875875876 0.9472981014148562
4 15.777777777777779 0.9473666944733267
4 15.796796796796798 0.9474351014114444
4 15.815815815815817 0.9475033229083205
4 15.834834834834837 0.94757135963981
4 15.853853853853854 0.9476392122785301
4 15.872872872872874 0.9477068814938806
4 15.891891891891893 0.9477743679520625
4 15.910910910910912 0.9478416723160965
4 15.929929929929932 0.9479087952458441
4 15.94894894894895 0.9479757373980242
4 15.967967967967969 0.9480424994262325
4 15.986986986986988 0.9481090819809612
4 16.006006006006007 0.948175485709615
4 16.025025025025027 0.9482417112565321
4 16.044044044044046 0.948307759263001
4 16.063063063063062 0.9483736303672783
4 16.08208208208208 0.9484393252046069
4 16.1011011011011 0.948504844407234
4 16.12012012012012 0.9485701886044291
4 16.13913913913914 0.9486353584225008
4 16.15815815815816 0.9487003544848142
4 16.177177177177178 0.9487651774118088
4 16.196196196196198 0.9488298278210153
4 16.215215215215217 0.9488943063270728
4 16.234234234234236 0.9489586135417454
4 16.253253253253256 0.9490227500739397
4 16.272272272272275 0.9490867165297205
4 16.291291291291294 0.9491505135123285
4 16.310310310310314 0.9492141416221953
4 16.329329329329333 0.9492776014569619
4 16.34834834834835 0.9493408936114921
4 16.36736736736737 0.9494040186778914
4 16.386386386386388 0.9494669772455214
4 16.405405405405407 0.9495297699010157
4 16.424424424424426 0.9495923972282971
4 16.443443443443442 0.9496548598085904
4 16.46246246246246 0.9497171582204416
4 16.48148148148148 0.9497792930397306
4 16.5005005005005 0.9498412648396877
4 16.51951951951952 0.9499030741909086
4 16.53853853853854 0.9499647216613695
4 16.55755755755756 0.9500262078164422
4 16.576576576576578 0.9500875332189095
4 16.595595595595597 0.950148698428979
4 16.614614614614617 0.9502097040042985
4 16.633633633633636 0.9502705504999704
4 16.652652652652655 0.950331238468567
4 16.671671671671675 0.9503917684601441
4 16.690690690690694 0.950452141022254
4 16.709709709709713 0.950512356699963
4 16.72872872872873 0.9505724160358636
4 16.74774774774775 0.9506323195700879
4 16.766766766766768 0.9506920678403228
4 16.785785785785787 0.9507516613818231
4 16.804804804804807 0.9508111007274257
4 16.823823823823826 0.9508703864075632
4 16.842842842842842 0.9509295189502772
4 16.86186186186186 0.9509884988812319
4 16.88088088088088 0.9510473267237274
4 16.8998998998999 0.9511060029987134
4 16.91891891891892 0.9511645282248025
4 16.93793793793794 0.9512229029182814
4 16.956956956956958 0.951281127593127
4 16.975975975975977 0.951339202761017
4 16.994994994994997 0.9513971289313438
4 17.014014014014016 0.9514549066112266
4 17.033033033033036 0.9515125363055253
4 17.052052052052055 0.9515700185168515
4 17.07107107107107 0.9516273537455819
4 17.09009009009009 0.9516845424898713
4 17.10910910910911 0.9517415852456628
4 17.12812812812813 0.951798482506703
4 17.147147147147148 0.9518552347645519
4 17.166166166166168 0.9519118425085956
4 17.185185185185187 0.9519683062260599
4 17.204204204204206 0.9520246264020188
4 17.223223223223226 0.9520808035194102
4 17.242242242242245 0.9521368380590444
4 17.261261261261264 0.9521927304996183
4 17.28028028028028 0.9522484813177262
4 17.2992992992993 0.9523040909878698
4 17.31831831831832 0.9523595599824727
4 17.33733733733734 0.9524148887718891
4 17.356356356356358 0.9524700778244165
4 17.375375375375377 0.9525251276063063
4 17.394394394394396 0.9525800385817758
4 17.413413413413416 0.9526348112130186
4 17.432432432432435 0.9526894459602152
4 17.451451451451454 0.9527439432815457
4 17.47047047047047 0.9527983036331985
4 17.48948948948949 0.952852527469383
4 17.50850850850851 0.952906615242339
4 17.52752752752753 0.952960567402348
4 17.546546546546548 0.9530143843977438
4 17.565565565565567 0.9530680666749226
4 17.584584584584587 0.9531216146783543
4 17.603603603603606 0.9531750288505925
4 17.622622622622625 0.9532283096322834
4 17.641641641641645 0.9532814574621792
4 17.66066066066066 0.9533344727771454
4 17.67967967967968 0.953387356012172
4 17.6986986986987 0.9534401076003842
4 17.71771771771772 0.9534927279730514
4 17.736736736736738 0.9535452175595975
4 17.755755755755757 0.9535975767876111
4 17.774774774774777 0.9536498060828545
4 17.793793793793796 0.9537019058692744
4 17.812812812812815 0.9537538765690111
4 17.831831831831835 0.953805718602408
4 17.85085085085085 0.9538574323880215
4 17.86986986986987 0.9539090183426301
4 17.88888888888889 0.9539604768812444
4 17.90790790790791 0.954011808417116
4 17.926926926926928 0.9540630133617471
4 17.945945945945947 0.9541140921248993
4 17.964964964964967 0.9541650451146036
4 17.983983983983986 0.9542158727371685
4 18.003003003003005 0.9542665753971903
4 18.022022022022025 0.9543171534975614
4 18.04104104104104 0.9543676074394788
4 18.06006006006006 0.9544179376224541
4 18.07907907907908 0.9544681444443219
4 18.0980980980981 0.9545182283012484
4 18.117117117117118 0.95456818958774
4 18.136136136136138 0.954618028696653
4 18.155155155155157 0.9546677460192008
4 18.174174174174176 0.9547173419449634
4 18.193193193193196 0.9547668168618962
4 18.212212212212215 0.9548161711563374
4 18.231231231231234 0.9548654052130173
4 18.25025025025025 0.9549145194150667
4 18.26926926926927 0.9549635141440245
4 18.28828828828829 0.9550123897798464
4 18.30730730730731 0.9550611467009132
4 18.326326326326328 0.9551097852840392
4 18.345345345345347 0.9551583059044795
4 18.364364364364366 0.9552067089359387
4 18.383383383383386 0.9552549947505791
4 18.402402402402405 0.9553031637190277
4 18.421421421421424 0.9553512162103852
4 18.44044044044044 0.955399152592233
4 18.45945945945946 0.9554469732306423
4 18.47847847847848 0.9554946784901794
4 18.4974974974975 0.9555422687339172
4 18.516516516516518 0.9555897443234384
4 18.535535535535537 0.9556371056188466
4 18.554554554554556 0.955684352978773
4 18.573573573573576 0.9557314867603827
4 18.592592592592595 0.9557785073193834
4 18.611611611611615 0.955825415010033
4 18.63063063063063 0.9558722101851462
4 18.64964964964965 0.9559188931961017
4 18.66866866866867 0.9559654643928505
4 18.68768768768769 0.9560119241239229
4 18.706706706706708 0.956058272736435
4 18.725725725725727 0.9561045105760959
4 18.744744744744747 0.9561506379872163
4 18.763763763763766 0.956196655312714
4 18.782782782782785 0.9562425628941212
4 18.801801801801805 0.9562883610715921
4 18.82082082082082 0.9563340501839096
4 18.83983983983984 0.9563796305684917
4 18.85885885885886 0.9564251025613993
4 18.87787787787788 0.9564704664973428
4 18.896896896896898 0.9565157227096873
4 18.915915915915917 0.9565608715304622
4 18.934934934934937 0.9566059132903654
4 18.953953953953956 0.9566508483187716
4 18.972972972972975 0.9566956769437372
4 18.991991991991995 0.9567403994920097
4 19.011011011011014 0.9567850162890309
4 19.03003003003003 0.9568295276589459
4 19.04904904904905 0.9568739339246086
4 19.06806806806807 0.9569182354075876
4 19.087087087087088 0.9569624324281737
4 19.106106106106107 0.9570065253053862
4 19.125125125125127 0.9570505143569777
4 19.144144144144146 0.9570943998994426
4 19.163163163163166 0.9571381822480212
4 19.182182182182185 0.9571818617167076
4 19.201201201201204 0.9572254386182547
4 19.22022022022022 0.9572689132641813
4 19.23923923923924 0.9573122859647771
4 19.25825825825826 0.9573555570291101
4 19.27727727727728 0.9573987267650308
4 19.296296296296298 0.9574417954791805
4 19.315315315315317 0.957484763476995
4 19.334334334334336 0.957527631062712
4 19.353353353353356 0.9575703985393764
4 19.372372372372375 0.9576130662088462
4 19.391391391391394 0.9576556343717986
4 19.41041041041041 0.9576981033277351
4 19.42942942942943 0.957740473374988
4 19.44844844844845 0.9577827448107259
4 19.46746746746747 0.957824917930959
4 19.486486486486488 0.9578669930305452
4 19.505505505505507 0.9579089704031952
4 19.524524524524526 0.9579508503414788
4 19.543543543543546 0.95799263313683
4 19.562562562562565 0.9580343190795519
4 19.581581581581585 0.9580759084588242
4 19.6006006006006 0.9581174015627059
4 19.61961961961962 0.9581587986781427
4 19.63863863863864 0.9582001000909718
4 19.65765765765766 0.9582413060859272
4 19.676676676676678 0.9582824169466451
4 19.695695695695697 0.9583234329556688
4 19.714714714714717 0.9583643543944553
4 19.733733733733736 0.9584051815433783
4 19.752752752752755 0.9584459146817352
4 19.771771771771775 0.958486554087752
4 19.790790790790794 0.9585271000385879
4 19.80980980980981 0.9585675528103407
4 19.82882882882883 0.9586079126780517
4 19.84784784784785 0.9586481799157112
4 19.866866866866868 0.9586883547962627
4 19.885885885885887 0.9587284375916094
4 19.904904904904907 0.9587684285726172
4 19.923923923923926 0.9588083280091211
4 19.942942942942945 0.9588481361699296
4 19.961961961961965 0.9588878533228296
4 19.980980980980984 0.9589274797345912
4 20.0 0.9589670156709731
