2 1.0 0.0
2 1.019019019019019 0.0186640473006586
2 1.038038038038038 0.036644165747113294
2 1.057057057057057 0.05397727272339252
2 1.0760760760760761 0.07069767428531065
2 1.095095095095095 0.08683729415727377
2 1.1141141141141142 0.10242587617939286
2 1.1331331331331331 0.11749116604048222
2 1.1521521521521523 0.13205907936589667
2 1.1711711711711712 0.14615384596910796
2 1.1901901901901901 0.15979814994059516
2 1.2092092092092093 0.17301324508627142
2 1.2282282282282282 0.18581907102438103
2 1.2472472472472473 0.19823435003421597
2 1.2662662662662663 0.21027667985190024
2 1.2852852852852852 0.22196261673573262
2 1.3043043043043043 0.2333077511436073
2 1.3233233233233235 0.24432677755290838
2 1.3423423423423424 0.25503355715957926
2 1.3613613613613613 0.26544117645306314
2 1.3803803803803805 0.27556200137364767
2 1.3993993993993994 0.2854077251927719
2 1.4184184184184185 0.29498941433372183
2 1.4374374374374375 0.3043175487924051
2 1.4564564564564564 0.3134020619802162
2 1.4754754754754755 0.3222523745781264
2 1.4944944944944947 0.33087742810737675
2 1.5135135135135136 0.33928571413144737
2 1.5325325325325325 0.34748530374923653
2 1.5515515515515514 0.35548387076137233
2 1.5705705705705706 0.3632887190060331
2 1.5895895895895897 0.3709068008262101
2 1.6086086086086087 0.3783447417531855
2 1.6276276276276276 0.38560885602293665
2 1.6466466466466467 0.39270516713924436
2 1.6656656656656659 0.3996394228413446
2 1.6846846846846848 0.4064171123419489
2 1.7037037037037037 0.41304347828971016
2 1.7227227227227226 0.4195235327528115
2 1.7417417417417418 0.42586206906429597
2 1.760760760760761 0.43206367249126015
2 1.7797797797797799 0.43813273336510533
2 1.7987987987987988 0.4440734557739395
2 1.817817817817818 0.449889867887947
2 1.8368368368368369 0.45558583102134054
2 1.855855855855856 0.46116504866851404
2 1.874874874874875 0.46663107301974494
2 1.8938938938938938 0.4719873148971511
2 1.912912912912913 0.47723704880543305
2 1.9319319319319321 0.48238341948504065
2 1.950950950950951 0.48742945089496303
2 1.96996996996997 0.49237804873589314
2 1.9889889889889891 0.4972320079254942
2 2.008008008008008 0.5019940179345209
2 2.027027027027027 0.5066666667540972
2 2.046046046046046 0.5112524461180371
2 2.065065065065065 0.5157537566853614
2 2.0840840840840844 0.5201729107616849
2 2.103103103103103 0.5245121371063237
2 2.1221221221221223 0.5287735848422765
2 2.141141141141141 0.5329593267579441
2 2.16016016016016 0.5370713624844062
2 2.1791791791791795 0.5411116216856025
2 2.1981981981981984 0.5450819672582349
2 2.2172172172172173 0.5489841985456047
2 2.2362362362362362 0.552820053750321
2 2.255255255255255 0.5565912116429931
2 2.2742742742742745 0.5602992957904988
2 2.2932932932932935 0.5639458751601881
2 2.3123123123123124 0.5675324675856981
2 2.3313313313313317 0.5710605409757167
2 2.3503503503503502 0.574531516099029
2 2.3693693693693696 0.5779467680038741
2 2.3883883883883885 0.5813076276909802
2 2.4074074074074074 0.5846153845565721
2 2.426426426426427 0.5878712871583929
2 2.4454454454454453 0.5910765451470045
2 2.4644644644644647 0.594232331462661
2 2.4834834834834836 0.5973397822910353
2 2.5025025025025025 0.6004000000404753
2 2.521521521521522 0.6034140533374124
2 2.5405405405405403 0.6063829788062387
2 2.5595595595595597 0.6093077824967447
2 2.5785785785785786 0.6121894409898575
2 2.5975975975975976 0.6150289017150381
2 2.616616616616617 0.6178270848728105
2 2.635635635635636 0.6205848840913417
2 2.6546546546546548 0.6233031674908226
2 2.6736736736736737 0.6259827779995363
2 2.6926926926926926 0.6286245352816734
2 2.711711711711712 0.6312292359466712
2 2.730730730730731 0.6337976540458772
2 2.74974974974975 0.6363305424642741
2 2.768768768768769 0.6388286334447274
2 2.7877877877877877 0.6412926392041556
2 2.806806806806807 0.6437232526017429
2 2.825825825825826 0.6461211476767129
2 2.844844844844845 0.6484869809581085
2 2.8638638638638643 0.6508213912050271
2 2.8828828828828827 0.6531250000854414
2 2.901901901901902 0.6553984132034715
2 2.920920920920921 0.6576422207166808
2 2.93993993993994 0.6598569970346253
2 2.9589589589589593 0.6620433018066317
2 2.9779779779779783 0.6642016806657896
2 2.996996996996997 0.666332665360665
2 3.016016016016016 0.6684367739577726
2 3.035035035035035 0.6705145118282632
2 3.0540540540540544 0.672566371770757
2 3.0730730730730733 0.6745928337986032
2 3.0920920920920922 0.6765943670825517
2 3.111111111111111 0.678571428499161
2 3.13013013013013 0.6805244644394904
2 3.1491491491491495 0.6824539096622355
2 3.1681681681681684 0.6843601896245919
2 3.1871871871871873 0.686243718537847
2 3.206206206206206 0.6881049016341511
2 3.2252252252252256 0.6899441340402772
2 3.2442442442442445 0.6917618019536366
2 3.2632632632632634 0.6935582821972535
2 3.2822822822822824 0.6953339431729281
2 3.3013013013013013 0.6970891449818116
2 3.3203203203203207 0.6988242387353281
2 3.3393393393393396 0.7005395683253702
2 3.3583583583583585 0.7022354694817112
2 3.3773773773773774 0.7039122702992744
2 3.396396396396397 0.7055702917249765
2 3.4154154154154157 0.7072098476175236
2 3.4344344344344346 0.7088312445827404
2 3.4534534534534536 0.7104347825674499
2 3.4724724724724725 0.7120207552280494
2 3.491491491491492 0.7135894495242382
2 3.5105105105105108 0.7151411463622122
2 3.5295295295295297 0.7166761201711536
2 3.5485485485485486 0.7181946403782306
2 3.567567567567568 0.7196969698148912
2 3.586586586586587 0.7211833658807497
2 3.605605605605606 0.7226540810942682
2 3.6246246246246248 0.72410936206906
2 3.6436436436436437 0.7255494505527199
2 3.662662662662663 0.726974583153496
2 3.681681681681682 0.7283849917927947
2 3.700700700700701 0.729780903465915
2 3.71971971971972 0.731162540271672
2 3.738738738738739 0.732530120446405
2 3.757757757757758 0.7338838571597815
2 3.776776776776777 0.7352239596439425
2 3.795795795795796 0.7365506329228413
2 3.814814814814815 0.7378640776661752
2 3.8338338338338342 0.7391644909255662
2 3.852852852852853 0.7404520654294664
2 3.871871871871872 0.7417269907147741
2 3.890890890890891 0.7429894520173744
2 3.90990990990991 0.7442396312515827
2 3.9289289289289293 0.7454777070481062
2 3.9479479479479482 0.7467038539100523
2 3.966966966966967 0.7479182436899202
2 3.985985985985986 0.7491210447144553
2 4.005005005005005 0.7503124218574344
2 4.024024024024024 0.7514925373137469
2 4.043043043043044 0.752661549871635
2 4.062062062062062 0.7538196155880437
2 4.081081081081081 0.7549668873829151
2 4.1001001001001 0.7561035155876047
2 4.119119119119119 0.757229647567628
2 4.138138138138139 0.7583454281373584
2 4.157157157157157 0.7594509993048971
2 4.176176176176177 0.7605465004488232
2 4.195195195195195 0.7616320686948802
2 4.2142142142142145 0.7627078384929493
2 4.233233233233234 0.7637739417942452
2 4.252252252252252 0.7648305084791882
2 4.271271271271272 0.7658776657835391
2 4.29029029029029 0.7669155389634784
2 4.3093093093093096 0.7679442508675763
2 4.328328328328329 0.7689639222501542
2 4.347347347347347 0.7699746719120327
2 4.366366366366367 0.7709766162825412
2 4.385385385385385 0.7719698699169104
2 4.404404404404405 0.772954545526806
2 4.423423423423424 0.7739307535710102
2 4.442442442442443 0.7748986029911478
2 4.461461461461462 0.7758582006044359
2 4.48048048048048 0.7768096514826989
2 4.4994994994995 0.7777530589418026
2 4.518518518518519 0.7786885246103589
2 4.537537537537538 0.7796161483027215
2 4.556556556556557 0.7805360281048455
2 4.575575575575575 0.7814482607531874
2 4.594594594594595 0.7823529411448116
2 4.613613613613614 0.783250162688195
2 4.6326326326326335 0.7841400173203059
2 4.651651651651652 0.7850225952473536
2 4.67067067067067 0.7858979854235296
2 4.68968968968969 0.7867662753249274
2 4.708708708708709 0.7876275510137727
2 4.7277277277277285 0.7884818970955343
2 4.746746746746747 0.7893293969313856
2 4.7657657657657655 0.7901701323189645
2 4.784784784784785 0.7910041840980767
2 4.803803803803804 0.791831631542583
2 4.822822822822824 0.792652553019387
2 4.841841841841842 0.7934670250579671
2 4.8608608608608606 0.7942751235925245
2 4.87987987987988 0.7950769230905781
2 4.898898898898899 0.7958724969908885
2 4.917917917917919 0.796661917394418
2 4.936936936936937 0.7974452555359282
2 4.9559559559559565 0.7982225813485158
2 4.974974974974975 0.7989939637469071
2 4.993993993993994 0.7997594707994955
2 5.013013013013014 0.8005191693007933
2 5.032032032032032 0.8012731251249232
2 5.051051051051052 0.8020214030970746
2 5.07007007007007 0.8027640671568786
2 5.089089089089089 0.8035011801606541
2 5.108108108108109 0.8042328042575934
2 5.127127127127127 0.8049590003787567
2 5.146146146146147 0.8056798288054479
2 5.165165165165165 0.8063953488679318
2 5.1841841841841845 0.8071056188001641
2 5.203203203203204 0.8078106964268399
2 5.222222222222222 0.8085106382622554
2 5.241241241241242 0.8092055003692871
2 5.26026026026026 0.8098953378121881
2 5.2792792792792795 0.8105802048091879
2 5.298298298298299 0.8112601548710139
2 5.317317317317317 0.811935240929205
2 5.336336336336337 0.8126055149211261
2 5.355355355355356 0.813271028039143
2 5.374374374374375 0.8139318308658587
2 5.393393393393394 0.8145879732602426
2 5.412412412412412 0.8152395043647732
2 5.431431431431432 0.8158864725201157
2 5.450450450450451 0.8165289256529595
2 5.46946946946947 0.8171669106771072
2 5.488488488488489 0.8178004742526516
2 5.5075075075075075 0.8184296619041973
2 5.526526526526527 0.8190545190872629
2 5.545545545545546 0.8196750902190694
2 5.564564564564565 0.820291419363574
2 5.583583583583584 0.8209035496840824
2 5.602602602602603 0.8215115240735916
2 5.621621621621622 0.8221153845971237
2 5.640640640640641 0.8227151730422184
2 5.65965965965966 0.8233109303208228
2 5.678678678678679 0.8239026969728549
2 5.6976976976976985 0.8244905130222041
2 5.716716716716717 0.8250744178583547
2 5.735735735735736 0.8256544502479841
2 5.754754754754755 0.8262306488420236
2 5.773773773773774 0.8268030513355543
2 5.792792792792794 0.8273716951801401
2 5.811811811811812 0.8279366172824209
2 5.830830830830831 0.8284978540583136
2 5.84984984984985 0.8290554414442427
2 5.868868868868869 0.8296094149725434
2 5.887887887887889 0.830159809653754
2 5.906906906906907 0.8307066598519633
2 5.9259259259259265 0.8312500000127918
2 5.944944944944945 0.8317898635932902
2 5.963963963963964 0.8323262840016287
2 5.982982982982984 0.8328592939285627
2 6.002002002002002 0.8333889259968801
2 6.0210210210210215 0.8339152119704714
2 6.04004004004004 0.8344381836560681
2 6.059059059059059 0.834957872134797
2 6.078078078078079 0.8354743082652659
2 6.097097097097097 0.835987522560628
2 6.116116116116117 0.8364975450019285
2 6.135135135135136 0.8370044053036341
2 6.1541541541541545 0.8375081326962864
2 6.173173173173174 0.8380087563017923
2 6.192192192192192 0.8385063045808093
2 6.211211211211212 0.8390008057862992
2 6.230230230230231 0.8394922879157731
2 6.2492492492492495 0.8399807784710513
2 6.268268268268269 0.8404663047125801
2 6.287287287287287 0.8409488935243304
2 6.306306306306307 0.8414285714676782
2 6.325325325325326 0.8419053647728114
2 6.344344344344345 0.8423792995021205
2 6.363363363363364 0.8428504011226268
2 6.382382382382382 0.843318695120528
2 6.401401401401402 0.8437842064162199
2 6.420420420420421 0.8442469597508659
2 6.43943943943944 0.8447069796283003
2 6.458458458458459 0.8451642901103199
2 6.477477477477478 0.8456189151684909
2 6.496496496496497 0.8460708782751318
2 6.515515515515516 0.8465202028126598
2 6.534534534534535 0.8469669117097129
2 6.553553553553554 0.8474110279540502
2 6.572572572572573 0.8478525739064765
2 6.591591591591592 0.8482915717245295
2 6.610610610610611 0.8487280436059824
2 6.62962962962963 0.8491620112079233
2 6.648648648648649 0.8495934959285745
2 6.6676676676676685 0.8500225191236295
2 6.686686686686687 0.8504491017964771
2 6.705705705705706 0.8508732647047316
2 6.724724724724725 0.851295028324403
2 6.743743743743744 0.8517144129334213
2 6.762762762762764 0.8521314386829786
2 6.781781781781782 0.8525461254574638
2 6.800800800800801 0.8529584928239097
2 6.81981981981982 0.8533685601176378
2 6.838838838838839 0.8537763465688868
2 6.857857857857859 0.8541818712801196
2 6.876876876876877 0.8545851528611166
2 6.8958958958958965 0.8549862099019603
2 6.914914914914916 0.8553850607814573
2 6.933933933933934 0.8557817236739452
2 6.952952952952954 0.8561762165551999
2 6.971971971971972 0.8565685570333651
2 6.9909909909909915 0.8569587628778528
2 7.010010010010011 0.8573468513711187
2 7.029029029029029 0.8577328396490964
2 7.048048048048049 0.8581167447855497
2 7.067067067067067 0.8584985835590202
2 7.086086086086087 0.8588783726629163
2 7.105105105105106 0.8592561285158973
2 7.124124124124124 0.8596318673701877
2 7.143143143143144 0.8600056053899149
2 7.162162162162162 0.8603773584832025
2 7.181181181181182 0.860747142434934
2 7.200200200200201 0.861114972854717
2 7.2192192192192195 0.861480865203495
2 7.238238238238239 0.8618448347330366
2 7.257257257257257 0.8622068965611375
2 7.276276276276277 0.8625670656157162
2 7.295295295295296 0.8629253567222394
2 7.314314314314315 0.8632817846242721
2 7.333333333333334 0.8636363636493689
2 7.352352352352353 0.8639891082332279
2 7.371371371371372 0.8643400325883308
2 7.390390390390391 0.864689150752147
2 7.40940940940941 0.8650364765988547
2 7.428428428428429 0.8653820239546137
2 7.447447447447448 0.8657258064613057
2 7.466466466466467 0.866067837533429
2 7.485485485485486 0.8664081304814287
2 7.504504504504505 0.8667466986791569
2 7.523523523523524 0.867083555046161
2 7.542542542542543 0.8674187127084875
2 7.561561561561562 0.8677521842838178
2 7.580580580580581 0.8680839826173821
2 7.5995995995996 0.8684141200870926
2 7.618618618618619 0.8687426093815999
2 7.6376376376376385 0.8690694626530092
2 7.656656656656657 0.8693946921533441
2 7.675675675675676 0.8697183098432911
2 7.694694694694695 0.8700403278009999
2 7.713713713713714 0.8703607578681252
2 7.7327327327327335 0.8706796116468718
2 7.751751751751752 0.8709969008322854
2 7.770770770770771 0.8713126368880643
2 7.789789789789791 0.8716268311356967
2 7.808808808808809 0.8719394949600524
2 7.827827827827829 0.8722506393455294
2 7.846846846846847 0.8725602755943603
2 7.8658658658658664 0.8728684143202793
2 7.884884884884886 0.8731750666631496
2 7.903903903903904 0.8734802431754489
2 7.922922922922924 0.8737839544886036
2 7.941941941941942 0.8740862112182884
2 7.9609609609609615 0.8743870237958501
2 7.979979979979981 0.8746864024089114
2 7.998998998998999 0.8749843574080828
2 8.018018018018019 0.8752808989030673
2 8.037037037037038 0.8755760368560725
2 8.056056056056057 0.8758697812892559
2 8.075075075075077 0.8761621420675032
2 8.094094094094094 0.8764531288367616
2 8.113113113113114 0.8767427513844576
2 8.132132132132133 0.8770310192203058
2 8.15115115115115 0.877317941791405
2 8.17017017017017 0.8776035285694747
2 8.18918918918919 0.8778877887620437
2 8.208208208208209 0.8781707317041824
2 8.227227227227228 0.8784523664669888
2 8.246246246246248 0.8787327021241574
2 8.265265265265267 0.8790117476332923
2 8.284284284284285 0.879289511843461
2 8.303303303303304 0.879566003646353
2 8.322322322322323 0.8798412316353464
2 8.34134134134134 0.8801152046081894
2 8.36036036036036 0.880387931020751
2 8.37937937937938 0.8806594194582458
2 8.398398398398399 0.8809296782080069
2 8.417417417417418 0.8811987156358206
2 8.436436436436438 0.8814665401089199
2 8.455455455455457 0.8817331597127954
2 8.474474474474475 0.8819985825684106
2 8.493493493493494 0.8822628167354154
2 8.512512512512513 0.8825258701422795
2 8.531531531531531 0.8827877507806032
2 8.55055055055055 0.8830484663621279
2 8.56956956956957 0.8833080247733497
2 8.588588588588589 0.88356643356346
2 8.607607607607608 0.8838237004188263
2 8.626626626626628 0.8840798329306242
2 8.645645645645647 0.884334838486318
2 8.664664664664667 0.8845887246019606
2 8.683683683683684 0.8848414985385595
2 8.702702702702704 0.8850931676860654
2 8.721721721721721 0.885343739249022
2 8.74074074074074 0.8855932203666385
2 8.75975975975976 0.8858416181157597
2 8.77877877877878 0.8860889395565424
2 8.797797797797799 0.8863351917345973
2 8.816816816816818 0.8865803814716163
2 8.835835835835837 0.8868245156616068
2 8.854854854854857 0.8870676011595872
2 8.873873873873874 0.8873096446868682
2 8.892892892892894 0.8875506528543168
2 8.911911911911913 0.8877906323568806
2 8.93093093093093 0.8880295898194762
2 8.94994994994995 0.8882675315528739
2 8.96896896896897 0.8885044643105799
2 8.987987987987989 0.8887403942456858
2 9.007007007007008 0.888975327848813
2 9.026026026026027 0.8892092713843104
2 9.045045045045045 0.8894422310732691
2 9.064064064064064 0.8896742131507736
2 9.083083083083084 0.8899052237118313
2 9.102102102102103 0.8901352689000771
2 9.121121121121122 0.8903643547089104
2 9.14014014014014 0.8905924871193945
2 9.15915915915916 0.890819672135075
2 9.178178178178179 0.8910459156029875
2 9.197197197197198 0.8912712233344644
2 9.216216216216218 0.8914956011997981
2 9.235235235235235 0.891719054840632
2 9.254254254254255 0.8919415900662574
2 9.273273273273274 0.8921632124305945
2 9.292292292292293 0.8923839276005463
2 9.311311311311313 0.8926037411472543
2 9.33033033033033 0.892822658496194
2 9.34934934934935 0.8930406852415835
2 9.368368368368369 0.8932578267138271
2 9.387387387387388 0.8934740883065556
2 9.406406406406408 0.8936894753727184
2 9.425425425425425 0.8939039931874304
2 9.444444444444445 0.8941176470414156
2 9.463463463463464 0.8943304421237652
2 9.482482482482483 0.8945423836065705
2 9.501501501501503 0.894753476635162
2 9.52052052052052 0.8949637262349357
2 9.53953953953954 0.8951731374725256
2 9.558558558558559 0.8953817153629862
2 9.577577577577578 0.8955894648757428
2 9.596596596596598 0.895796390945936
2 9.615615615615617 0.8960024984547056
2 9.634634634634635 0.8962077922012867
2 9.653653653653654 0.8964122770404079
2 9.672672672672673 0.8966159577913737
2 9.691691691691693 0.8968188391094547
2 9.710710710710712 0.8970209256716026
2 9.72972972972973 0.8972222222189371
2 9.74874874874875 0.8974227333020987
2 9.767767767767769 0.8976224636036638
2 9.786786786786788 0.8978214176133502
2 9.805805805805807 0.8980195998407645
2 9.824824824824825 0.8982170147971564
2 9.843843843843844 0.8984136668813744
2 9.862862862862864 0.8986095605289148
2 9.881881881881883 0.8988047001752554
2 9.900900900900902 0.8989990901017542
2 9.91991991991992 0.8991927346319041
2 9.93893893893894 0.8993856379927486
2 9.957957957957959 0.8995778045796069
2 9.976976976976978 0.8997692384721899
2 9.995995995995997 0.8999599439370403
2 10.015015015015015 0.9001499250381698
2 10.034034034034034 0.9003391859604666
2 10.053053053053054 0.9005277307571998
2 10.072072072072073 0.9007155635295812
2 10.091091091091092 0.9009026882381996
2 10.11011011011011 0.9010891089109175
2 10.12912912912913 0.901274829523874
2 10.148148148148149 0.9014598540171427
2 10.167167167167168 0.9016441862873505
2 10.186186186186188 0.9018278301741289
2 10.205205205205205 0.9020107896182746
2 10.224224224224224 0.9021930683243808
2 10.243243243243244 0.9023746702018753
2 10.262262262262263 0.9025555988867106
2 10.281281281281283 0.9027358582441587
2 10.3003003003003 0.902915451898565
2 10.31931931931932 0.9030943835419296
2 10.338338338338339 0.9032726568448248
2 10.357357357357358 0.9034502754601832
2 10.376376376376378 0.9036272429134543
2 10.395395395395397 0.9038035628084811
2 10.414414414414415 0.9039792387434175
2 10.433433433433434 0.9041542741941819
2 10.452452452452453 0.9043286726803305
2 10.471471471471473 0.9045024376303774
2 10.490490490490492 0.9046755725243085
2 10.50950950950951 0.9048480807764295
2 10.528528528528529 0.9050199657768653
2 10.547547547547548 0.9051912309218066
2 10.566566566566568 0.9053618795128823
2 10.585585585585587 0.9055319148915744
2 10.604604604604605 0.9057013403939853
2 10.623623623623624 0.9058701592337464
2 10.642642642642643 0.9060383747360192
2 10.661661661661663 0.9062059900760694
2 10.680680680680682 0.9063730084307143
2 10.6996996996997 0.9065394330685064
2 10.71871871871872 0.9067052671134986
2 10.737737737737739 0.9068705136526666
2 10.756756756756758 0.9070351758961573
2 10.775775775775777 0.9071992568709092
2 10.794794794794795 0.9073627596732764
2 10.813813813813814 0.9075256873346157
2 10.832832832832834 0.9076880428382397
2 10.851851851851853 0.9078498293698114
2 10.870870870870872 0.9080110496895761
2 10.88988988988989 0.908171706925288
2 10.90890890890891 0.9083318039659283
2 10.927927927927929 0.9084913438063573
2 10.946946946946948 0.9086503291877794
2 10.965965965965967 0.90880876313472
2 10.984984984984985 0.9089666484115574
2 11.004004004004004 0.9091239879946228
2 11.023023023023024 0.9092807845936756
2 11.042042042042043 0.9094370410485191
2 11.061061061061062 0.9095927601826633
2 11.08008008008008 0.9097479447143807
2 11.0990990990991 0.909902597400619
2 11.118118118118119 0.9100567210042115
2 11.137137137137138 0.9102103181817689
2 11.156156156156158 0.9103633916615701
2 11.175175175175177 0.910515944118336
2 11.194194194194194 0.910667978173355
2 11.213213213213214 0.9108194965281847
2 11.232232232232233 0.9109705017307123
2 11.251251251251253 0.9111209964380185
2 11.270270270270272 0.911270983232874
2 11.28928928928929 0.9114204646357964
2 11.308308308308309 0.9115694432320074
2 11.327327327327328 0.9117179215157774
2 11.346346346346348 0.9118659020760752
2 11.365365365365367 0.9120133873516326
2 11.384384384384385 0.9121603798229976
2 11.403403403403404 0.9123068820179364
2 11.422422422422423 0.9124528963199139
2 11.441441441441443 0.9125984252095865
2 11.460460460460462 0.9127434710506755
2 11.47947947947948 0.91288803627815
2 11.498498498498499 0.9130321232594433
2 11.517517517517518 0.9131757343994708
2 11.536536536536538 0.9133188720031434
2 11.555555555555557 0.9134615384554285
2 11.574574574574575 0.9136037360589222
2 11.593593593593594 0.9137454671005806
2 11.612612612612613 0.91388673393304
2 11.631631631631633 0.9140275387005408
2 11.650650650650652 0.9141678838145156
2 11.66966966966967 0.91430777148336
2 11.68868868868869 0.9144472039256801
2 11.707707707707709 0.9145861833424095
2 11.726726726726728 0.9147247119118829
2 11.745745745745747 0.9148627918663776
2 11.764764764764765 0.9150004254004449
2 11.783783783783784 0.9151376146585303
2 11.802802802802804 0.9152743617865455
2 11.821821821821823 0.9154106689417466
2 11.840840840840842 0.9155465381336308
2 11.85985985985986 0.9156819716262217
2 11.87887887887888 0.9158169714063431
2 11.897897897897899 0.9159515396252225
2 11.916916916916918 0.9160856782835309
2 11.935935935935937 0.9162193894436245
2 11.954954954954957 0.9163526751791861
2 11.973973973973974 0.9164855375369223
2 11.992992992992994 0.9166179784844122
2 12.012012012012013 0.9167500000000641
2 12.031031031031032 0.9168816041346518
2 12.050050050050052 0.9170127928309232
2 12.06906906906907 0.9171435680544194
2 12.088088088088089 0.9172739317610894
2 12.107107107107108 0.9174038859122687
2 12.126126126126128 0.9175334323931642
2 12.145145145145147 0.9176625731491782
2 12.164164164164164 0.9177913100615323
2 12.183183183183184 0.9179196450559417
2 12.202202202202203 0.9180475800053524
2 12.221221221221223 0.9181751167301518
2 12.240240240240242 0.9183022571165007
2 12.25925925925926 0.9184290030430062
2 12.278278278278279 0.918555356270062
2 12.297297297297298 0.9186813186935101
2 12.316316316316318 0.9188068920658438
2 12.335335335335337 0.9189320782098643
2 12.354354354354355 0.9190568789403557
2 12.373373373373374 0.9191812960181635
2 12.392392392392393 0.9193053311632927
2 12.411411411411413 0.9194289862051541
2 12.430430430430432 0.9195522628403885
2 12.44944944944945 0.9196751628377581
2 12.468468468468469 0.9197976878551071
2 12.487487487487488 0.919919839694821
2 12.506506506506508 0.9200416200013395
2 12.525525525525527 0.9201630304619002
2 12.544544544544545 0.9202840727753577
2 12.563563563563564 0.9204047486190078
2 12.582582582582583 0.9205250596463742
2 12.601601601601603 0.9206450075520182
2 12.620620620620622 0.920764593909914
2 12.63963963963964 0.9208838203796226
2 12.65865865865866 0.9210026885995387
2 12.677677677677679 0.9211212001566574
2 12.696696696696698 0.9212393566663676
2 12.715715715715717 0.9213571597365354
2 12.734734734734735 0.9214746108901981
2 12.753753753753754 0.9215917117997505
2 12.772772772772774 0.921708463969437
2 12.791791791791793 0.9218248689353372
2 12.810810810810812 0.9219409282967426
2 12.829829829829832 0.9220566435185065
2 12.84884884884885 0.9221720162198953
2 12.867867867867869 0.9222870478601207
2 12.886886886886888 0.9224017399411395
2 12.905905905905907 0.9225160939866772
2 12.924924924924927 0.9226301115041001
2 12.943943943943944 0.9227437939915056
2 12.962962962962964 0.9228571428397323
2 12.981981981981983 0.9229701596043183
2 13.001001001001002 0.9230828456893816
2 13.020020020020022 0.9231952025742173
2 13.03903903903904 0.9233072317083111
2 13.058058058058059 0.9234189344449939
2 13.077077077077078 0.9235303123082402
2 13.096096096096097 0.9236413666480262
2 13.115115115115117 0.9237520989182726
2 13.134134134134134 0.9238625104772508
2 13.153153153153154 0.9239726027441619
2 13.172172172172173 0.9240823770966196
2 13.191191191191193 0.9241918348740011
2 13.210210210210212 0.924300977489741
2 13.22922922922923 0.9244098062925431
2 13.248248248248249 0.9245183226421845
2 13.267267267267268 0.9246265278377283
2 13.286286286286288 0.9247344232681621
2 13.305305305305307 0.9248420102156921
2 13.324324324324325 0.9249492900678352
2 13.343343343343344 0.9250562640501072
2 13.362362362362363 0.925162933533262
2 13.381381381381383 0.9252692998265968
2 13.400400400400402 0.9253753641376554
2 13.41941941941942 0.9254811278461413
2 13.438438438438439 0.925586592171522
2 13.457457457457458 0.9256917583917674
2 13.476476476476478 0.925796627791621
2 13.495495495495497 0.9259012016169433
2 13.514514514514515 0.9260054810880773
2 13.533533533533534 0.9261094674583638
2 13.552552552552553 0.9262131619759066
2 13.571571571571573 0.9263165658822314
2 13.590590590590592 0.9264196803324266
2 13.609609609609612 0.9265225066049344
2 13.62862862862863 0.9266250459173863
2 13.647647647647648 0.9267272993933232
2 13.666666666666668 0.9268292682942555
2 13.685685685685687 0.9269309537856802
2 13.704704704704707 0.9270323570173215
2 13.723723723723724 0.9271334792208777
2 13.742742742742744 0.927234321508419
2 13.761761761761763 0.9273348850575717
2 13.780780780780782 0.9274351710674693
2 13.799799799799802 0.9275351806022054
2 13.81881881881882 0.9276349148684258
2 13.837837837837839 0.9277343750217064
2 13.856856856856858 0.9278335620831702
2 13.875875875875877 0.927932477283503
2 13.894894894894897 0.9280311216756516
2 13.913913913913914 0.9281294963800102
2 13.932932932932934 0.9282276025708688
2 13.951951951951953 0.9283254412611884
2 13.970970970970972 0.9284230135282636
2 13.989989989989992 0.9285203205365918
2 14.00900900900901 0.9286173633416795
2 14.028028028028029 0.9287141430113651
2 14.047047047047048 0.9288106605812613
2 14.066066066066067 0.9289069171665363
2 14.085085085085087 0.9290029137923991
2 14.104104104104104 0.9290986515281582
2 14.123123123123124 0.9291941313990735
2 14.142142142142143 0.9292893544790276
2 14.161161161161163 0.9293843217679986
2 14.180180180180182 0.9294790343143021
2 14.1991991991992 0.9295734931262764
2 14.218218218218219 0.9296676992546105
2 14.237237237237238 0.9297616536675969
2 14.256256256256258 0.929855357388114
2 14.275275275275277 0.9299488114442516
2 14.294294294294295 0.9300420168098491
2 14.313313313313314 0.9301349744766748
2 14.332332332332333 0.930227685450387
2 14.351351351351353 0.9303201506477032
2 14.370370370370372 0.9304123711376885
2 14.38938938938939 0.930504347814348
2 14.408408408408409 0.9305960816806089
2 14.427427427427428 0.9306875737291532
2 14.446446446446448 0.9307788248194842
2 14.465465465465467 0.9308698359894019
2 14.484484484484486 0.9309606081578323
2 14.503503503503504 0.9310511422394266
2 14.522522522522523 0.9311414391882432
2 14.541541541541543 0.9312314999729805
2 14.560560560560562 0.9313213254458251
2 14.579579579579582 0.9314109165807918
2 14.598598598598599 0.9315002742887869
2 14.617617617617618 0.9315893994404068
2 14.636636636636638 0.9316782929872469
2 14.655655655655657 0.9317669558073809
2 14.674674674674677 0.9318553888163899
2 14.693693693693694 0.9319435928880424
2 14.712712712712714 0.9320315689268862
2 14.731731731731733 0.9321193178168697
2 14.750750750750752 0.9322068404125244
2 14.769769769769772 0.9322941375879273
2 14.78878878878879 0.9323812102240251
2 14.807807807807809 0.9324680592352437
2 14.826826826826828 0.9325546853894597
2 14.845845845845847 0.9326410895974439
2 14.864864864864867 0.9327272727039022
2 14.883883883883884 0.9328132355712218
2 14.902902902902904 0.9328989790463201
2 14.921921921921923 0.9329845039066216
2 14.940940940940942 0.933069811061362
2 14.959959959959962 0.9331549013060013
2 14.97897897897898 0.9332397754433283
2 14.997997997997999 0.9333244343424787
2 15.017017017017018 0.9334088788277454
2 15.036036036036037 0.9334931096427074
2 15.055055055055057 0.9335771276457776
2 15.074074074074074 0.9336609336609336
2 15.093093093093094 0.9337445284419217
2 15.112112112112113 0.933827912825997
2 15.131131131131133 0.9339110876058404
2 15.150150150150152 0.9339940535250283
2 15.16916916916917 0.9340768114079545
2 15.188188188188189 0.9341593620230367
2 15.207207207207208 0.9342417061611499
2 15.226226226226228 0.9343238445873856
2 15.245245245245247 0.9344057780848355
2 15.264264264264266 0.9344875073704783
2 15.283283283283284 0.9345690332601946
2 15.302302302302303 0.9346503565178469
2 15.321321321321323 0.9347314778385798
2 15.340340340340342 0.9348123980414293
2 15.359359359359361 0.9348931178210134
2 15.378378378378379 0.9349736379448842
2 15.397397397397398 0.935053959187899
2 15.416416416416418 0.9351340822017742
2 15.435435435435437 0.935214007768197
2 15.454454454454456 0.9352937366539205
2 15.473473473473474 0.9353732695099755
2 15.492492492492493 0.9354526070931132
2 15.511511511511513 0.935531750117737
2 15.530530530530532 0.935610699327783
2 15.549549549549551 0.9356894553962485
2 15.568568568568569 0.9357680190273954
2 15.587587587587588 0.9358463909527688
2 15.606606606606608 0.9359245718666765
2 15.625625625625627 0.9360025624642454
2 15.644644644644647 0.9360803634206751
2 15.663663663663664 0.9361579754605156
2 15.682682682682684 0.9362353992538182
2 15.701701701701703 0.9363126354676439
2 15.720720720720722 0.9363896848116526
2 15.739739739739742 0.9364665479349329
2 15.75875875875876 0.936543225568485
2 15.777777777777779 0.9366197183053988
2 15.796796796796798 0.9366960268511103
2 15.815815815815817 0.9367721519067798
2 15.834834834834837 0.9368480940571512
2 15.853853853853854 0.9369238540010036
2 15.872872872872874 0.9369994324463828
2 15.891891891891893 0.9370748299351145
2 15.910910910910912 0.9371500471799052
2 15.929929929929932 0.9372250848204452
2 15.94894894894895 0.9372999435206548
2 15.967967967967969 0.9373746238757455
2 15.986986986986988 0.9374491265234526
2 16.006006006006007 0.9375234521580591
2 16.025025025025027 0.9375976013439504
2 16.044044044044046 0.9376715747382175
2 16.063063063063062 0.9377453729597823
2 16.08208208208208 0.9378189966454543
2 16.1011011011011 0.9378924463865578
2 16.12012012012012 0.9379657228179356
2 16.13913913913914 0.9380388265242223
2 16.15815815815816 0.9381117581490294
2 16.177177177177178 0.9381845182869203
2 16.196196196196198 0.9382571075453399
2 16.215215215215217 0.9383295265096903
2 16.234234234234236 0.9384017758038803
2 16.253253253253256 0.9384738560029442
2 16.272272272272275 0.9385457677298995
2 16.291291291291294 0.938617511512271
2 16.310310310310314 0.9386890880149354
2 16.329329329329333 0.9387604977585959
2 16.34834834834835 0.9388317413787198
2 16.36736736736737 0.9389028193961821
2 16.386386386386388 0.9389737324460549
2 16.405405405405407 0.9390444810597185
2 16.424424424424426 0.9391150658351457
2 16.443443443443442 0.9391854873083842
2 16.46246246246246 0.9392557460789339
2 16.48148148148148 0.9393258427030753
2 16.5005005005005 0.9393957777048971
2 16.51951951951952 0.9394655517037452
2 16.53853853853854 0.9395351652165167
2 16.55755755755756 0.9396046188059104
2 16.576576576576578 0.9396739130264741
2 16.595595595595597 0.9397430484310977
2 16.614614614614617 0.9398120255479202
2 16.633633633633636 0.9398808449209306
2 16.652652652652655 0.9399495070988111
2 16.671671671671675 0.9400180126288523
2 16.690690690690694 0.9400863620114309
2 16.709709709709713 0.9401545558045443
2 16.72872872872873 0.9402225945470618
2 16.74774774774775 0.9402904787632443
2 16.766766766766768 0.9403582089429773
2 16.785785785785787 0.9404257856747817
2 16.804804804804807 0.9404932094291857
2 16.823823823823826 0.940560480771236
2 16.842842842842842 0.9406276001504621
2 16.86186186186186 0.9406945681456224
2 16.88088088088088 0.9407613852057296
2 16.8998998998999 0.9408280518912633
2 16.91891891891892 0.9408945686791458
2 16.93793793793794 0.9409609361078571
2 16.956956956956958 0.9410271546738196
2 16.975975975975977 0.9410932248298732
2 16.994994994994997 0.9411591471275482
2 17.014014014014016 0.9412249220433756
2 17.033033033033036 0.9412905500710451
2 17.052052052052055 0.941356031699479
2 17.07107107107107 0.9414213674225801
2 17.09009009009009 0.9414865577285251
2 17.10910910910911 0.9415516030822054
2 17.12812812812813 0.9416165039993294
2 17.147147147147148 0.9416812609594747
2 17.166166166166168 0.9417458743940098
2 17.185185185185187 0.9418103448309897
2 17.204204204204206 0.9418746727186634
2 17.223223223223226 0.9419388585390532
2 17.242242242242245 0.9420029027578751
2 17.261261261261264 0.9420668058455115
2 17.28028028028028 0.9421305682699915
2 17.2992992992993 0.9421941904755857
2 17.31831831831832 0.9422576729706506
2 17.33733733733734 0.942321016154132
2 17.356356356356358 0.9423842205510282
2 17.375375375375377 0.9424472865621593
2 17.394394394394396 0.9425102146480869
2 17.413413413413416 0.9425730052848038
2 17.432432432432435 0.9426356589260882
2 17.451451451451454 0.9426981759712266
2 17.47047047047047 0.9427605569142891
2 17.48948948948949 0.9428228022028405
2 17.50850850850851 0.9428849122434367
2 17.52752752752753 0.9429468874769573
2 17.546546546546548 0.9430087283745029
2 17.565565565565567 0.9430704353762621
2 17.584584584584587 0.9431320088781135
2 17.603603603603606 0.9431934493405956
2 17.622622622622625 0.9432547571588406
2 17.641641641641645 0.9433159328153556
2 17.66066066066066 0.9433769767127953
2 17.67967967967968 0.943437889266814
2 17.6986986986987 0.9434986709114405
2 17.71771771771772 0.9435593220291125
2 17.736736736736738 0.943619843132038
2 17.755755755755757 0.9436802345202702
2 17.774774774774777 0.9437404967180364
2 17.793793793793796 0.9438006300661796
2 17.812812812812815 0.9438606350103449
2 17.831831831831835 0.9439205119515782
2 17.85085085085085 0.9439802613169124
2 17.86986986986987 0.9440398834870037
2 17.88888888888889 0.9440993788716373
2 17.90790790790791 0.9441587479249582
2 17.926926926926928 0.944217990975383
2 17.945945945945947 0.9442771084404209
2 17.964964964964967 0.9443361007392258
2 17.983983983983986 0.9443949682767797
2 18.003003003003005 0.9444537114192898
2 18.022022022022025 0.9445123305904647
2 18.04104104104104 0.9445708261605095
2 18.06006006006006 0.9446291985486294
2 18.07907907907908 0.9446874480882445
2 18.0980980980981 0.944745575230724
2 18.117117117117118 0.9448035803111549
2 18.136136136136138 0.9448614637415476
2 18.155155155155157 0.9449192259008876
2 18.174174174174176 0.9449768671557796
2 18.193193193193196 0.9450343878955836
2 18.212212212212215 0.9450917885014778
2 18.231231231231234 0.9451490693362898
2 18.25025025025025 0.9452062307989437
2 18.26926926926927 0.945263273243845
2 18.28828828828829 0.9453201970498128
2 18.30730730730731 0.9453770025848083
2 18.326326326326328 0.9454336901926386
2 18.345345345345347 0.9454902602767488
2 18.364364364364366 0.9455467131755826
2 18.383383383383386 0.9456030492759034
2 18.402402402402405 0.9456592689175815
2 18.421421421421424 0.9457153724855177
2 18.44044044044044 0.9457713603313973
2 18.45945945945946 0.9458272327886157
2 18.47847847847848 0.9458829902315123
2 18.4974974974975 0.9459386330435211
2 18.516516516516518 0.9459941615383696
2 18.535535535535537 0.9460495760774407
2 18.554554554554556 0.9461048769965104
2 18.573573573573576 0.9461600646761978
2 18.592592592592595 0.9462151394352356
2 18.611611611611615 0.9462701016580037
2 18.63063063063063 0.9463249516393157
2 18.64964964964965 0.9463796897717573
2 18.66866866866867 0.9464343163600903
2 18.68768768768769 0.9464888317380813
2 18.706706706706708 0.9465432362973737
2 18.725725725725727 0.9465975303469614
2 18.744744744744747 0.9466517142091344
2 18.763763763763766 0.9467057882012364
2 18.782782782782785 0.9467597527365124
2 18.801801801801805 0.9468136080262556
2 18.82082082082082 0.9468673545442385
2 18.83983983983984 0.9469209925168207
2 18.85885885885886 0.9469745222869115
2 18.87787787787788 0.9470279442161665
2 18.896896896896898 0.9470812585871122
2 18.915915915915917 0.9471344657953492
2 18.934934934934937 0.9471875660812819
2 18.953953953953956 0.9472405598153412
2 18.972972972972975 0.9472934473058823
2 18.991991991991995 0.947346228839138
2 19.011011011011014 0.9473989047966754
2 19.03003003003003 0.9474514754501515
2 19.04904904904905 0.9475039411439143
2 19.06806806806807 0.9475563021709686
2 19.087087087087088 0.9476085588511741
2 19.106106106106107 0.947660711474664
2 19.125125125125127 0.9477127603969996
2 19.144144144144146 0.9477647058800835
2 19.163163163163166 0.9478165482772805
2 19.182182182182185 0.9478682878514766
2 19.201201201201204 0.9479199249321271
2 19.22022022022022 0.9479714598301024
2 19.23923923923924 0.9480228928152444
2 19.25825825825826 0.948074224230338
2 19.27727727727728 0.9481254543721194
2 19.296296296296298 0.948176583479789
2 19.315315315315317 0.9482276119486047
2 19.334334334334336 0.9482785399861707
2 19.353353353353356 0.9483293679526965
2 19.372372372372375 0.9483800961208919
2 19.391391391391394 0.9484307247665741
2 19.41041041041041 0.9484812542023764
2 19.42942942942943 0.948531684700622
2 19.44844844844845 0.9485820165683546
2 19.46746746746747 0.9486322501108371
2 19.486486486486488 0.9486823855841972
2 19.505505505505507 0.948732423277345
2 19.524524524524526 0.9487823634957908
2 19.543543543543546 0.9488322065119509
2 19.562562562562565 0.9488819526139537
2 19.581581581581585 0.9489316020995157
2 19.6006006006006 0.9489811551978454
2 19.61961961961962 0.9490306122356068
2 19.63863863863864 0.9490799734932128
2 19.65765765765766 0.9491292392206626
2 19.676676676676678 0.9491784097350484
2 19.695695695695697 0.9492274852569433
2 19.714714714714717 0.9492764661035951
2 19.733733733733736 0.9493253525466671
2 19.752752752752755 0.9493741448431648
2 19.771771771771775 0.9494228432554909
2 19.790790790790794 0.9494714480866517
2 19.80980980980981 0.9495199595829251
2 19.82882882882883 0.9495683780084592
2 19.84784784784785 0.9496167036577299
2 19.866866866866868 0.9496649367516516
2 19.885885885885887 0.9497130776021964
2 19.904904904904907 0.9497611264825172
2 19.923923923923926 0.94980908361175
2 19.942942942942945 0.9498569492632399
2 19.961961961961965 0.9499047236927707
2 19.980980980980984 0.9499524071684164
2 20.0 0.9500000000131839
