3 1.0 0.0
3 1.019019019019019 0.01949348626860925
3 1.038038038038038 0.03825689907455166
3 1.057057057057057 0.05632966149244148
3 1.0760760760760761 0.07374840974324333
3 1.095095095095095 0.09054784957859727
3 1.1141141141141142 0.10676315188199181
3 1.1331331331331331 0.12242124712834311
3 1.1521521521521523 0.1375497419953621
3 1.1711711711711712 0.1521744501010133
3 1.1901901901901901 0.16631953526660917
3 1.2092092092092093 0.18000764126003166
3 1.2282282282282282 0.19326613050404332
3 1.2472472472472473 0.20611137316578684
3 1.2662662662662663 0.2185605512044884
3 1.2852852852852852 0.23063125686541627
3 1.3043043043043043 0.24234005642845377
3 1.3233233233233235 0.2537025639343018
3 1.3423423423423424 0.2647335086431243
3 1.3613613613613613 0.2754532095156149
3 1.3803803803803805 0.285873020155349
3 1.3993993993993994 0.2960014906127041
3 1.4184184184184185 0.3058503480192177
3 1.4374374374374375 0.315430698945885
3 1.4564564564564564 0.32475306992051145
3 1.4754754754754755 0.3338274448114238
3 1.4944944944944947 0.3426632993566973
3 1.5135135135135136 0.35127551846347016
3 1.5325325325325325 0.35967377542098067
3 1.5515515515515514 0.36785976563523476
3 1.5705705705705706 0.3758412064267304
3 1.5895895895895897 0.38362544583854313
3 1.6086086086086087 0.3912194844664319
3 1.6276276276276276 0.3986299957584214
3 1.6466466466466467 0.4058633449075993
3 1.6656656656656659 0.41292560645057685
3 1.6846846846846848 0.41982457350014657
3 1.7037037037037037 0.42657596520497915
3 1.7227227227227226 0.4331733337170485
3 1.7417417417417418 0.4396217290502782
3 1.760760760760761 0.44592598306965875
3 1.7797797797797799 0.452090721146976
3 1.7987987987987988 0.45812037307710457
3 1.817817817817818 0.46401918330903147
3 1.8368368368368369 0.46979122054126793
3 1.855855855855856 0.4754403867272536
3 1.874874874874875 0.4809704255326455
3 1.8938938938938938 0.4863900860955791
3 1.912912912912913 0.49170769877350123
3 1.9319319319319321 0.4969168509530803
3 1.950950950950951 0.5020207178820428
3 1.96996996996997 0.5070223522151168
3 1.9889889889889891 0.5119246898751991
3 2.008008008008008 0.5167305555814414
3 2.027027027027027 0.5214426680661226
3 2.046046046046046 0.5260636450005569
3 2.065065065065065 0.5305960076488043
3 2.0840840840840844 0.5350421852665613
3 2.103103103103103 0.5394045192613705
3 2.1221221221221223 0.5436852671291201
3 2.141141141141141 0.5478973860377947
3 2.16016016016016 0.552037186704564
3 2.1791791791791795 0.5561019247125268
3 2.1981981981981984 0.5600935507120476
3 2.2172172172172173 0.5640139484414579
3 2.2362362362362362 0.5678649375724074
3 2.255255255255255 0.5716482764112457
3 2.2742742742742745 0.5753656644648547
3 2.2932932932932935 0.5790187448788072
3 2.3123123123123124 0.5826091067552004
3 2.3313313313313317 0.5861382873570354
3 2.3503503503503502 0.5896077742055699
3 2.3693693693693696 0.5930190070766547
3 2.3883883883883885 0.5963733799016929
3 2.4074074074074074 0.5996722425784852
3 2.426426426426427 0.602927225035946
3 2.4454454454454453 0.6061347951717465
3 2.4644644644644647 0.6092908098384922
3 2.4834834834834836 0.6123964550882305
3 2.5025025025025025 0.6154528809277408
3 2.521521521521522 0.6184612026778882
3 2.5405405405405403 0.6214225022719225
3 2.5595595595595597 0.6243378294958933
3 2.5785785785785786 0.6272082031741713
3 2.5975975975975976 0.6300346123028862
3 2.616616616616617 0.6328180171339373
3 2.635635635635636 0.6355593502120678
3 2.6546546546546548 0.6382595173673591
3 2.6736736736736737 0.6409193986653643
3 2.6926926926926926 0.6435398493169776
3 2.711711711711712 0.646121700550011
3 2.730730730730731 0.6486657604443519
3 2.74974974974975 0.6511728147324607
3 2.768768768768769 0.6536511564736243
3 2.7877877877877877 0.6561020298628572
3 2.806806806806807 0.6585182316053952
3 2.825825825825826 0.6609004628154049
3 2.844844844844845 0.6632494058642242
3 2.8638638638638643 0.6655657250027037
3 2.8828828828828827 0.6678500669589134
3 2.901901901901902 0.6701030615123452
3 2.920920920920921 0.6723253220456843
3 2.93993993993994 0.6745174460751597
3 2.9589589589589593 0.6766800157604452
3 2.9779779779779783 0.6788135983950194
3 2.996996996996997 0.6809187468778533
3 3.016016016016016 0.6829960001672546
3 3.035035035035035 0.6850458837176439
3 3.0540540540540544 0.6870689099000141
3 3.0730730730730733 0.6890655784067746
3 3.0920920920920922 0.6910363766416538
3 3.111111111111111 0.6929817800953041
3 3.13013013013013 0.6949022527072076
3 3.1491491491491495 0.6967982472144738
3 3.1681681681681684 0.6986702054880685
3 3.1871871871871873 0.7005196586795355
3 3.206206206206206 0.7023597745311281
3 3.2252252252252256 0.704177185295769
3 3.2442442442442445 0.7059722909524306
3 3.2632632632632634 0.7077454821587871
3 3.2822822822822824 0.7094971405212622
3 3.3013013013013013 0.7112276388557464
3 3.3203203203203207 0.7129373414393514
3 3.3393393393393396 0.7146266042535618
3 3.3583583583583585 0.7162957752191265
3 3.3773773773773774 0.7179451944230099
3 3.396396396396397 0.719575194337722
3 3.4154154154154157 0.7211861000333172
3 3.4344344344344346 0.7227782293823505
3 3.4534534534534536 0.724351893258061
3 3.4724724724724725 0.7259073957260427
3 3.491491491491492 0.7274450342296497
3 3.5105105105105108 0.7289650997693771
3 3.5295295295295297 0.7304678770764385
3 3.5485485485485486 0.7319536447807655
3 3.567567567567568 0.7334226755736298
3 3.586586586586587 0.734875236365095
3 3.605605605605606 0.7363115884364805
3 3.6246246246246248 0.7377319875880308
3 3.6436436436436437 0.7391366842819544
3 3.662662662662663 0.7405259237810109
3 3.681681681681682 0.7418999462827993
3 3.700700700700701 0.7432589870499068
3 3.71971971971972 0.7446032765360643
3 3.738738738738739 0.7459431909778715
3 3.757757757757758 0.7472727539976495
3 3.776776776776777 0.7485882701947374
3 3.795795795795796 0.7498899511068329
3 3.814814814814815 0.7511780040547766
3 3.8338338338338342 0.7524526322471428
3 3.852852852852853 0.7537140348817324
3 3.871871871871872 0.7549624072440779
3 3.890890890890891 0.7561979408030548
3 3.90990990990991 0.7574208233037062
3 3.9289289289289293 0.7586312388573683
3 3.9479479479479482 0.7598293680291938
3 3.966966966966967 0.7610153879231562
3 3.985985985985986 0.7621894722646192
3 4.005005005005005 0.7633517914805558
3 4.024024024024024 0.7645025127774908
3 4.043043043043044 0.7656418002172448
3 4.062062062062062 0.7667698147905488
3 4.081081081081081 0.7678867144886011
3 4.1001001001001 0.7689926543726335
3 4.119119119119119 0.7700877866415491
3 4.138138138138139 0.7711722606976942
3 4.157157157157157 0.7722462232108268
3 4.176176176176177 0.7733098181803366
3 4.195195195195195 0.7743631869957702
3 4.2142142142142145 0.7754064684957219
3 4.233233233233234 0.7764397990251308
3 4.252252252252252 0.7774633124910472
3 4.271271271271272 0.7784771404169035
3 4.29029029029029 0.7794814119953443
3 4.3093093093093096 0.780476254139657
3 4.328328328328329 0.7814617915338469
3 4.347347347347347 0.7824381466813959
3 4.366366366366367 0.7834054399527496
3 4.385385385385385 0.7843637896315669
3 4.404404404404405 0.7853133119597729
3 4.423423423423424 0.786254121181446
3 4.442442442442443 0.7871952064274912
3 4.461461461461462 0.7881318693121424
3 4.48048048048048 0.7890601733307673
3 4.4994994994995 0.7899802246932139
3 4.518518518518519 0.7908921278218966
3 4.537537537537538 0.7917959853892528
3 4.556556556556557 0.792691898354267
3 4.575575575575575 0.7935799659980768
3 4.594594594594595 0.794460285958699
3 4.613613613613614 0.7953329542648964
3 4.6326326326326335 0.7961980653692089
3 4.651651651651652 0.7970557121801762
3 4.67067067067067 0.7979059860937705
3 4.68968968968969 0.7987489770240683
3 4.708708708708709 0.7995847734331734
3 4.7277277277277285 0.800413462360424
3 4.746746746746747 0.8012351294508925
3 4.7657657657657655 0.8020498589832052
3 4.784784784784785 0.8028577338966991
3 4.803803803803804 0.8036588358179302
3 4.822822822822824 0.80445324508656
3 4.841841841841842 0.8052410407806276
3 4.8608608608608606 0.8060223007412283
3 4.87987987987988 0.8067971015966192
3 4.898898898898899 0.8075655187857588
3 4.917917917917919 0.8083276265813034
3 4.936936936936937 0.8090834981120698
3 4.9559559559559565 0.8098332053849829
3 4.974974974974975 0.8105768193065178
3 4.993993993993994 0.8113144097036532
3 5.013013013013014 0.8120460453443478
3 5.032032032032032 0.8127717939575522
3 5.051051051051052 0.8134917222527674
3 5.07007007007007 0.8142058959391661
3 5.089089089089089 0.8149143797442814
3 5.108108108108109 0.8156172374322812
3 5.127127127127127 0.8163145318218346
3 5.146146146146147 0.8170063248035812
3 5.165165165165165 0.8176926773572168
3 5.1841841841841845 0.8183736495682008
3 5.203203203203204 0.8190493006440969
3 5.222222222222222 0.8197196889305608
3 5.241241241241242 0.8203848719269731
3 5.26026026026026 0.8210449063017398
3 5.2792792792792795 0.8216998479072571
3 5.298298298298299 0.8223497517945572
3 5.317317317317317 0.822994672227637
3 5.336336336336337 0.8236346626974833
3 5.355355355355356 0.8242697759357969
3 5.374374374374375 0.8249000639284246
3 5.393393393393394 0.825528223255055
3 5.412412412412412 0.8261605452188711
3 5.431431431431432 0.8267882052325467
3 5.450450450450451 0.8274112522028064
3 5.46946946946947 0.8280297343564292
3 5.488488488488489 0.8286436992520276
3 5.5075075075075075 0.8292531937915841
3 5.526526526526527 0.8298582642317501
3 5.545545545545546 0.8304589561949105
3 5.564564564564565 0.8310553146800224
3 5.583583583583584 0.8316473840732335
3 5.602602602602603 0.832235208158281
3 5.621621621621622 0.8328188301266843
3 5.640640640640641 0.8333982925877249
3 5.65965965965966 0.8339736375782326
3 5.678678678678679 0.8345449065721682
3 5.6976976976976985 0.8351121404900187
3 5.716716716716717 0.8356753797080037
3 5.735735735735736 0.8362346640670982
3 5.754754754754755 0.8367900328818755
3 5.773773773773774 0.8373415249491802
3 5.792792792792794 0.8378891785566218
3 5.811811811811812 0.838433031490911
3 5.830830830830831 0.838973121046025
3 5.84984984984985 0.839509484031219
3 5.868868868868869 0.8400421567788788
3 5.887887887887889 0.8405711751522225
3 5.906906906906907 0.8410965745528524
3 5.9259259259259265 0.841618389928163
3 5.944944944944945 0.842136655778606
3 5.963963963963964 0.8426514061648153
3 5.982982982982984 0.8431626747145978
3 6.002002002002002 0.8436704946297907
3 6.0210210210210215 0.8441748986929881
3 6.04004004004004 0.8446759192741412
3 6.059059059059059 0.8451735883370348
3 6.078078078078079 0.8456679374456398
3 6.097097097097097 0.8461589977703513
3 6.116116116116117 0.8466468000941041
3 6.135135135135136 0.84713137481838
3 6.1541541541541545 0.8476127519691019
3 6.173173173173174 0.848090961202417
3 6.192192192192192 0.8485660318103758
3 6.211211211211212 0.8490379927265066
3 6.230230230230231 0.849506872531286
3 6.2492492492492495 0.849972699457512
3 6.268268268268269 0.8504355013955769
3 6.287287287287287 0.850895305898647
3 6.306306306306307 0.8513521401877461
3 6.325325325325326 0.8518060311567491
3 6.344344344344345 0.8522570053772843
3 6.363363363363364 0.8527050891035505
3 6.382382382382382 0.8531503082770423
3 6.401401401401402 0.8535926885311996
3 6.420420420420421 0.8540322551959663
3 6.43943943943944 0.8544690333022739
3 6.458458458458459 0.8549030475864414
3 6.477477477477478 0.8553343224945019
3 6.496496496496497 0.8557628821864511
3 6.515515515515516 0.8561887505404201
3 6.534534534534535 0.8566119511567784
3 6.553553553553554 0.8570325073621626
3 6.572572572572573 0.8574504422134378
3 6.591591591591592 0.8578657785015874
3 6.610610610610611 0.8582785387555384
3 6.62962962962963 0.8586887452459201
3 6.648648648648649 0.8590964199887565
3 6.6676676676676685 0.8595015847490985
3 6.686686686686687 0.8599042610445922
3 6.705705705705706 0.8603044701489865
3 6.724724724724725 0.8607022330955819
3 6.743743743743744 0.8610975706806204
3 6.762762762762764 0.8614905034666194
3 6.781781781781782 0.8618849082168507
3 6.800800800800801 0.8622829853609453
3 6.81981981981982 0.8626787227666897
3 6.838838838838839 0.8630721399978476
3 6.857857857857859 0.863463256401257
3 6.876876876876877 0.8638520911098313
3 6.8958958958958965 0.8642386630455083
3 6.914914914914916 0.8646229909221526
3 6.933933933933934 0.865005093248407
3 6.952952952952954 0.8653849883305019
3 6.971971971971972 0.8657626942750137
3 6.9909909909909915 0.8661382289915814
3 7.010010010010011 0.8665116101955782
3 7.029029029029029 0.866882855410739
3 7.048048048048049 0.8672519819717456
3 7.067067067067067 0.8676190070267726
3 7.086086086086087 0.8679839475399874
3 7.105105105105106 0.8683468202940144
3 7.124124124124124 0.868707641892358
3 7.143143143143144 0.8690664287617871
3 7.162162162162162 0.8694231971546801
3 7.181181181181182 0.8697779631513365
3 7.200200200200201 0.870130742662248
3 7.2192192192192195 0.8704815514303352
3 7.238238238238239 0.8708304050331491
3 7.257257257257257 0.8711773188850378
3 7.276276276276277 0.8715223082392802
3 7.295295295295296 0.8718653881901842
3 7.314314314314315 0.872206573675153
3 7.333333333333334 0.8725458794767216
3 7.352352352352353 0.8728833202245586
3 7.371371371371372 0.8732189103974368
3 7.390390390390391 0.8735526643251775
3 7.40940940940941 0.8738845961905595
3 7.428428428428429 0.8742147200312026
3 7.447447447447448 0.8745430497414213
3 7.466466466466467 0.8748695990740486
3 7.485485485485486 0.8751943816422338
3 7.504504504504505 0.8755174109212129
3 7.523523523523524 0.8758387002500513
3 7.542542542542543 0.8761582628333605
3 7.561561561561562 0.8764761117429879
3 7.580580580580581 0.8767922599196836
3 7.5995995995996 0.8771067201747405
3 7.618618618618619 0.877419505191609
3 7.6376376376376385 0.8777306275274893
3 7.656656656656657 0.8780400996148997
3 7.675675675675676 0.8783479337632202
3 7.694694694694695 0.878654142160215
3 7.713713713713714 0.8789587368735305
3 7.7327327327327335 0.8792617298521748
3 7.751751751751752 0.879563132927969
3 7.770770770770771 0.8798629578169856
3 7.789789789789791 0.8801612161209579
3 7.808808808808809 0.8804579193286743
3 7.827827827827829 0.8807530788173491
3 7.846846846846847 0.881046705853975
3 7.8658658658658664 0.8813388115966554
3 7.884884884884886 0.8816294070959183
3 7.903903903903904 0.8819185032960088
3 7.922922922922924 0.8822061110361659
3 7.941941941941942 0.8824922410518791
3 7.9609609609609615 0.8827769039761283
3 7.979979979979981 0.8830601103406046
3 7.998998998998999 0.8833418705769138
3 8.018018018018019 0.8836221950177646
3 8.037037037037038 0.8839010938981384
3 8.056056056056057 0.8841785773564407
3 8.075075075075077 0.8844546554356416
3 8.094094094094094 0.8847293380843944
3 8.113113113113114 0.8850026351581416
3 8.132132132132133 0.8852745564202054
3 8.15115115115115 0.8855451115428616
3 8.17017017017017 0.8858143101083994
3 8.18918918918919 0.886082161610166
3 8.208208208208209 0.8863486754535975
3 8.227227227227228 0.8866138609572333
3 8.246246246246248 0.886877727353721
3 8.265265265265267 0.8871402837908019
3 8.284284284284285 0.8874015393322856
3 8.303303303303304 0.8876615029590125
3 8.322322322322323 0.8879201835698007
3 8.34134134134134 0.8881775899823823
3 8.36036036036036 0.8884337309343237
3 8.37937937937938 0.8886886150839352
3 8.398398398398399 0.8889422510111709
3 8.417417417417418 0.8891946472185108
3 8.436436436436438 0.8894458121318364
3 8.455455455455457 0.8896957541012894
3 8.474474474474475 0.8899444814021241
3 8.493493493493494 0.8901920022355444
3 8.512512512512513 0.8904383247295304
3 8.531531531531531 0.8906834569396556
3 8.55055055055055 0.8909274068498914
3 8.56956956956957 0.8911701823734015
3 8.588588588588589 0.8914117913533264
3 8.607607607607608 0.8916522415635557
3 8.626626626626628 0.8918915407094925
3 8.645645645645647 0.8921296964288061
3 8.664664664664667 0.8923667162921751
3 8.683683683683684 0.8926026078040207
3 8.702702702702704 0.8928373784032316
3 8.721721721721721 0.893071035463877
3 8.74074074074074 0.893303586295913
3 8.75975975975976 0.8935350381458774
3 8.77877877877878 0.893765398197577
3 8.797797797797799 0.8939946735727653
3 8.816816816816818 0.8942228713318126
3 8.835835835835837 0.8944499984743647
3 8.854854854854857 0.8946760619399973
3 8.873873873873874 0.8949010686088563
3 8.892892892892894 0.8951250253022971
3 8.911911911911913 0.8953479387835087
3 8.93093093093093 0.895569815758134
3 8.94994994994995 0.8957906628748816
3 8.96896896896897 0.8960180609029638
3 8.987987987987989 0.8962449010093065
3 9.007007007007008 0.8964707320094035
3 9.026026026026027 0.8966955602960609
3 9.045045045045045 0.8969193922083402
3 9.064064064064064 0.897142234032123
3 9.083083083083084 0.8973640920006685
3 9.102102102102103 0.8975849722951611
3 9.121121121121122 0.897804881045255
3 9.14014014014014 0.89802382432961
3 9.15915915915916 0.8982418081764207
3 9.178178178178179 0.8984588385639394
3 9.197197197197198 0.8986749214209925
3 9.216216216216218 0.8988900626274898
3 9.235235235235235 0.8991042680149294
3 9.254254254254255 0.8993175433668952
3 9.273273273273274 0.8995298944195458
3 9.292292292292293 0.8997413268621031
3 9.311311311311313 0.8999518463373293
3 9.33033033033033 0.9001614584420012
3 9.34934934934935 0.9003701687273791
3 9.368368368368369 0.9005779826996652
3 9.387387387387388 0.9007849058204644
3 9.406406406406408 0.9009909435072331
3 9.425425425425425 0.9011961011337233
3 9.444444444444445 0.9014003840304251
3 9.463463463463464 0.9016037974849995
3 9.482482482482483 0.9018063467427099
3 9.501501501501503 0.9020080370068433
3 9.52052052052052 0.9022088734391328
3 9.53953953953954 0.9024088611601703
3 9.558558558558559 0.9026080052498157
3 9.577577577577578 0.9028063107476005
3 9.596596596596598 0.9030037826531304
3 9.615615615615617 0.9032004259264762
3 9.634634634634635 0.903396245488567
3 9.653653653653654 0.9035912462215743
3 9.672672672672673 0.9037854329692931
3 9.691691691691693 0.9039788105375196
3 9.710710710710712 0.9041713836944213
3 9.72972972972973 0.9043631571709065
3 9.74874874874875 0.9045541356609864
3 9.767767767767769 0.9047443238221358
3 9.786786786786788 0.9049337262756466
3 9.805805805805807 0.9051223476069793
3 9.824824824824825 0.9053101923661098
3 9.843843843843844 0.9054972650678725
3 9.862862862862864 0.9056835701922987
3 9.881881881881883 0.9058691121849508
3 9.900900900900902 0.9060538954572547
3 9.91991991991992 0.9062379243868265
3 9.93893893893894 0.9064212033177953
3 9.957957957957959 0.906603736561124
3 9.976976976976978 0.906785528394925
3 9.995995995995997 0.906966583064772
3 10.015015015015015 0.9071469047840102
3 10.034034034034034 0.9073264977340602
3 10.053053053053054 0.9075053660647217
3 10.072072072072073 0.9076835138944703
3 10.091091091091092 0.9078609453107548
3 10.11011011011011 0.9080376643702863
3 10.12912912912913 0.9082136750993286
3 10.148148148148149 0.9083889814939834
3 10.167167167167168 0.9085635875204717
3 10.186186186186188 0.9087374971154134
3 10.205205205205205 0.9089107141861023
3 10.224224224224224 0.9090832426107792
3 10.243243243243244 0.9092550862389022
3 10.262262262262263 0.9094262488914128
3 10.281281281281283 0.9095967343609993
3 10.3003003003003 0.9097665464123585
3 10.31931931931932 0.9099356887824528
3 10.338338338338339 0.9101041651807662
3 10.357357357357358 0.9102719792895549
3 10.376376376376378 0.9104391347640994
3 10.395395395395397 0.9106056352329484
3 10.414414414414415 0.9107714842981648
3 10.433433433433434 0.9109366855355665
3 10.452452452452453 0.9111012424949654
3 10.471471471471473 0.9112651587004028
3 10.490490490490492 0.9114284376503834
3 10.50950950950951 0.9115910828181069
3 10.528528528528529 0.911753097651696
3 10.547547547547548 0.9119144855744221
3 10.566566566566568 0.9120752499849297
3 10.585585585585587 0.9122353942574568
3 10.604604604604605 0.9123949217420547
3 10.623623623623624 0.9125538357648041
3 10.642642642642643 0.9127121396280282
3 10.661661661661663 0.9128698366105064
3 10.680680680680682 0.9130269299676824
3 10.6996996996997 0.9131834229318733
3 10.71871871871872 0.9133393187124715
3 10.737737737737739 0.9134946204961516
3 10.756756756756758 0.9136493314470691
3 10.775775775775777 0.913803454707059
3 10.794794794794795 0.9139569933958331
3 10.813813813813814 0.9141099506111741
3 10.832832832832834 0.9142623294291284
3 10.851851851851853 0.9144141329041965
3 10.870870870870872 0.9145653640695215
3 10.88988988988989 0.9147160259370744
3 10.90890890890891 0.9148661214978404
3 10.927927927927929 0.9150156537220014
3 10.946946946946948 0.9151646255591147
3 10.965965965965967 0.915313039938294
3 10.984984984984985 0.9154608997683856
3 11.004004004004004 0.9156082079381426
3 11.023023023023024 0.9157549673164
3 11.042042042042043 0.9159011807522454
3 11.061061061061062 0.9160468510751871
3 11.08008008008008 0.9161919810953254
3 11.0990990990991 0.9163365736035163
3 11.118118118118119 0.916480631371537
3 11.137137137137138 0.9166241571522481
3 11.156156156156158 0.9167671536797565
3 11.175175175175177 0.9169096236695726
3 11.194194194194194 0.9170515698187705
3 11.213213213213214 0.9171929948061431
3 11.232232232232233 0.9173339012923563
3 11.251251251251253 0.9174742919201039
3 11.270270270270272 0.917614169314258
3 11.28928928928929 0.9177535360820188
3 11.308308308308309 0.9178923948130648
3 11.327327327327328 0.9180307480796975
3 11.346346346346348 0.9181685984369901
3 11.365365365365367 0.9183059484229277
3 11.384384384384385 0.9184428005585539
3 11.403403403403404 0.9185791573481096
3 11.422422422422423 0.9187150212791737
3 11.441441441441443 0.9188503948228014
3 11.460460460460462 0.9189852804336615
3 11.47947947947948 0.9191196805501718
3 11.498498498498499 0.9192535975946342
3 11.517517517517518 0.9193870339733657
3 11.536536536536538 0.9195199920768335
3 11.555555555555557 0.9196524742797819
3 11.574574574574575 0.9197844829413646
3 11.593593593593594 0.9199160204052693
3 11.612612612612613 0.9200470889998476
3 11.631631631631633 0.9201776910382377
3 11.650650650650652 0.9203078288184903
3 11.66966966966967 0.9204375046236907
3 11.68868868868869 0.9205667207220809
3 11.707707707707709 0.9206954793671797
3 11.726726726726728 0.9208237827979021
3 11.745745745745747 0.9209516332386786
3 11.764764764764765 0.9210790328995703
3 11.783783783783784 0.921205983976387
3 11.802802802802804 0.9213324886507999
3 11.821821821821823 0.9214585490904569
3 11.840840840840842 0.9215841674490947
3 11.85985985985986 0.92170934586665
3 11.87887887887888 0.9218340864693703
3 11.897897897897899 0.9219583913699233
3 11.916916916916918 0.9220822626675049
3 11.935935935935937 0.9222057024479468
3 11.954954954954957 0.9223287127838229
3 11.973973973973974 0.9224512957345541
3 11.992992992992994 0.9225734533465132
3 12.012012012012013 0.9226951876531276
3 12.031031031031032 0.922816500674982
3 12.050050050050052 0.922937394419919
3 12.06906906906907 0.9230578708831407
3 12.088088088088089 0.9231779320473077
3 12.107107107107108 0.9232975798826362
3 12.126126126126128 0.9234168163469973
3 12.145145145145147 0.9235356433860139
3 12.164164164164164 0.9236540629331539
3 12.183183183183184 0.9237720769098274
3 12.202202202202203 0.9238896872254809
3 12.221221221221223 0.9240068957776881
3 12.240240240240242 0.9241237044522445
3 12.25925925925926 0.9242401151232567
3 12.278278278278279 0.9243561296532343
3 12.297297297297298 0.9244717498931795
3 12.316316316316318 0.9245869776826754
3 12.335335335335337 0.9247018148499735
3 12.354354354354355 0.924816263212083
3 12.373373373373374 0.9249303245748542
3 12.392392392392393 0.9250440007330667
3 12.411411411411413 0.925157293470513
3 12.430430430430432 0.9252702045600822
3 12.44944944944945 0.9253827357638444
3 12.468468468468469 0.9254948888331322
3 12.487487487487488 0.9256066655086228
3 12.506506506506508 0.925718067520419
3 12.525525525525527 0.9258290965881297
3 12.544544544544545 0.9259397544209487
3 12.563563563563564 0.9260500427177346
3 12.582582582582583 0.9261599631670878
3 12.601601601601603 0.9262695174474286
3 12.620620620620622 0.9263787072270735
3 12.63963963963964 0.9264875341643114
3 12.65865865865866 0.9265959999074789
3 12.677677677677679 0.9267041060950347
3 12.696696696696698 0.9268118543556344
3 12.715715715715717 0.9269192463082018
3 12.734734734734735 0.9270262835620041
3 12.753753753753754 0.9271329677167225
3 12.772772772772774 0.9272393003625228
3 12.791791791791793 0.9273452830801283
3 12.810810810810812 0.9274509174408874
3 12.829829829829832 0.9275562050068451
3 12.84884884884885 0.927661147330811
3 12.867867867867869 0.9277657459564265
3 12.886886886886888 0.9278745857032958
3 12.905905905905907 0.9279844636585217
3 12.924924924924927 0.9280940022586434
3 12.943943943943944 0.9282032030023343
3 12.962962962962964 0.9283120673794768
3 12.981981981981983 0.9284205968712254
3 13.001001001001002 0.9285287929500713
3 13.020020020020022 0.9286366570799051
3 13.03903903903904 0.9287441907160802
3 13.058058058058059 0.9288513953054748
3 13.077077077077078 0.9289582722865525
3 13.096096096096097 0.9290648230894251
3 13.115115115115117 0.9291710491359121
3 13.134134134134134 0.9292769518396005
3 13.153153153153154 0.9293825326059052
3 13.172172172172173 0.9294877928321277
3 13.191191191191193 0.9295927339075137
3 13.210210210210212 0.9296973572133125
3 13.22922922922923 0.9298016641228335
3 13.248248248248249 0.9299056560015032
3 13.267267267267268 0.9300093342069232
3 13.286286286286288 0.9301127000889239
3 13.305305305305307 0.930215754989621
3 13.324324324324325 0.9303185002434711
3 13.343343343343344 0.9304209371773261
3 13.362362362362363 0.9305230671104867
3 13.381381381381383 0.9306248913547566
3 13.400400400400402 0.9307264112144954
3 13.41941941941942 0.930827627986672
3 13.438438438438439 0.9309285429609158
3 13.457457457457458 0.931029157419569
3 13.476476476476478 0.9311294726377394
3 13.495495495495497 0.931229489883349
3 13.514514514514515 0.9313292104171854
3 13.533533533533534 0.9314286354929534
3 13.552552552552553 0.9315277663573228
3 13.571571571571573 0.931626604249979
3 13.590590590590592 0.9317251504036707
3 13.609609609609612 0.931823406044259
3 13.62862862862863 0.9319213723907656
3 13.647647647647648 0.9320190506554203
3 13.666666666666668 0.9321164420437084
3 13.685685685685687 0.9322135477544169
3 13.704704704704707 0.9323103689796822
3 13.723723723723724 0.9324069069050342
3 13.742742742742744 0.9325031627094448
3 13.761761761761763 0.9325991375653708
3 13.780780780780782 0.9326948326387996
3 13.799799799799802 0.9327902490892943
3 13.81881881881882 0.9328853880700375
3 13.837837837837839 0.9329802507278747
3 13.856856856856858 0.9330748382033588
3 13.875875875875877 0.9331691516307926
3 13.894894894894897 0.9332631921382714
3 13.913913913913914 0.9333569608477257
3 13.932932932932934 0.9334504588749631
3 13.951951951951953 0.9335436873297107
3 13.970970970970972 0.9336366473156557
3 13.989989989989992 0.9337293399304861
3 14.00900900900901 0.9338217662659333
3 14.028028028028029 0.93391392740781
3 14.047047047047048 0.9340058244360521
3 14.066066066066067 0.9340974584247574
3 14.085085085085087 0.9341888304422262
3 14.104104104104104 0.9342799415509985
3 14.123123123123124 0.9343707928078945
3 14.142142142142143 0.9344613852640529
3 14.161161161161163 0.9345517199649674
3 14.180180180180182 0.9346417979505268
3 14.1991991991992 0.9347316202550512
3 14.218218218218219 0.934821187907329
3 14.237237237237238 0.9349105019306552
3 14.256256256256258 0.9349995633428666
3 14.275275275275277 0.935088373156379
3 14.294294294294295 0.9351769323782234
3 14.313313313313314 0.9352652420100802
3 14.332332332332333 0.9353533030483174
3 14.351351351351353 0.9354411164840235
3 14.370370370370372 0.935528683303043
3 14.38938938938939 0.9356160044860118
3 14.408408408408409 0.9357030810083917
3 14.427427427427428 0.9357899138405014
3 14.446446446446448 0.935876503947556
3 14.465465465465467 0.9359628522896944
3 14.484484484484486 0.9360489598220191
3 14.503503503503504 0.9361348274946214
3 14.522522522522523 0.9362204562526226
3 14.541541541541543 0.9363058470361996
3 14.560560560560562 0.9363910007806211
3 14.579579579579582 0.9364759184162783
3 14.598598598598599 0.9365606008687174
3 14.617617617617618 0.9366450490586705
3 14.636636636636638 0.9367292639020857
3 14.655655655655657 0.9368132463101613
3 14.674674674674677 0.9368969971893735
3 14.693693693693694 0.9369805174415082
3 14.712712712712714 0.937063807963692
3 14.731731731731733 0.9371468696484214
3 14.750750750750752 0.9372297033835916
3 14.769769769769772 0.9373123100525288
3 14.78878878878879 0.9373946905340174
3 14.807807807807809 0.93747684570233
3 14.826826826826828 0.9375587764272562
3 14.845845845845847 0.937640483574131
3 14.864864864864867 0.9377219680038641
3 14.883883883883884 0.9378032305729673
3 14.902902902902904 0.9378842721335835
3 14.921921921921923 0.9379650935335127
3 14.940940940940942 0.9380456956162428
3 14.959959959959962 0.938126079220973
3 14.97897897897898 0.9382062451826451
3 14.997997997997999 0.9382861943319672
3 15.017017017017018 0.9383659274954426
3 15.036036036036037 0.9384454454953952
3 15.055055055055057 0.9385247491499961
3 15.074074074074074 0.9386038392732909
3 15.093093093093094 0.9386827166752244
3 15.112112112112113 0.9387613821616666
3 15.131131131131133 0.9388398365344385
3 15.150150150150152 0.9389180805913376
3 15.16916916916917 0.9389961151261637
3 15.188188188188189 0.9390739409287426
3 15.207207207207208 0.9391515587849516
3 15.226226226226228 0.9392289694767445
3 15.245245245245247 0.9393061737821755
3 15.264264264264266 0.9393831724754247
3 15.283283283283284 0.9394599663268193
3 15.302302302302303 0.9395365561028617
3 15.321321321321323 0.9396129425662495
3 15.340340340340342 0.9396891264759016
3 15.359359359359361 0.9397651085869796
3 15.378378378378379 0.939840889650913
3 15.397397397397398 0.9399164704154209
3 15.416416416416418 0.9399918516245354
3 15.435435435435437 0.9400670340186238
3 15.454454454454456 0.9401420183344124
3 15.473473473473474 0.9402168053050066
3 15.492492492492493 0.9402913956599162
3 15.511511511511513 0.9403657901250747
3 15.530530530530532 0.9404399894228627
3 15.549549549549551 0.9405139942721287
3 15.568568568568569 0.9405878053882117
3 15.587587587587588 0.9406614234829623
3 15.606606606606608 0.9407348492647626
3 15.625625625625627 0.9408080834385502
3 15.644644644644647 0.9408811267058353
3 15.663663663663664 0.9409539797647256
3 15.682682682682684 0.9410266433099432
3 15.701701701701703 0.9410991180328484
3 15.720720720720722 0.9411714046214571
3 15.739739739739742 0.9412435037604628
3 15.75875875875876 0.9413154161312567
3 15.777777777777779 0.9413871424119465
3 15.796796796796798 0.9414586832773768
3 15.815815815815817 0.9415300393991491
3 15.834834834834837 0.94160121144564
3 15.853853853853854 0.9416722000820231
3 15.872872872872874 0.9417430059702844
3 15.891891891891893 0.9418136297692451
3 15.910910910910912 0.9418840721345775
3 15.929929929929932 0.9419543337188264
3 15.94894894894895 0.9420244151714258
3 15.967967967967969 0.9420943171387185
3 15.986986986986988 0.9421640402639737
3 16.006006006006007 0.9422335851874061
3 16.025025025025027 0.9423029525461928
3 16.044044044044046 0.9423721429744932
3 16.063063063063062 0.9424411571034658
3 16.08208208208208 0.9425099955612843
3 16.1011011011011 0.9425786589731585
3 16.12012012012012 0.9426471479613499
3 16.13913913913914 0.9427154631451882
3 16.15815815815816 0.9427836051410905
3 16.177177177177178 0.9428515745625777
3 16.196196196196198 0.942919372020291
3 16.215215215215217 0.9429869981220089
3 16.234234234234236 0.9430544534726651
3 16.253253253253256 0.9431217386743634
3 16.272272272272275 0.9431888543263951
3 16.291291291291294 0.9432558010252561
3 16.310310310310314 0.9433225793646618
3 16.329329329329333 0.9433891899355644
3 16.34834834834835 0.943455633326169
3 16.36736736736737 0.9435219101219475
3 16.386386386386388 0.943588020905658
3 16.405405405405407 0.9436539662573571
3 16.424424424424426 0.9437197467544183
3 16.443443443443442 0.943785362971545
3 16.46246246246246 0.9438508154807888
3 16.48148148148148 0.9439161048515614
3 16.5005005005005 0.9439812316506523
3 16.51951951951952 0.9440461964422442
3 16.53853853853854 0.9441109997879253
3 16.55755755755756 0.9441756422467074
3 16.576576576576578 0.9442401243750376
3 16.595595595595597 0.9443044467268156
3 16.614614614614617 0.9443686098534071
3 16.633633633633636 0.9444326143036583
3 16.652652652652655 0.9444964606239105
3 16.671671671671675 0.9445601493580137
3 16.690690690690694 0.9446236810473421
3 16.709709709709713 0.9446870562308075
3 16.72872872872873 0.9447502754448722
3 16.74774774774775 0.9448133392235653
3 16.766766766766768 0.9448762480984942
3 16.785785785785787 0.9449390025988599
3 16.804804804804807 0.9450016032514694
3 16.823823823823826 0.9450640505807506
3 16.842842842842842 0.9451263451087638
3 16.86186186186186 0.9451884873552174
3 16.88088088088088 0.9452504778374792
3 16.8998998998999 0.9453123170705908
3 16.91891891891892 0.9453740055672796
3 16.93793793793794 0.9454355438379729
3 16.956956956956958 0.94549693239081
3 16.975975975975977 0.9455581717316556
3 16.994994994994997 0.9456192623641115
3 17.014014014014016 0.9456802047895306
3 17.033033033033036 0.9457409995070293
3 17.052052052052055 0.9458016470134979
3 17.07107107107107 0.9458621478036161
3 17.09009009009009 0.9459225023698632
3 17.10910910910911 0.9459827112025303
3 17.12812812812813 0.9460427747897345
3 17.147147147147148 0.946102693617428
3 17.166166166166168 0.946162468169413
3 17.185185185185187 0.946222098927351
3 17.204204204204206 0.946281586370776
3 17.223223223223226 0.9463409309771069
3 17.242242242242245 0.9464001332216576
3 17.261261261261264 0.9464591935776497
3 17.28028028028028 0.9465181125162232
3 17.2992992992993 0.9465768905064488
3 17.31831831831832 0.9466355280153387
3 17.33733733733734 0.9466940255078579
3 17.356356356356358 0.9467523834469357
3 17.375375375375377 0.9468106022934768
3 17.394394394394396 0.9468686825063721
3 17.413413413413416 0.9469266245425096
3 17.432432432432435 0.9469844288567858
3 17.451451451451454 0.9470420959021167
3 17.47047047047047 0.9470996261294476
3 17.48948948948949 0.9471570199877645
3 17.50850850850851 0.9472142779241051
3 17.52752752752753 0.9472714003835679
3 17.546546546546548 0.9473283878093252
3 17.565565565565567 0.9473852406426313
3 17.584584584584587 0.9474419593228328
3 17.603603603603606 0.9474985442873815
3 17.622622622622625 0.947554995971841
3 17.641641641641645 0.9476113148098999
3 17.66066066066066 0.9476675012333806
3 17.67967967967968 0.9477235556722492
3 17.6986986986987 0.9477794785546255
3 17.71771771771772 0.9478352703067939
3 17.736736736736738 0.9478909313532115
3 17.755755755755757 0.9479464621165196
3 17.774774774774777 0.9480018630175521
3 17.793793793793796 0.9480571344753461
3 17.812812812812815 0.9481122769071513
3 17.831831831831835 0.9481672907284391
3 17.85085085085085 0.9482221763529118
3 17.86986986986987 0.9482769341925137
3 17.88888888888889 0.9483315646574382
3 17.90790790790791 0.948386068156138
3 17.926926926926928 0.9484404450953365
3 17.945945945945947 0.9484946958800323
3 17.964964964964967 0.9485488209135124
3 17.983983983983986 0.9486028205973599
3 18.003003003003005 0.9486566953314626
3 18.022022022022025 0.9487104455140223
3 18.04104104104104 0.9487640715415634
3 18.06006006006006 0.9488175738089429
3 18.07907907907908 0.9488709527093573
3 18.0980980980981 0.9489242086343528
3 18.117117117117118 0.9489773419738329
3 18.136136136136138 0.9490303531160679
3 18.155155155155157 0.9490832424477039
3 18.174174174174176 0.9491360103537692
3 18.193193193193196 0.9491886572176843
3 18.212212212212215 0.949241183421271
3 18.231231231231234 0.9492935893447585
3 18.25025025025025 0.9493458753667944
3 18.26926926926927 0.94939804186445
3 18.28828828828829 0.949450089213231
3 18.30730730730731 0.9495020177870845
3 18.326326326326328 0.9495538279584067
3 18.345345345345347 0.9496055200980525
3 18.364364364364366 0.9496570945753415
3 18.383383383383386 0.9497085517580668
3 18.402402402402405 0.949759892012504
3 18.421421421421424 0.9498111157034167
3 18.44044044044044 0.9498622231940665
3 18.45945945945946 0.94991321484622
3 18.47847847847848 0.9499640910201553
3 18.4974974974975 0.9500148520746711
3 18.516516516516518 0.9500654983670949
3 18.535535535535537 0.9501160302532877
3 18.554554554554556 0.9501664480876549
3 18.573573573573576 0.9502167522231508
3 18.592592592592595 0.9502669430112889
3 18.611611611611615 0.9503170208021468
3 18.63063063063063 0.950366985944374
3 18.64964964964965 0.9504168387852011
3 18.66866866866867 0.9504665796704446
3 18.68768768768769 0.9505162089445152
3 18.706706706706708 0.950565726950425
3 18.725725725725727 0.9506151340297939
3 18.744744744744747 0.9506644305228582
3 18.763763763763766 0.9507136167684762
3 18.782782782782785 0.9507626931041346
3 18.801801801801805 0.9508116598659577
3 18.82082082082082 0.9508605173887124
3 18.83983983983984 0.9509092660058159
3 18.85885885885886 0.9509579060493417
3 18.87787787787788 0.9510064378500275
3 18.896896896896898 0.9510548617372812
3 18.915915915915917 0.9511031780391872
3 18.934934934934937 0.9511513870825148
3 18.953953953953956 0.9511994891927217
3 18.972972972972975 0.9512474846939641
3 18.991991991991995 0.951295373909101
3 19.011011011011014 0.9513431571597004
3 19.03003003003003 0.9513908347660479
3 19.04904904904905 0.9514384070471509
3 19.06806806806807 0.9514858743207464
3 19.087087087087088 0.9515332369033058
3 19.106106106106107 0.9515804951100443
3 19.125125125125127 0.9516276492549215
3 19.144144144144146 0.951674699650655
3 19.163163163163166 0.9517216466087196
3 19.182182182182185 0.9517684904393587
3 19.201201201201204 0.9518152314515878
3 19.22022022022022 0.9518618699531998
3 19.23923923923924 0.9519084062507734
3 19.25825825825826 0.9519548406496784
3 19.27727727727728 0.9520011734540799
3 19.296296296296298 0.9520474049669467
3 19.315315315315317 0.9520935354900553
3 19.334334334334336 0.9521395653239971
3 19.353353353353356 0.9521854947681833
3 19.372372372372375 0.952231324120851
3 19.391391391391394 0.9522770536790691
3 19.41041041041041 0.9523226837387444
3 19.42942942942943 0.952368214594626
3 19.44844844844845 0.9524136465403117
3 19.46746746746747 0.9524589798682548
3 19.486486486486488 0.9525042148697673
3 19.505505505505507 0.9525493518350273
3 19.524524524524526 0.952594391053084
3 19.543543543543546 0.9526393328118629
3 19.562562562562565 0.9526841773981717
3 19.581581581581585 0.9527289250977052
3 19.6006006006006 0.9527735761950518
3 19.61961961961962 0.9528181309736969
3 19.63863863863864 0.9528625897160306
3 19.65765765765766 0.9529069527033508
3 19.676676676676678 0.9529512202158702
3 19.695695695695697 0.95299539253272
3 19.714714714714717 0.9530394699319577
3 19.733733733733736 0.9530834526905683
3 19.752752752752755 0.953127341084473
3 19.771771771771775 0.9531711353885327
3 19.790790790790794 0.9532148358765536
3 19.80980980980981 0.9532584428212914
3 19.82882882882883 0.9533019564944581
3 19.84784784784785 0.9533453771667245
3 19.866866866866868 0.9533887051077273
3 19.885885885885887 0.9534319405860738
3 19.904904904904907 0.9534750838693451
3 19.923923923923926 0.9535181352241032
3 19.942942942942945 0.9535610949158948
3 19.961961961961965 0.9536039632092553
3 19.980980980980984 0.953646740367716
3 20.0 0.9536894266538063
