3 1.0 0.0
3 1.019019019019019 0.01866404715127692
3 1.038038038038038 0.03664416586306657
3 1.057057057057057 0.05397727272727267
3 1.0760760760760761 0.07069767441860471
3 1.095095095095095 0.08683729433272393
3 1.1141141141141142 0.10242587601078175
3 1.1331331331331331 0.11749116607773852
3 1.1521521521521523 0.1320590790616856
3 1.1711711711711712 0.14615384615384616
3 1.1901901901901901 0.15979814970563494
3 1.2092092092092093 0.17301324503311263
3 1.2282282282282282 0.18581907090464544
3 1.2472472472472473 0.19823434991974323
3 1.2662662662662663 0.21027667984189724
3 1.2852852852852852 0.22196261682242985
3 1.3043043043043043 0.2333077513430545
3 1.3233233233233235 0.24432677760968238
3 1.3423423423423424 0.2550335570469799
3 1.3613613613613613 0.26544117647058824
3 1.3803803803803805 0.2755620014503264
3 1.3993993993993994 0.2854077253218884
3 1.4184184184184185 0.2949894142554694
3 1.4374374374374375 0.3043175487465181
3 1.4564564564564564 0.31340206185567004
3 1.4754754754754755 0.3222523744911805
3 1.4944944944944947 0.3308774279973209
3 1.5135135135135136 0.3392857142857143
3 1.5325325325325325 0.3474853037230568
3 1.5515515515515514 0.35548387096774187
3 1.5705705705705706 0.3632887189292543
3 1.5895895895895897 0.37090680100755674
3 1.6086086086086087 0.3783447417548227
3 1.6276276276276276 0.3856088560885609
3 1.6466466466466467 0.3927051671732523
3 1.6656656656656659 0.39963942307692313
3 1.6846846846846848 0.40641711229946526
3 1.7037037037037037 0.41304347826086957
3 1.7227227227227226 0.41952353282975013
3 1.7417417417417418 0.42586206896551726
3 1.760760760760761 0.43206367254121664
3 1.7797797797797799 0.438132733408324
3 1.7987987987987988 0.44407345575959933
3 1.817817817817818 0.4498898678414097
3 1.8368368368368369 0.4555858310626703
3 1.855855855855856 0.46116504854368934
3 1.874874874874875 0.46663107314468766
3 1.8938938938938938 0.4719873150105708
3 1.912912912912913 0.4772370486656201
3 1.9319319319319321 0.48238341968911924
3 1.950950950950951 0.4874294510005131
3 1.96996996996997 0.4923780487804878
3 1.9889889889889891 0.49723200805234025
3 2.008008008008008 0.5019940179461615
3 2.027027027027027 0.5066666666666667
3 2.046046046046046 0.511252446183953
3 2.065065065065065 0.5157537566650509
3 2.0840840840840844 0.5201729106628242
3 2.103103103103103 0.524512137077582
3 2.1221221221221223 0.5287735849056604
3 2.141141141141141 0.5329593267882188
3 2.16016016016016 0.5370713623725671
3 2.1791791791791795 0.5411116214974736
3 2.1981981981981984 0.5450819672131147
3 2.2172172172172173 0.5489841986455982
3 2.2362362362362362 0.5528200537153088
3 2.255255255255255 0.5565912117177098
3 2.2742742742742745 0.560299295774648
3 2.2932932932932935 0.563945875163684
3 2.3123123123123124 0.5675324675324676
3 2.3313313313313317 0.5710605410047231
3 2.3503503503503502 0.5745315161839863
3 2.3693693693693696 0.5779467680608366
3 2.3883883883883885 0.5813076278290026
3 2.4074074074074074 0.5846153846153846
3 2.426426426426427 0.587871287128713
3 2.4454454454454453 0.591076545231273
3 2.4644644644644647 0.5942323314378555
3 2.4834834834834836 0.5973397823458283
3 2.5025025025025025 0.6004
3 2.521521521521522 0.6034140531957126
3 2.5405405405405403 0.6063829787234042
3 2.5595595595595597 0.6093077825576848
3 2.5785785785785786 0.6121894409937888
3 2.5975975975975976 0.6150289017341041
3 2.616616616616617 0.6178270849273145
3 2.635635635635636 0.6205848841625523
3 2.6546546546546548 0.6233031674208145
3 2.6736736736736737 0.6259827779857732
3 2.6926926926926926 0.6286245353159852
3 2.711711711711712 0.6312292358803987
3 2.730730730730731 0.6337976539589443
3 2.74974974974975 0.6363305424099017
3 2.768768768768769 0.63882863340564
3 2.7877877877877877 0.6412926391382405
3 2.806806806806807 0.6437232524964337
3 2.825825825825826 0.6461211477151966
3 2.844844844844845 0.6484869809992962
3 2.8638638638638643 0.6508213911219853
3 2.8828828828828827 0.653125
3 2.901901901901902 0.6553984132459469
3 2.920920920920921 0.6576422206991089
3 2.93993993993994 0.6598569969356486
3 2.9589589589589593 0.6620433017591341
3 2.9779779779779783 0.6642016806722689
3 2.996996996996997 0.6663326653306614
3 3.016016016016016 0.6684367739794225
3 3.035035035035035 0.6705145118733509
3 3.0540540540540544 0.672566371681416
3 3.0730730730730733 0.6745928338762215
3 3.0920920920920922 0.6765943671090968
3 3.111111111111111 0.6785714285714286
3 3.13013013013013 0.6805244643428205
3 3.1491491491491495 0.682453909726637
3 3.1681681681681684 0.6843601895734598
3 3.1871871871871873 0.6862437185929648
3 3.206206206206206 0.6881049016546987
3 3.2252252252252256 0.6899441340782123
3 3.2442442442442445 0.6917618019129899
3 3.2632632632632634 0.693558282208589
3 3.2822822822822824 0.6953339432753889
3 3.3013013013013013 0.697089144936325
3 3.3203203203203207 0.6988242387699729
3 3.3393393393393396 0.7005395683453237
3 3.3583583583583585 0.7022354694485842
3 3.3773773773773774 0.7039122703023118
3 3.396396396396397 0.7055702917771883
3 3.4154154154154157 0.7072098475967175
3 3.4344344344344346 0.7088312445351209
3 3.4534534534534536 0.7104347826086956
3 3.4724724724724725 0.7120207552608822
3 3.491491491491492 0.7135894495412844
3 3.5105105105105108 0.7151411462788708
3 3.5295295295295297 0.7166761202495746
3 3.5485485485485486 0.718194640338505
3 3.567567567567568 0.7196969696969697
3 3.586586586586587 0.7211833658945018
3 3.605605605605606 0.7226540810660744
3 3.6246246246246248 0.724109362054681
3 3.6436436436436437 0.7255494505494505
3 3.662662662662663 0.7269745832194588
3 3.681681681681682 0.7283849918433931
3 3.700700700700701 0.7297809034352177
3 3.71971971971972 0.7311625403659849
3 3.738738738738739 0.7325301204819278
3 3.757757757757758 0.7338838572189664
3 3.776776776776777 0.7352239597137556
3 3.795795795795796 0.7365506329113924
3 3.814814814814815 0.7378640776699029
3 3.8338338338338342 0.7391644908616188
3 3.852852852852853 0.7404520654715511
3 3.871871871871872 0.7417269906928645
3 3.890890890890891 0.7429894520195524
3 3.90990990990991 0.7442396313364056
3 3.9289289289289293 0.7454777070063695
3 3.9479479479479482 0.7467038539553753
3 3.966966966966967 0.7479182437547313
3 3.985985985985986 0.7491210447011553
3 4.005005005005005 0.7503124218945264
3 4.024024024024024 0.7514925373134329
3 4.043043043043044 0.7526615498885864
3 4.062062062062062 0.7538196155741744
3 4.081081081081081 0.7549668874172185
3 4.1001001001001 0.756103515625
3 4.119119119119119 0.7572296476306197
3 4.138138138138139 0.758345428156749
3 4.157157157157157 0.7594509992776306
3 4.176176176176177 0.7605465004793864
3 4.195195195195195 0.7616320687186829
3 4.2142142142142145 0.7627078384798099
3 4.233233233233234 0.76377394183022
3 4.252252252252252 0.7648305084745762
3 4.271271271271272 0.7658776658073588
3 4.29029029029029 0.766915538964069
3 4.3093093093093096 0.7679442508710802
3 4.328328328328329 0.7689639222941721
3 4.347347347347347 0.7699746718857933
3 4.366366366366367 0.7709766162310867
3 4.385385385385385 0.7719698698927185
3 4.404404404404405 0.7729545454545454
3 4.423423423423424 0.7739307535641549
3 4.442442442442443 0.7748986029743128
3 4.461461461461462 0.7758582005833521
3 4.48048048048048 0.7768096514745308
3 4.4994994994995 0.7777530589543937
3 4.518518518518519 0.7786885245901639
3 4.537537537537538 0.7796161482461946
3 4.556556556556557 0.780536028119508
3 4.575575575575575 0.7814482607744476
3 4.594594594594595 0.7823529411764706
3 4.613613613613614 0.7832501627251031
3 4.6326326326326335 0.7841400172860847
3 4.651651651651652 0.7850225952227243
3 4.67067067067067 0.7858979854264895
3 4.68968968968969 0.7867662753468516
3 4.708708708708709 0.7876275510204082
3 4.7277277277277285 0.7884818970993013
3 4.746746746746747 0.7893293968789541
3 4.7657657657657655 0.7901701323251418
3 4.784784784784785 0.7910041841004184
3 4.803803803803804 0.7918316315899145
3 4.822822822822824 0.7926525529265256
3 4.841841841841842 0.7934670250155055
3 4.8608608608608606 0.7942751235584843
3 4.87987987987988 0.7950769230769231
3 4.898898898898899 0.7958724969350225
3 4.917917917917919 0.7966619173621006
3 4.936936936936937 0.7974452554744526
3 4.9559559559559565 0.7982225812967078
3 4.974974974974975 0.7989939637826962
3 4.993993993993994 0.7997594708358389
3 5.013013013013014 0.8005191693290735
3 5.032032032032032 0.8012731251243286
3 5.051051051051052 0.8020214030915577
3 5.07007007007007 0.8027640671273445
3 5.089089089089089 0.803501180173092
3 5.108108108108109 0.8042328042328043
3 5.127127127127127 0.8049590003904725
3 5.146146146146147 0.8056798288270764
3 5.165165165165165 0.8063953488372093
3 5.1841841841841845 0.8071056188453369
3 5.203203203203204 0.8078106964217007
3 5.222222222222222 0.8085106382978724
3 5.241241241241242 0.809205500381971
3 5.26026026026026 0.809895337773549
3 5.2792792792792795 0.810580204778157
3 5.298298298298299 0.8112601549215945
3 5.317317317317317 0.8119352409638554
3 5.336336336336337 0.8126055149127743
3 5.355355355355356 0.8132710280373832
3 5.374374374374375 0.8139318308809834
3 5.393393393393394 0.8145879732739422
3 5.412412412412412 0.8152395043462178
3 5.431431431431432 0.8158864725396241
3 5.450450450450451 0.8165289256198347
3 5.46946946946947 0.8171669106881405
3 5.488488488488489 0.8178004741929601
3 5.5075075075075075 0.8184296619411123
3 5.526526526526527 0.8190545191088571
3 5.545545545545546 0.8196750902527076
3 5.564564564564565 0.8202914193200216
3 5.583583583583584 0.8209035496593762
3 5.602602602602603 0.8215115240307308
3 5.621621621621622 0.8221153846153846
3 5.640640640640641 0.822715173025732
3 5.65965965965966 0.8233109303148214
3 5.678678678678679 0.8239026969857218
3 5.6976976976976985 0.8244905130007028
3 5.716716716716717 0.8250744177902294
3 5.735735735735736 0.8256544502617801
3 5.754754754754755 0.8262306488084884
3 5.773773773773774 0.8268030513176144
3 5.792792792792794 0.8273716951788491
3 5.811811811811812 0.827936617292456
3 5.830830830830831 0.8284978540772532
3 5.84984984984985 0.8290554414784395
3 5.868868868868869 0.8296094149752686
3 5.887887887887889 0.8301598095885754
3 5.906906906906907 0.8307066598881545
3 5.9259259259259265 0.83125
3 5.944944944944945 0.8317898636134029
3 5.963963963963964 0.8323262839879154
3 5.982982982982984 0.8328592939601807
3 6.002002002002002 0.8333889259506337
3 6.0210210210210215 0.8339152119700748
3 6.04004004004004 0.8344381836261187
3 6.059059059059059 0.8349578721295225
3 6.078078078078079 0.8354743083003953
3 6.097097097097097 0.83598752257429
3 6.116116116116117 0.8364975450081833
3 6.135135135135136 0.8370044052863437
3 6.1541541541541545 0.8375081327260898
3 6.173173173173174 0.8380087562834442
3 6.192192192192192 0.8385063045586809
3 6.211211211211212 0.8390008058017728
3 6.230230230230231 0.8394922879177378
3 6.2492492492492495 0.8399807784718886
3 6.268268268268269 0.8404663046949856
3 6.287287287287287 0.840948893488298
3 6.306306306306307 0.8414285714285714
3 6.325325325325326 0.8419053647729071
3 6.344344344344345 0.8423792994635532
3 6.363363363363364 0.8428504011326098
3 6.382382382382382 0.8433186951066499
3 6.401401401401402 0.8437842064112588
3 6.420420420420421 0.8442469597754911
3 6.43943943943944 0.8447069796362506
3 6.458458458458459 0.8451642901425914
3 6.477477477477478 0.8456189151599444
3 6.496496496496497 0.8460708782742681
3 6.515515515515516 0.8465202027961285
3 6.534534534534535 0.8469669117647058
3 6.553553553553554 0.8474110279517336
3 6.572572572572573 0.847852573865367
3 6.591591591591592 0.8482915717539864
3 6.610610610610611 0.8487280436099334
3 6.62962962962963 0.8491620111731844
3 6.648648648648649 0.8495934959349594
3 6.6676676676676685 0.8500225191412701
3 6.686686686686687 0.8504491017964072
3 6.705705705705706 0.8508732646663681
3 6.724724724724725 0.8512950282822268
3 6.743743743743744 0.8517144129434466
3 6.762762762762764 0.8521314387211368
3 6.781781781781782 0.8525461254612546
3 6.800800800800801 0.8529584927877539
3 6.81981981981982 0.8533685601056803
3 6.838838838838839 0.8537763466042154
3 6.857857857857859 0.8541818712596702
3 6.876876876876877 0.854585152838428
3 6.8958958958958965 0.8549862098998403
3 6.914914914914916 0.8553850607990735
3 6.933933933933934 0.855781723689909
3 6.952952952952954 0.8561762165274979
3 6.971971971971972 0.8565685570710696
3 6.9909909909909915 0.856958762886598
3 7.010010010010011 0.8573468513494217
3 7.029029029029029 0.8577328396468242
3 7.048048048048049 0.858116744780571
3 7.067067067067067 0.8584985835694051
3 7.086086086086087 0.8588783726515045
3 7.105105105105106 0.8592561284868977
3 7.124124124124124 0.8596318673598426
3 7.143143143143144 0.8600056053811659
3 7.162162162162162 0.8603773584905661
3 7.181181181181182 0.8607471424588793
3 7.200200200200201 0.86111497289031
3 7.2192192192192195 0.8614808652246256
3 7.238238238238239 0.8618448347393168
3 7.257257257257257 0.8622068965517241
3 7.276276276276277 0.8625670656211308
3 7.295295295295296 0.8629253567508233
3 7.314314314314315 0.8632817845901191
3 7.333333333333334 0.8636363636363636
3 7.352352352352353 0.8639891082368959
3 7.371371371371372 0.8643400325909831
3 7.390390390390391 0.8646891507517269
3 7.40940940940941 0.8650364766279384
3 7.428428428428429 0.8653820239859857
3 7.447447447447448 0.8657258064516129
3 7.466466466466467 0.8660678375117308
3 7.485485485485486 0.8664081305161808
3 7.504504504504505 0.8667466986794717
3 7.523523523523524 0.8670835550824907
3 7.542542542542543 0.8674187126741871
3 7.561561561561562 0.8677521842732328
3 7.580580580580581 0.8680839825696554
3 7.5995995995996 0.8684141201264489
3 7.618618618618619 0.8687426093811589
3 7.6376376376376385 0.8690694626474443
3 7.656656656656657 0.8693946921166166
3 7.675675675675676 0.869718309859155
3 7.694694694694695 0.8700403278262001
3 7.713713713713714 0.8703607578510252
3 7.7327327327327335 0.8706796116504855
3 7.751751751751752 0.8709969008264463
3 7.770770770770771 0.8713126368671905
3 7.789789789789791 0.8716268311488049
3 7.808808808808809 0.8719394949365467
3 7.827827827827829 0.8722506393861893
3 7.846846846846847 0.8725602755453502
3 7.8658658658658664 0.8728684143547977
3 7.884884884884886 0.8731750666497398
3 7.903903903903904 0.8734802431610942
3 7.922922922922924 0.8737839545167404
3 7.941941941941942 0.8740862112427528
3 7.9609609609609615 0.8743870237646172
3 7.979979979979981 0.8746864024084295
3 7.998998998998999 0.8749843574020774
3 8.018018018018019 0.8752808988764045
3 8.037037037037038 0.8755760368663594
3 8.056056056056057 0.8758697813121272
3 8.075075075075077 0.8761621420602455
3 8.094094094094094 0.8764531288647044
3 8.113113113113114 0.876742751388032
3 8.132132132132133 0.8770310192023634
3 8.15115115115115 0.8773179417904949
3 8.17017017017017 0.8776035285469248
3 8.18918918918919 0.8778877887788779
3 8.208208208208209 0.8781707317073171
3 8.227227227227228 0.8784523664679401
3 8.246246246246248 0.8787327021121631
3 8.265265265265267 0.8790117476080901
3 8.284284284284285 0.8792895118414693
3 8.303303303303304 0.8795660036166365
3 8.322322322322323 0.8798412316574453
3 8.34134134134134 0.8801152046081843
3 8.36036036036036 0.8803879310344828
3 8.37937937937938 0.8806594194242026
3 8.398398398398399 0.8809296781883195
3 8.417417417417418 0.881198715661791
3 8.436436436436438 0.8814665401044138
3 8.455455455455457 0.8817331597016692
3 8.474474474474475 0.8819985825655563
3 8.493493493493494 0.8822628167354154
3 8.512512512512513 0.8825258701787394
3 8.531531531531531 0.8827877507919747
3 8.55055055055055 0.8830484664013112
3 8.56956956956957 0.8833080247634623
3 8.588588588588589 0.8835664335664336
3 8.607607607607608 0.8838237004302826
3 8.626626626626628 0.8840798329078673
3 8.645645645645647 0.8843348384855853
3 8.664664664664667 0.8845887245841035
3 8.683683683683684 0.8848414985590778
3 8.702702702702704 0.8850931677018634
3 8.721721721721721 0.8853437392402158
3 8.74074074074074 0.885593220338983
3 8.75975975975976 0.8858416181007884
3 8.77877877877878 0.8860889395667046
3 8.797797797797799 0.8863351917169189
3 8.816816816816818 0.8865803814713896
3 8.835835835835837 0.8868245156904951
3 8.854854854854857 0.8870676011756726
3 8.873873873873874 0.8873096446700508
3 8.892892892892894 0.8875506528590725
3 8.911911911911913 0.8877906323711109
3 8.93093093093093 0.8880295897780767
3 8.94994994994995 0.8882675315960183
3 8.96896896896897 0.8885044642857143
3 8.987987987987989 0.8887403942532576
3 9.007007007007008 0.8889753278506335
3 9.026026026026027 0.8892092713762892
3 9.045045045045045 0.8894422310756972
3 9.064064064064064 0.8896742131419105
3 9.083083083083084 0.889905223716112
3 9.102102102102103 0.8901352688881558
3 9.121121121121122 0.8903643546971027
3 9.14014014014014 0.890592487131749
3 9.15915915915916 0.8908196721311475
3 9.178178178178179 0.8910459155851238
3 9.197197197197198 0.8912712233347845
3 9.216216216216218 0.8914956011730205
3 9.235235235235235 0.8917190548450032
3 9.254254254254255 0.891941590048675
3 9.273273273273274 0.8921632124352332
3 9.292292292292293 0.8923839276096089
3 9.311311311311313 0.8926037411309395
3 9.33033033033033 0.8928226585130351
3 9.34934934934935 0.8930406852248394
3 9.368368368368369 0.8932578266908858
3 9.387387387387388 0.8934740882917467
3 9.406406406406408 0.8936894753644781
3 9.425425425425425 0.8939039932030586
3 9.444444444444445 0.8941176470588236
3 9.463463463463464 0.8943304421408927
3 9.482482482482483 0.8945423836165945
3 9.501501501501503 0.8947534766118838
3 9.52052052052052 0.8949637262117548
3 9.53953953953954 0.8951731374606505
3 9.558558558558559 0.8953817153628653
3 9.577577577577578 0.8955894648829431
3 9.596596596596598 0.8957963909460728
3 9.615615615615617 0.896002498438476
3 9.634634634634635 0.8962077922077922
3 9.653653653653654 0.8964122770634592
3 9.672672672672673 0.8966159577770879
3 9.691691691691693 0.8968188390828341
3 9.710710710710712 0.8970209256777651
3 9.72972972972973 0.8972222222222223
3 9.74874874874875 0.8974227333401786
3 9.767767767767769 0.8976224636195942
3 9.786786786786788 0.8978214176127647
3 9.805805805805807 0.898019599836668
3 9.824824824824825 0.8982170147733062
3 9.843843843843844 0.8984136668700428
3 9.862862862862864 0.8986095605399371
3 9.881881881881883 0.8988047001620746
3 9.900900900900902 0.8989990900818926
3 9.91991991991992 0.8991927346115035
3 9.93893893893894 0.8993856380300131
3 9.957957957957959 0.899577804583836
3 9.976976976976978 0.8997692384870072
3 9.995995995995997 0.8999599439214901
3 10.015015015015015 0.9001499250374813
3 10.034034034034034 0.9003391859537111
3 10.053053053053054 0.9005277307577417
3 10.072072072072073 0.9007155635062611
3 10.091091091091092 0.9009026882253744
3 10.11011011011011 0.9010891089108911
3 10.12912912912913 0.9012748295286096
3 10.148148148148149 0.9014598540145985
3 10.167167167167168 0.901644186275475
3 10.186186186186188 0.9018278301886793
3 10.205205205205205 0.9020107896027465
3 10.224224224224224 0.9021930683375758
3 10.243243243243244 0.9023746701846965
3 10.262262262262263 0.9025555989075302
3 10.281281281281283 0.9027358582416513
3 10.3003003003003 0.9029154518950437
3 10.31931931931932 0.9030943835483558
3 10.338338338338339 0.903272656855151
3 10.357357357357358 0.9034502754421572
3 10.376376376376378 0.9036272429095119
3 10.395395395395397 0.9038035628310063
3 10.414414414414415 0.9039792387543253
3 10.433433433433434 0.9041542742012856
3 10.452452452452453 0.9043286726680713
3 10.471471471471473 0.904502437625466
3 10.490490490490492 0.904675572519084
3 10.50950950950951 0.9048480807695971
3 10.528528528528529 0.9050199657729606
3 10.547547547547548 0.9051912309006359
3 10.566566566566568 0.9053618794998105
3 10.585585585585587 0.9055319148936171
3 10.604604604604605 0.905701340381348
3 10.623623623623624 0.9058701592386695
3 10.642642642642643 0.906038374717833
3 10.661661661661663 0.9062059900478828
3 10.680680680680682 0.9063730084348641
3 10.6996996996997 0.9065394330620263
3 10.71871871871872 0.9067052670900262
3 10.737737737737739 0.9068705136571269
3 10.756756756756758 0.907035175879397
3 10.775775775775777 0.9071992568509057
3 10.794794794794795 0.9073627596439169
3 10.813813813813814 0.9075256873090808
3 10.832832832832834 0.9076880428756238
3 10.851851851851853 0.9078498293515358
3 10.870870870870872 0.9080110497237569
3 10.88988988988989 0.9081717069583601
3 10.90890890890891 0.9083318040007341
3 10.927927927927929 0.9084913437757626
3 10.946946946946948 0.9086503291880029
3 10.965965965965967 0.9088087631218622
3 10.984984984984985 0.9089666484417714
3 11.004004004004004 0.9091239879923588
3 11.023023023023024 0.9092807845986197
3 11.042042042042043 0.9094370410660865
3 11.061061061061062 0.9095927601809954
3 11.08008008008008 0.9097479447104526
3 11.0990990990991 0.9099025974025974
3 11.118118118118119 0.9100567209867652
3 11.137137137137138 0.9102103181736473
3 11.156156156156158 0.9103633916554509
3 11.175175175175177 0.9105159441060552
3 11.194194194194194 0.9106679781811678
3 11.213213213213214 0.9108194965184788
3 11.232232232232233 0.910970501737813
3 11.251251251251253 0.9111209964412812
3 11.270270270270272 0.9112709832134293
3 11.28928928928929 0.9114204646213868
3 11.308308308308309 0.9115694432150129
3 11.327327327327328 0.9117179215270413
3 11.346346346346348 0.9118659020732245
3 11.365365365365367 0.912013387352475
3 11.384384384384385 0.912160379847006
3 11.403403403403404 0.9123068820224719
3 11.422422422422423 0.9124528963281044
3 11.441441441441443 0.9125984251968504
3 11.460460460460462 0.9127434710455061
3 11.47947947947948 0.9128880362748517
3 11.498498498498499 0.9130321232697832
3 11.517517517517518 0.9131757343994438
3 11.536536536536538 0.9133188720173536
3 11.555555555555557 0.9134615384615384
3 11.574574574574575 0.9136037360546571
3 11.593593593593594 0.9137454671041271
3 11.612612612612613 0.9138867339022498
3 11.631631631631633 0.9140275387263339
3 11.650650650650652 0.9141678838388178
3 11.66966966966967 0.9143077714873906
3 11.68868868868869 0.9144472039051126
3 11.707707707707709 0.9145861833105335
3 11.726726726726728 0.9147247119078105
3 11.745745745745747 0.9148627918868246
3 11.764764764764765 0.9150004254232962
3 11.783783783783784 0.9151376146788991
3 11.802802802802804 0.9152743618013739
3 11.821821821821823 0.9154106689246402
3 11.840840840840842 0.915546538168907
3 11.85985985985986 0.9156819716407832
3 11.87887887887888 0.9158169714333867
3 11.897897897897899 0.9159515396264513
3 11.916916916916918 0.9160856782864343
3 11.935935935935937 0.916219389466622
3 11.954954954954957 0.9163526752072344
3 11.973973973973974 0.9164855375355292
3 11.992992992992994 0.9166179784659043
3 12.012012012012013 0.91675
3 12.031031031031032 0.9168816041267992
3 12.050050050050052 0.9170127928227281
3 12.06906906906907 0.9171435680517541
3 12.088088088088089 0.9172739317654852
3 12.107107107107108 0.9174038859032658
3 12.126126126126128 0.9175334323922734
3 12.145145145145147 0.9176625731476139
3 12.164164164164164 0.9177913100724161
3 12.183183183183184 0.9179196450579246
3 12.202202202202203 0.9180475799835931
3 12.221221221221223 0.9181751167171759
3 12.240240240240242 0.9183022571148185
3 12.25925925925926 0.918429003021148
3 12.278278278278279 0.9185553562693625
3 12.297297297297298 0.9186813186813186
3 12.316316316316318 0.9188068920676203
3 12.335335335335337 0.9189320782277043
3 12.354354354354355 0.919056878949927
3 12.373373373373374 0.9191812960116496
3 12.392392392392393 0.9193053311793214
3 12.411411411411413 0.9194289862085652
3 12.430430430430432 0.9195522628442584
3 12.44944944944945 0.9196751628206159
3 12.468468468468469 0.9197976878612717
3 12.487487487487488 0.9199198396793588
3 12.506506506506508 0.9200416199775893
3 12.525525525525527 0.9201630304483337
3 12.544544544544545 0.9202840727736993
3 12.563563563563564 0.9204047486256075
3 12.582582582582583 0.9205250596658712
3 12.601601601601603 0.9206450075462705
3 12.620620620620622 0.9207645939086294
3 12.63963963963964 0.9208838203848895
3 12.65865865865866 0.9210026885971849
3 12.677677677677679 0.9211212001579155
3 12.696696696696698 0.9212393566698203
3 12.715715715715717 0.9213571597260489
3 12.734734734734735 0.9214746109102342
3 12.753753753753754 0.9215917117965623
3 12.772772772772774 0.9217084639498433
3 12.791791791791793 0.921824868925581
3 12.810810810810812 0.9219409282700421
3 12.829829829829832 0.9220566435203246
3 12.84884884884885 0.922172016204425
3 12.867867867867869 0.9222870478413069
3 12.886886886886888 0.9224017399409663
3 12.905905905905907 0.9225160940044985
3 12.924924924924927 0.9226301115241636
3 12.943943943943944 0.9227437939834506
3 12.962962962962964 0.9228571428571428
3 12.981981981981983 0.922970159611381
3 13.001001001001002 0.9230828457037266
3 13.020020020020022 0.9231952025832244
3 13.03903903903904 0.9233072316904652
3 13.058058058058059 0.9234189344576467
3 13.077077077077078 0.9235303123086345
3 13.096096096096097 0.9236413666590232
3 13.115115115115117 0.923752098916196
3 13.134134134134134 0.9238625104793842
3 13.153153153153154 0.923972602739726
3 13.172172172172173 0.9240823770803253
3 13.191191191191193 0.924191834876309
3 13.210210210210212 0.9243009774948852
3 13.22922922922923 0.9244098062953995
3 13.248248248248249 0.9245183226293918
3 13.267267267267268 0.9246265278406519
3 13.286286286286288 0.9247344232652753
3 13.305305305305307 0.9248420102317183
3 13.324324324324325 0.9249492900608519
3 13.343343343343344 0.9250562640660165
3 13.362362362362363 0.9251629335530751
3 13.381381381381383 0.9252692998204668
3 13.400400400400402 0.925375364159259
3 13.41941941941942 0.9254811278532
3 13.438438438438439 0.9255865921787709
3 13.457457457457458 0.9256917584052365
3 13.476476476476478 0.9257966277946966
3 13.495495495495497 0.9259012016021362
3 13.514514514514515 0.9260054810754759
3 13.533533533533534 0.9261094674556213
3 13.552552552552553 0.9262131619765123
3 13.571571571571573 0.9263165658651719
3 13.590590590590592 0.9264196803417545
3 13.609609609609612 0.926522506619594
3 13.62862862862863 0.9266250459052515
3 13.647647647647648 0.9267272993985625
3 13.666666666666668 0.926829268292683
3 13.685685685685687 0.9269309537741369
3 13.704704704704707 0.9270323570228618
3 13.723723723723724 0.9271334792122539
3 13.742742742742744 0.927234321509214
3 13.761761761761763 0.9273348850741926
3 13.780780780780782 0.9274351710612334
3 13.799799799799802 0.9275351806180183
3 13.81881881881882 0.9276349148859109
3 13.837837837837839 0.927734375
3 13.856856856856858 0.9278335620891426
3 13.875875875875877 0.9279324772760064
3 13.894894894894897 0.9280311216771127
3 13.913913913913914 0.9281294964028777
3 13.932932932932934 0.928227602557655
3 13.951951951951953 0.9283254412397761
3 13.970970970970972 0.9284230135415921
3 13.989989989989992 0.9285203205495135
3 14.00900900900901 0.9286173633440514
3 14.028028028028029 0.9287141429998573
3 14.047047047047048 0.9288106605857621
3 14.066066066066067 0.9289069171648164
3 14.085085085085087 0.9290029137943288
3 14.104104104104104 0.9290986515259049
3 14.123123123123124 0.9291941314054859
3 14.142142142142143 0.9292893544733862
3 14.161161161161163 0.9293843217643317
3 14.180180180180182 0.9294790343074968
3 14.1991991991992 0.9295734931265421
3 14.218218218218219 0.9296676992396508
3 14.237237237237238 0.9297616536595655
3 14.256256256256258 0.9298553573936245
3 14.275275275275277 0.9299488114437978
3 14.294294294294295 0.9300420168067227
3 14.313313313313314 0.9301349744737394
3 14.332332332332333 0.9302276854309262
3 14.351351351351353 0.9303201506591338
3 14.370370370370372 0.9304123711340206
3 14.38938938938939 0.9305043478260869
3 14.408408408408409 0.9305960817007086
3 14.427427427427428 0.9306875737181711
3 14.446446446446448 0.9307788248337029
3 14.465465465465467 0.9308698359975088
3 14.484484484484486 0.9309606081548031
3 14.503503503503504 0.9310511422458416
3 14.522522522522523 0.9311414392059554
3 14.541541541541543 0.9312314999655813
3 14.560560560560562 0.9313213254502957
3 14.579579579579582 0.9314109165808445
3 14.598598598598599 0.931500274273176
3 14.617617617617618 0.9315893994384715
3 14.636636636636638 0.9316782929831761
3 14.655655655655657 0.9317669558090295
3 14.674674674674677 0.9318553888130968
3 14.693693693693694 0.9319435928877989
3 14.712712712712714 0.9320315689209416
3 14.731731731731733 0.9321193177957464
3 14.750750750750752 0.9322068403908795
3 14.769769769769772 0.9322941375804812
3 14.78878878878879 0.9323812102341952
3 14.807807807807809 0.9324680592171973
3 14.826826826826828 0.9325546853902241
3 14.845845845845847 0.9326410896096016
3 14.864864864864867 0.9327272727272727
3 14.883883883883884 0.9328132355908265
3 14.902902902902904 0.932898979043525
3 14.921921921921923 0.9329845039243309
3 14.940940940940942 0.9330698110679352
3 14.959959959959962 0.9331549013047842
3 14.97897897897898 0.9332397754611067
3 14.997997997997999 0.9333244343589401
3 15.017017017017018 0.9334088788161579
3 15.036036036036037 0.9334931096464949
3 15.055055055055057 0.9335771276595745
3 15.074074074074074 0.9336609336609336
3 15.093093093093094 0.9337445284520494
3 15.112112112112113 0.9338279128303637
3 15.131131131131133 0.9339110875893093
3 15.150150150150152 0.933994053518335
3 15.16916916916917 0.93407681140293
3 15.188188188188189 0.934159362024649
3 15.207207207207208 0.9342417061611374
3 15.226226226226228 0.9343238445861548
3 15.245245245245247 0.9344057780695995
3 15.264264264264266 0.9344875073775329
3 15.283283283283284 0.9345690332722033
3 15.302302302302303 0.9346503565120691
3 15.321321321321323 0.9347314778518229
3 15.340340340340342 0.9348123980424143
3 15.359359359359361 0.9348931178310741
3 15.378378378378379 0.9349736379613357
3 15.397397397397398 0.9350539591730594
3 15.416416416416418 0.9351340822024544
3 15.435435435435437 0.9352140077821012
3 15.454454454454456 0.9352937366409741
3 15.473473473473474 0.9353732695044638
3 15.492492492492493 0.9354526070943981
3 15.511511511511513 0.9355317501290655
3 15.530530530530532 0.9356106993232356
3 15.549549549549551 0.9356894553881808
3 15.568568568568569 0.935768019031698
3 15.587587587587588 0.9358463909581299
3 15.606606606606608 0.9359245718683856
3 15.625625625625627 0.9360025624599616
3 15.644644644644647 0.9360803634269627
3 15.663663663663664 0.9361579754601227
3 15.682682682682684 0.9362353992468245
3 15.701701701701703 0.9363126354711208
3 15.720720720720722 0.9363896848137536
3 15.739739739739742 0.936466547952175
3 15.75875875875876 0.9365432255605666
3 15.777777777777779 0.9366197183098591
3 15.796796796796798 0.9366960268677523
3 15.815815815815817 0.9367721518987342
3 15.834834834834837 0.9368480940641002
3 15.853853853853854 0.9369238540219724
3 15.872872872872874 0.9369994324273192
3 15.891891891891893 0.9370748299319728
3 15.910910910910912 0.9371500471846492
3 15.929929929929932 0.9372250848309664
3 15.94894894894895 0.9372999435134626
3 15.967967967967969 0.9373746238716149
3 15.986986986986988 0.9374491265418571
3 16.006006006006007 0.9375234521575985
3 16.025025025025027 0.9375976013492411
3 16.044044044044046 0.9376715747441977
3 16.063063063063062 0.9377453729669097
3 16.08208208208208 0.9378189966388647
3 16.1011011011011 0.9378924463786136
3 16.12012012012012 0.9379657228017884
3 16.13913913913914 0.9380388265211189
3 16.15815815815816 0.9381117581464502
3 16.177177177177178 0.9381845182847596
3 16.196196196196198 0.9382571075401731
3 16.215215215215217 0.9383295265139824
3 16.234234234234236 0.9384017758046614
3 16.253253253253256 0.9384738560078832
3 16.272272272272275 0.9385457677165354
3 16.291291291291294 0.9386175115207374
3 16.310310310310314 0.9386890880078557
3 16.329329329329333 0.9387604977625207
3 16.34834834834835 0.9388317413666422
3 16.36736736736737 0.9389028193994251
3 16.386386386386388 0.9389737324373855
3 16.405405405405407 0.9390444810543658
3 16.424424424424426 0.9391150658215505
3 16.443443443443442 0.9391854873074815
3 16.46246246246246 0.9392557460780737
3 16.48148148148148 0.9393258426966292
3 16.5005005005005 0.9393957777238534
3 16.51951951951952 0.9394655517178695
3 16.53853853853854 0.9395351652342332
3 16.55755755755756 0.9396046188259477
3 16.576576576576578 0.9396739130434782
3 16.595595595595597 0.9397430484347669
3 16.614614614614617 0.9398120255452465
3 16.633633633633636 0.9398808449178552
3 16.652652652652655 0.9399495070930513
3 16.671671671671675 0.9400180126088262
3 16.690690690690694 0.9400863620007197
3 16.709709709709713 0.9401545558018332
3 16.72872872872873 0.9402225945428435
3 16.74774774774775 0.9402904787520172
3 16.766766766766768 0.9403582089552239
3 16.785785785785787 0.9404257856759497
3 16.804804804804807 0.9404932094353109
3 16.823823823823826 0.9405604807520676
3 16.842842842842842 0.9406276001426364
3 16.86186186186186 0.9406945681211042
3 16.88088088088088 0.940761385199241
3 16.8998998998999 0.9408280518865131
3 16.91891891891892 0.9408945686900958
3 16.93793793793794 0.9409609361148868
3 16.956956956956958 0.9410271546635183
3 16.975975975975977 0.94109322483637
3 16.994994994994997 0.9411591471315821
3 17.014014014014016 0.9412249220450668
3 17.033033033033036 0.9412905500705219
3 17.052052052052055 0.9413560316994424
3 17.07107107107107 0.9414213674211329
3 17.09009009009009 0.94148655772272
3 17.10910910910911 0.9415516030891645
3 17.12812812812813 0.9416165040032728
3 17.147147147147148 0.9416812609457093
3 17.166166166166168 0.9417458743950085
3 17.185185185185187 0.9418103448275862
3 17.204204204204206 0.9418746727177518
3 17.223223223223226 0.9419388585377194
3 17.242242242242245 0.9420029027576198
3 17.261261261261264 0.9420668058455115
3 17.28028028028028 0.9421305682673927
3 17.2992992992993 0.9421941904872121
3 17.31831831831832 0.9422576729668806
3 17.33733733733734 0.9423210161662817
3 17.356356356356358 0.942384220543284
3 17.375375375375377 0.9424472865537504
3 17.394394394394396 0.9425102146515509
3 17.413413413413416 0.9425730052885721
3 17.432432432432435 0.9426356589147287
3 17.451451451451454 0.9426981759779741
3 17.47047047047047 0.942760556924311
3 17.48948948948949 0.9428228021978022
3 17.50850850850851 0.9428849122405809
3 17.52752752752753 0.9429468874928613
3 17.546546546546548 0.9430087283929488
3 17.565565565565567 0.943070435377251
3 17.584584584584587 0.9431320088802869
3 17.603603603603606 0.9431934493346981
3 17.622622622622625 0.9432547571712582
3 17.641641641641645 0.9433159328188834
3 17.66066066066066 0.943376976704642
3 17.67967967967968 0.9434378892537651
3 17.6986986986987 0.9434986708896556
3 17.71771771771772 0.9435593220338984
3 17.736736736736738 0.9436198431062701
3 17.755755755755757 0.9436802345247491
3 17.774774774774777 0.9437404967055246
3 17.793793793793796 0.9438006300630063
3 17.812812812812815 0.9438606350098342
3 17.831831831831835 0.9439205119568879
3 17.85085085085085 0.9439802613132956
3 17.86986986986987 0.9440398834864441
3 17.88888888888889 0.9440993788819876
3 17.90790790790791 0.9441587479038569
3 17.926926926926928 0.9442179909542688
3 17.945945945945947 0.9442771084337349
3 17.964964964964967 0.9443361007410709
3 17.983983983983986 0.9443949682734053
3 18.003003003003005 0.9444537114261885
3 18.022022022022025 0.9445123305932015
3 18.04104104104104 0.944570826166565
3 18.06006006006006 0.9446291985367475
3 18.07907907907908 0.9446874480925752
3 18.0980980980981 0.9447455752212389
3 18.117117117117118 0.9448035803083044
3 18.136136136136138 0.9448614637377194
3 18.155155155155157 0.9449192258918233
3 18.174174174174176 0.944976867151355
3 18.193193193193196 0.9450343878954608
3 18.212212212212215 0.9450917885017038
3 18.231231231231234 0.9451490693460715
3 18.25025025025025 0.9452062308029837
3 18.26926926926927 0.9452632732453017
3 18.28828828828829 0.945320197044335
3 18.30730730730731 0.9453770025698507
3 18.326326326326328 0.9454336901900808
3 18.345345345345347 0.9454902602717302
3 18.364364364364366 0.9455467131799847
3 18.383383383383386 0.9456030492785189
3 18.402402402402405 0.9456592689295039
3 18.421421421421424 0.9457153724936151
3 18.44044044044044 0.9457713603300402
3 18.45945945945946 0.9458272327964861
3 18.47847847847848 0.9458829902491874
3 18.4974974974975 0.9459386330429136
3 18.516516516516518 0.9459941615309764
3 18.535535535535537 0.9460495760652373
3 18.554554554554556 0.9461048769961157
3 18.573573573573576 0.946160064672595
3 18.592592592592595 0.9462151394422311
3 18.611611611611615 0.9462701016511591
3 18.63063063063063 0.9463249516441006
3 18.64964964964965 0.9463796897643713
3 18.66866866866867 0.9464343163538874
3 18.68768768768769 0.9464888317531737
3 18.706706706706708 0.9465432363013698
3 18.725725725725727 0.9465975303362377
3 18.744744744744747 0.9466517141941685
3 18.763763763763766 0.9467057882101894
3 18.782782782782785 0.9467597527179706
3 18.801801801801805 0.9468136080498323
3 18.82082082082082 0.9468673545367514
3 18.83983983983984 0.9469209925083684
3 18.85885885885886 0.9469745222929936
3 18.87787787787788 0.9470279442176149
3 18.896896896896898 0.9470812586079034
3 18.915915915915917 0.9471344657882204
3 18.934934934934937 0.947187566081624
3 18.953953953953956 0.9472405598098759
3 18.972972972972975 0.9472934472934473
3 18.991991991991995 0.9473462288515259
3 19.011011011011014 0.9473989048020219
3 19.03003003003003 0.9474514754615749
3 19.04904904904905 0.9475039411455597
3 19.06806806806807 0.9475563021680928
3 19.087087087087088 0.947608558842039
3 19.106106106106107 0.9476607114790171
3 19.125125125125127 0.9477127603894064
3 19.144144144144146 0.947764705882353
3 19.163163163163166 0.9478165482657752
3 19.182182182182185 0.9478682878463707
3 19.201201201201204 0.9479199249296215
3 19.22022022022022 0.947971459819801
3 19.23923923923924 0.9480228928199792
3 19.25825825825826 0.9480742242320287
3 19.27727727727728 0.948125454356631
3 19.296296296296298 0.9481765834932822
3 19.315315315315317 0.9482276119402985
3 19.334334334334336 0.9482785399948227
3 19.353353353353356 0.9483293679528292
3 19.372372372372375 0.9483800961091303
3 19.391391391391394 0.9484307247573818
3 19.41041041041041 0.9484812541900882
3 19.42942942942943 0.9485316846986089
3 19.44844844844845 0.9485820165731639
3 19.46746746746747 0.9486322501028384
3 19.486486486486488 0.9486823855755895
3 19.505505505505507 0.948732423278251
3 19.524524524524526 0.9487823634965393
3 19.543543543543546 0.9488322065150584
3 19.562562562562565 0.9488819526173055
3 19.581581581581585 0.9489316020856763
3 19.6006006006006 0.9489811552014709
3 19.61961961961962 0.9490306122448979
3 19.63863863863864 0.9490799734950813
3 19.65765765765766 0.9491292392300642
3 19.676676676676678 0.9491784097268149
3 19.695695695695697 0.9492274852612319
3 19.714714714714717 0.9492764661081493
3 19.733733733733736 0.9493253525413412
3 19.752752752752755 0.9493741448335276
3 19.771771771771775 0.9494228432563792
3 19.790790790790794 0.949471448080522
3 19.80980980980981 0.9495199595755432
3 19.82882882882883 0.9495683780099955
3 19.84784784784785 0.949616703651402
3 19.866866866866868 0.949664936766262
3 19.885885885885887 0.9497130776200544
3 19.904904904904907 0.9497611264772442
3 19.923923923923926 0.9498090836012861
3 19.942942942942945 0.9498569492546304
3 19.961961961961965 0.9499047236987264
3 19.980980980980984 0.9499524071940284
3 20.0 0.95
