5 1.0 0.0
5 1.019019019019019 0.021943545411289303
5 1.038038038038038 0.043012940162093616
5 1.057057057057057 0.06325564369226547
5 1.0760760760760761 0.08271798081563657
5 1.095095095095095 0.10144745686801993
5 1.1141141141141142 0.11947729050375883
5 1.1331331331331331 0.13684294851152232
5 1.1521521521521523 0.15358522617006445
5 1.1711711711711712 0.16973738616794465
5 1.1901901901901901 0.18532149230337214
5 1.2092092092092093 0.20036455232274278
5 1.2282282282282282 0.2149012040934868
5 1.2472472472472473 0.22895916583979106
5 1.2662662662662663 0.24255010209514538
5 1.2852852852852852 0.25569491943883893
5 1.3043043043043043 0.26841496956714583
5 1.3233233233233235 0.2807515180401687
5 1.3423423423423424 0.2926998409226077
5 1.3613613613613613 0.3042763573233253
5 1.3803803803803805 0.3154965828498851
5 1.3993993993993994 0.32638402985668385
5 1.4184184184184185 0.336965183906047
5 1.4374374374374375 0.34723349945900506
5 1.4564564564564564 0.3572013563253721
5 1.4754754754754755 0.36688049707196735
5 1.4944944944944947 0.37628551009155525
5 1.5135135135135136 0.38545317913479216
5 1.5325325325325325 0.394365359037917
5 1.5515515515515514 0.4030315489467789
5 1.5705705705705706 0.411460788697204
5 1.5895895895895897 0.41966168627798145
5 1.6086086086086087 0.42765683494793294
5 1.6276276276276276 0.4354612708773521
5 1.6466466466466467 0.44306198458445906
5 1.6656656656656659 0.45046604012533714
5 1.6846846846846848 0.4576801831671433
5 1.7037037037037037 0.4647108587485818
5 1.7227227227227226 0.4715690788794
5 1.7417417417417418 0.47828870428046055
5 1.760760760760761 0.4848434777254221
5 1.7797797797797799 0.49123875416463403
5 1.7987987987987988 0.49747966252535275
5 1.817817817817818 0.5035711175275388
5 1.8368368368368369 0.5095178307655802
5 1.855855855855856 0.515330969346441
5 1.874874874874875 0.5210407489835152
5 1.8938938938938938 0.5266195298497772
5 1.912912912912913 0.5320712758622937
5 1.9319319319319321 0.5373997951753628
5 1.950950950950951 0.5426087477669806
5 1.96996996996997 0.5477016525858383
5 1.9889889889889891 0.5526818942882703
5 2.008008008008008 0.5575690395533472
5 2.027027027027027 0.5623738922155656
5 2.046046046046046 0.5670760477850764
5 2.065065065065065 0.5716783888081125
5 2.0840840840840844 0.5761836928426743
5 2.103103103103103 0.5805946372015702
5 2.1221221221221223 0.5849138034404052
5 2.141141141141141 0.5891436816063732
5 2.16016016016016 0.5932866742626023
5 2.1791791791791795 0.5973729634458045
5 2.1981981981981984 0.6013899506474771
5 2.2172172172172173 0.6053271883367736
5 2.2362362362362362 0.6091867466548461
5 2.255255255255255 0.6129706260746696
5 2.2742742742742745 0.6166807603112145
5 2.2932932932932935 0.6203190190868071
5 2.3123123123123124 0.623887210760019
5 2.3313313313313317 0.6273870848258766
5 2.3503503503503502 0.6308203342946813
5 2.3693693693693696 0.6342215183969877
5 2.3883883883883885 0.637567325338644
5 2.4074074074074074 0.6408515749336268
5 2.426426426426427 0.6440757419747216
5 2.4454454454454453 0.6472412554869607
5 2.4644644644644647 0.650349500491683
5 2.4834834834834836 0.6534018196895403
5 2.5025025025025025 0.6563995150667555
5 2.521521521521522 0.6593438494286914
5 2.5405405405405403 0.6622360478645346
5 2.5595595595595597 0.665077299146682
5 2.5785785785785786 0.6678896787881388
5 2.5975975975975976 0.6706729364894645
5 2.616616616616617 0.6734088283358594
5 2.635635635635636 0.6760984003921771
5 2.6546546546546548 0.6787426688211274
5 2.6736736736736737 0.6813426209455219
5 2.6926926926926926 0.683899216265501
5 2.711711711711712 0.6864133874329572
5 2.730730730730731 0.6888860411852382
5 2.74974974974975 0.691318059240102
5 2.768768768768769 0.6937102991537885
5 2.7877877877877877 0.6960635951439663
5 2.806806806806807 0.6983787588792261
5 2.825825825825826 0.7006754747518786
5 2.844844844844845 0.7029564157582757
5 2.8638638638638643 0.705201680524265
5 2.8828828828828827 0.7074119904413294
5 2.901901901901902 0.7095880480382086
5 2.920920920920921 0.7117305375941856
5 2.93993993993994 0.7138401257285666
5 2.9589589589589593 0.7159174619674289
5 2.9779779779779783 0.7179631792886515
5 2.996996996996997 0.7199778946461941
5 3.016016016016016 0.7219622094745405
5 3.035035035035035 0.7239167101741748
5 3.0540540540540544 0.7258419685789219
5 3.0730730730730733 0.7277385424059307
5 3.0920920920920922 0.7296069756890557
5 3.111111111111111 0.7314565819223312
5 3.13013013013013 0.7333088303137276
5 3.1491491491491495 0.7351345867999485
5 3.1681681681681684 0.7369343395148747
5 3.1871871871871873 0.7387085649720562
5 3.206206206206206 0.7404577284088633
5 3.2252252252252256 0.7421822841184655
5 3.2442442442442445 0.743882675770131
5 3.2632632632632634 0.7455593367183262
5 3.2822822822822824 0.7472126903010714
5 3.3013013013013013 0.7488431501279804
5 3.3203203203203207 0.7504511203584058
5 3.3393393393393396 0.7520369959700747
5 3.3583583583583585 0.7536011630186022
5 3.3773773773773774 0.7551439988882334
5 3.396396396396397 0.756665872534163
5 3.4154154154154157 0.7581671447167595
5 3.4344344344344346 0.7596481682280085
5 3.4534534534534536 0.7611145445831426
5 3.4724724724724725 0.7625930986380298
5 3.491491491491492 0.7640524690488718
5 3.5105105105105108 0.7654929753061336
5 3.5295295295295297 0.7669149300327381
5 3.5485485485485486 0.7683186391678145
5 3.567567567567568 0.7697044021445635
5 3.586586586586587 0.7710725120624702
5 3.605605605605606 0.7724232558540625
5 3.6246246246246248 0.7737569144464216
5 3.6436436436436437 0.775073762917635
5 3.662662662662663 0.7763740706483724
5 3.681681681681682 0.7776581014687678
5 3.700700700700701 0.7789261138007707
5 3.71971971971972 0.7801783607961311
5 3.738738738738739 0.7814150904701723
5 3.757757757757758 0.7826365458315026
5 3.776776776776777 0.7838429650078104
5 3.795795795795796 0.7850345813678732
5 3.814814814814815 0.7862116236399216
5 3.8338338338338342 0.7873743160264783
5 3.852852852852853 0.7885228783157983
5 3.871871871871872 0.7896688811721649
5 3.890890890890891 0.7908249572772473
5 3.90990990990991 0.7919675581151092
5 3.9289289289289293 0.7930968845376741
5 3.9479479479479482 0.7942131335372757
5 3.966966966966967 0.79531649833902
5 3.985985985985986 0.7964071684905009
5 4.005005005005005 0.7974853299489602
5 4.024024024024024 0.798551165165977
5 4.043043043043044 0.7996048531697667
5 4.062062062062062 0.8006465696451665
5 4.081081081081081 0.801676487011388
5 4.1001001001001 0.8026947744976024
5 4.119119119119119 0.8037015982164345
5 4.138138138138139 0.8046971212354285
5 4.157157157157157 0.8056815036465531
5 4.176176176176177 0.8066549026338091
5 4.195195195195195 0.8076174725389944
5 4.2142142142142145 0.8085693649256923
5 4.233233233233234 0.809510728641534
5 4.252252252252252 0.8104417098787879
5 4.271271271271272 0.8113624522333356
5 4.29029029029029 0.8122730967620736
5 4.3093093093093096 0.8131737820388012
5 4.328328328328329 0.8140646442086297
5 4.347347347347347 0.8149458170409668
5 4.366366366366367 0.8158174319811172
5 4.385385385385385 0.8166945683309067
5 4.404404404404405 0.8175803516533271
5 4.423423423423424 0.8184569576602293
5 4.442442442442443 0.8193245075203551
5 4.461461461461462 0.8201831203421359
5 4.48048048048048 0.8210329132173427
5 4.4994994994995 0.8218740012636228
5 4.518518518518519 0.8227064976659669
5 4.537537537537538 0.8235305137171323
5 4.556556556556557 0.8243461588570518
5 4.575575575575575 0.8251535407112627
5 4.594594594594595 0.8259527651283797
5 4.613613613613614 0.8267439362166417
5 4.6326326326326335 0.827527156379558
5 4.651651651651652 0.8283025263506808
5 4.67067067067067 0.8290701452275275
5 4.68968968968969 0.8298301105046791
5 4.708708708708709 0.8305825181060743
5 4.7277277277277285 0.831327462416526
5 4.746746746746747 0.8320650363124801
5 4.7657657657657655 0.8327953311920374
5 4.784784784784785 0.8335184370042596
5 4.803803803803804 0.83423444227778
5 4.822822822822824 0.8349434341487366
5 4.841841841841842 0.8356454983880462
5 4.8608608608608606 0.8363407194280424
5 4.87987987987988 0.8370291803884846
5 4.898898898898899 0.8377109631019657
5 4.917917917917919 0.8383861481387309
5 4.936936936936937 0.8390548148309184
5 4.9559559559559565 0.8397170412962472
5 4.974974974974975 0.8403729044611592
5 4.993993993993994 0.841022480083432
5 5.013013013013014 0.8416658427742791
5 5.032032032032032 0.8423186492388657
5 5.051051051051052 0.8429801196002552
5 5.07007007007007 0.8436355809955168
5 5.089089089089089 0.8442851027796351
5 5.108108108108109 0.8449287532776246
5 5.127127127127127 0.8455665998035959
5 5.146146146146147 0.8461987086793964
5 5.165165165165165 0.8468251452528426
5 5.1841841841841845 0.8474459739155471
5 5.203203203203204 0.8480612581203582
5 5.222222222222222 0.8486710603984173
5 5.241241241241242 0.8492754423758436
5 5.26026026026026 0.8498744647900591
5 5.2792792792792795 0.8504681875057595
5 5.298298298298299 0.851056669530541
5 5.317317317317317 0.8516399690301926
5 5.336336336336337 0.8522181433436614
5 5.355355355355356 0.8527912489976974
5 5.374374374374375 0.8533593417211901
5 5.393393393393394 0.8539224764591998
5 5.412412412412412 0.854480707386694
5 5.431431431431432 0.8550340879219945
5 5.450450450450451 0.855582670739944
5 5.46946946946947 0.8561265077847975
5 5.488488488488489 0.8566656502828458
5 5.5075075075075075 0.8572001487547773
5 5.526526526526527 0.8577300530277849
5 5.545545545545546 0.8582554122474245
5 5.564564564564565 0.8587762748892278
5 5.583583583583584 0.8592926887700825
5 5.602602602602603 0.8598047010593745
5 5.621621621621622 0.8603123582899102
5 5.640640640640641 0.860815706368614
5 5.65965965965966 0.8613147905870113
5 5.678678678678679 0.8618096556315015
5 5.6976976976976985 0.862300345593423
5 5.716716716716717 0.8627869039789218
5 5.735735735735736 0.8632693737186183
5 5.754754754754755 0.8637477971770883
5 5.773773773773774 0.8642222161621501
5 5.792792792792794 0.8646926719339755
5 5.811811811811812 0.8651592052140177
5 5.830830830830831 0.8656218561937642
5 5.84984984984985 0.8660806645433229
5 5.868868868868869 0.8665420454078383
5 5.887887887887889 0.8670206754112119
5 5.906906906906907 0.8674955593567114
5 5.9259259259259265 0.867966734415999
5 5.944944944944945 0.868434237286424
5 5.963963963963964 0.8688981041985709
5 5.982982982982984 0.8693583709236627
5 6.002002002002002 0.8698150727808224
5 6.0210210210210215 0.8702682446441972
5 6.04004004004004 0.8707179209499506
5 6.059059059059059 0.8711641357031185
5 6.078078078078079 0.8716069224843407
5 6.097097097097097 0.8720463144564632
5 6.116116116116117 0.8724823443710206
5 6.135135135135136 0.8729150445745939
5 6.1541541541541545 0.8733444470150543
5 6.173173173173174 0.8737705832476895
5 6.192192192192192 0.874193484441218
5 6.211211211211212 0.8746131813836909
5 6.230230230230231 0.8750297044882898
5 6.2492492492492495 0.8754430837990137
5 6.268268268268269 0.875853348996267
5 6.287287287287287 0.8762605294023423
5 6.306306306306307 0.8766646539868079
5 6.325325325325326 0.8770657513717938
5 6.344344344344345 0.8774638498371858
5 6.363363363363364 0.8778589773257263
5 6.382382382382382 0.8782511614480216
5 6.401401401401402 0.8786404294874632
5 6.420420420420421 0.8790268084050584
5 6.43943943943944 0.8794103248441776
5 6.458458458458459 0.8797910051352172
5 6.477477477477478 0.8801688753001797
5 6.496496496496497 0.8805439610571748
5 6.515515515515516 0.8809162878248391
5 6.534534534534535 0.8812858807266825
5 6.553553553553554 0.8816527645953547
5 6.572572572572573 0.882016963976841
5 6.591591591591592 0.8823785031345833
5 6.610610610610611 0.8827374060535323
5 6.62962962962963 0.8830936964441269
5 6.648648648648649 0.8834473977462073
5 6.6676676676676685 0.883798533132862
5 6.686686686686687 0.884147125514207
5 6.705705705705706 0.8844931975411022
5 6.724724724724725 0.8848367716088031
5 6.743743743743744 0.8851778698605536
5 6.762762762762764 0.8855165141911158
5 6.781781781781782 0.8858527262502408
5 6.800800800800801 0.8861865274460821
5 6.81981981981982 0.8865179389485515
5 6.838838838838839 0.8868469816926183
5 6.857857857857859 0.8871736763815555
5 6.876876876876877 0.8874980434901294
5 6.8958958958958965 0.8878201032677401
5 6.914914914914916 0.8881398757415057
5 6.933933933933934 0.8884573807193002
5 6.952952952952954 0.8887726377927387
5 6.971971971971972 0.8890856663401145
5 6.9909909909909915 0.889396485529289
5 7.010010010010011 0.8897051143205333
5 7.029029029029029 0.8900346042974154
5 7.048048048048049 0.8903630093895277
5 7.067067067067067 0.8906892587742677
5 7.086086086086087 0.8910133703583258
5 7.105105105105106 0.8913353618572145
5 7.124124124124124 0.8916552507978127
5 7.143143143143144 0.8919730545208735
5 7.162162162162162 0.8922887901834874
5 7.181181181181182 0.8926024747615104
5 7.200200200200201 0.8929141250519522
5 7.2192192192192195 0.8932237576753255
5 7.238238238238239 0.8935313890779603
5 7.257257257257257 0.89383703553428
5 7.276276276276277 0.8941407131490436
5 7.295295295295296 0.8944424378595512
5 7.314314314314315 0.8947422254378156
5 7.333333333333334 0.8950400914927011
5 7.352352352352353 0.8953360514720269
5 7.371371371371372 0.8956301206646416
5 7.390390390390391 0.8959223142024609
5 7.40940940940941 0.8962126470624774
5 7.428428428428429 0.8965011340687398
5 7.447447447447448 0.8967877898942984
5 7.466466466466467 0.8970726290631246
5 7.485485485485486 0.897355665951999
5 7.504504504504505 0.8976369147923711
5 7.523523523523524 0.8979163896721919
5 7.542542542542543 0.8981941045377166
5 7.561561561561562 0.8984700731952828
5 7.580580580580581 0.8987443093130599
5 7.5995995995996 0.8990168264227727
5 7.618618618618619 0.8992876379214003
5 7.6376376376376385 0.8995567570728474
5 7.656656656656657 0.8998241970095935
5 7.675675675675676 0.9000899707343147
5 7.694694694694695 0.900354091121484
5 7.713713713713714 0.9006165709189463
5 7.7327327327327335 0.9008774227494705
5 7.751751751751752 0.9011366591122792
5 7.770770770770771 0.9013942923845563
5 7.789789789789791 0.9016503348229302
5 7.808808808808809 0.9019047985649385
5 7.827827827827829 0.9021576956304693
5 7.846846846846847 0.9024090379231832
5 7.8658658658658664 0.902658837231911
5 7.884884884884886 0.9029071052320367
5 7.903903903903904 0.9031538534868561
5 7.922922922922924 0.9033990934489171
5 7.941941941941942 0.9036428364613424
5 7.9609609609609615 0.9038850937591305
5 7.979979979979981 0.9041258764704407
5 7.998998998998999 0.9043651956178567
5 8.018018018018019 0.9046030621196358
5 8.037037037037038 0.904839486790939
5 8.056056056056057 0.90507448034504
5 8.075075075075077 0.9053080533945258
5 8.094094094094094 0.90554021645247
5 8.113113113113114 0.9057709799335971
5 8.132132132132133 0.9060003541554282
5 8.15115115115115 0.9062283493394093
5 8.17017017017017 0.9064549756120258
5 8.18918918918919 0.9066802430059007
5 8.208208208208209 0.9069041614608772
5 8.227227227227228 0.9071267408250867
5 8.246246246246248 0.907347990856002
5 8.265265265265267 0.9075679212214769
5 8.284284284284285 0.9077865415007678
5 8.303303303303304 0.9080038611855474
5 8.322322322322323 0.9082198896808994
5 8.34134134134134 0.9084346363063002
5 8.36036036036036 0.908648110296591
5 8.37937937937938 0.9088603208029313
5 8.398398398398399 0.9090712768937447
5 8.417417417417418 0.9092809875556465
5 8.436436436436438 0.9094894616943636
5 8.455455455455457 0.9096967081356399
5 8.474474474474475 0.9099027356261286
5 8.493493493493494 0.9101075528342737
5 8.512512512512513 0.9103111683511813
5 8.531531531531531 0.9105135906914743
5 8.55055055055055 0.910714828294141
5 8.56956956956957 0.9109148895233709
5 8.588588588588589 0.9111137826693764
5 8.607607607607608 0.9113115159492081
5 8.626626626626628 0.9115080975075561
5 8.645645645645647 0.9117035354175423
5 8.664664664664667 0.9118978376815019
5 8.683683683683684 0.9121108564777041
5 8.702702702702704 0.9123233908631936
5 8.721721721721721 0.912534794551159
5 8.74074074074074 0.9127450751561593
5 8.75975975975976 0.912954240226813
5 8.77877877877878 0.9131622972465131
5 8.797797797797799 0.9133692536341278
5 8.816816816816818 0.9135751167446968
5 8.835835835835837 0.9137798938701159
5 8.854854854854857 0.9139835922398137
5 8.873873873873874 0.9141862190214199
5 8.892892892892894 0.9143877813214236
5 8.911911911911913 0.9145882861858254
5 8.93093093093093 0.9147877406007793
5 8.94994994994995 0.914986151493226
5 8.96896896896897 0.9151835257315222
5 8.987987987987989 0.9153798701260555
5 9.007007007007008 0.9155751914298569
5 9.026026026026027 0.915769496339203
5 9.045045045045045 0.9159627914942117
5 9.064064064064064 0.9161550834794284
5 9.083083083083084 0.9163463788244092
5 9.102102102102103 0.9165366840042902
5 9.121121121121122 0.916726005440356
5 9.14014014014014 0.9169143495005984
5 9.15915915915916 0.9171017225002667
5 9.178178178178179 0.9172881307024143
5 9.197197197197198 0.9174735803184358
5 9.216216216216218 0.9176580775085993
5 9.235235235235235 0.9178416283825704
5 9.254254254254255 0.9180242389999326
5 9.273273273273274 0.9182059153706972
5 9.292292292292293 0.91838666345581
5 9.311311311311313 0.9185664891676528
5 9.33033033033033 0.918745398370533
5 9.34934934934935 0.9189233968811754
5 9.368368368368369 0.9191004904692006
5 9.387387387387388 0.9192766848576028
5 9.406406406406408 0.9194519857232178
5 9.425425425425425 0.9196263986971895
5 9.444444444444445 0.9197999293654269
5 9.463463463463464 0.9199725832690578
5 9.482482482482483 0.9201443659048765
5 9.501501501501503 0.9203152827257862
5 9.52052052052052 0.9204853391412356
5 9.53953953953954 0.9206545405176515
5 9.558558558558559 0.9208228921788646
5 9.577577577577578 0.9209903994065312
5 9.596596596596598 0.9211570674405504
5 9.615615615615617 0.9213229014794745
5 9.634634634634635 0.9214879066809171
5 9.653653653653654 0.921652088161954
5 9.672672672672673 0.9218154509995212
5 9.691691691691693 0.9219780002308062
5 9.710710710710712 0.922139740853637
5 9.72972972972973 0.9223006778268653
5 9.74874874874875 0.9224608160707448
5 9.767767767767769 0.9226201604673063
5 9.786786786786788 0.9227787158607268
5 9.805805805805807 0.9229364870576972
5 9.824824824824825 0.9230934788277806
5 9.843843843843844 0.9232496959037738
5 9.862862862862864 0.9234051429820564
5 9.881881881881883 0.9235598247229427
5 9.900900900900902 0.9237137457510265
5 9.91991991991992 0.9238669106555198
5 9.93893893893894 0.9240193239905935
5 9.957957957957959 0.9241709902757085
5 9.976976976976978 0.9243219139959459
5 9.995995995995997 0.9244720996023325
5 10.015015015015015 0.9246215515121636
5 10.034034034034034 0.9247702741093203
5 10.053053053053054 0.9249182717445855
5 10.072072072072073 0.9250655487359545
5 10.091091091091092 0.925212109368942
5 10.11011011011011 0.9253579578968879
5 10.12912912912913 0.9255030985412576
5 10.148148148148149 0.9256475354919385
5 10.167167167167168 0.9257912729075345
5 10.186186186186188 0.9259343149156584
5 10.205205205205205 0.9260766656132168
5 10.224224224224224 0.9262183290666967
5 10.243243243243244 0.9263593093124453
5 10.262262262262263 0.9264996103569489
5 10.281281281281283 0.9266392361771073
5 10.3003003003003 0.9267781907205063
5 10.31931931931932 0.9269164779056854
5 10.338338338338339 0.9270541016224064
5 10.357357357357358 0.9271910657319132
5 10.376376376376378 0.9273273740671939
5 10.395395395395397 0.9274630304332375
5 10.414414414414415 0.9275980386072891
5 10.433433433433434 0.9277324023391004
5 10.452452452452453 0.9278661253511794
5 10.471471471471473 0.9279992113390366
5 10.490490490490492 0.9281316639714284
5 10.50950950950951 0.9282634868905985
5 10.528528528528529 0.9283946837125147
5 10.547547547547548 0.928525258027107
5 10.566566566566568 0.9286552133984983
5 10.585585585585587 0.928784553365237
5 10.604604604604605 0.9289132814405248
5 10.623623623623624 0.9290414011124409
5 10.642642642642643 0.9291689158441678
5 10.661661661661663 0.9292958290742104
5 10.680680680680682 0.9294221442166147
5 10.6996996996997 0.9295478646611858
5 10.71871871871872 0.9296729937736995
5 10.737737737737739 0.929797534896115
5 10.756756756756758 0.9299214913467855
5 10.775775775775777 0.9300448664206631
5 10.794794794794795 0.9301676633895058
5 10.813813813813814 0.9302898855020791
5 10.832832832832834 0.9304115359843577
5 10.851851851851853 0.9305326180397232
5 10.870870870870872 0.9306531348491617
5 10.88988988988989 0.9307730895714575
5 10.90890890890891 0.9308924853433858
5 10.927927927927929 0.9310113252799028
5 10.946946946946948 0.9311296124743348
5 10.965965965965967 0.9312473499985644
5 10.984984984984985 0.9313645409032149
5 11.004004004004004 0.9314811882178334
5 11.023023023023024 0.931597294951071
5 11.042042042042043 0.931712864090862
5 11.061061061061062 0.9318278986046016
5 11.08008008008008 0.9319424014393192
5 11.0990990990991 0.9320563755218549
5 11.118118118118119 0.9321698237590276
5 11.137137137137138 0.932282749037808
5 11.156156156156158 0.9323951542254847
5 11.175175175175177 0.9325070421698324
5 11.194194194194194 0.9326184156992744
5 11.213213213213214 0.9327292776230482
5 11.232232232232233 0.9328396307313644
5 11.251251251251253 0.9329494777955694
5 11.270270270270272 0.9330622345491321
5 11.28928928928929 0.9331875923626023
5 11.308308308308309 0.9333124382670238
5 11.327327327327328 0.9334367749186012
5 11.346346346346348 0.9335606049557809
5 11.365365365365367 0.9336839309993984
5 11.384384384384385 0.933806755652826
5 11.403403403403404 0.9339290815021187
5 11.422422422422423 0.9340509111161565
5 11.441441441441443 0.934172247046788
5 11.460460460460462 0.9342930918289714
5 11.47947947947948 0.9344134479809134
5 11.498498498498499 0.9345333180042081
5 11.517517517517518 0.934652704383974
5 11.536536536536538 0.9347716095889882
5 11.555555555555557 0.9348900360718221
5 11.574574574574575 0.9350079862689739
5 11.593593593593594 0.9351254626009994
5 11.612612612612613 0.9352424674726435
5 11.631631631631633 0.9353590032729674
5 11.650650650650652 0.9354750723754782
5 11.66966966966967 0.9355906771382545
5 11.68868868868869 0.9357058199040708
5 11.707707707707709 0.9358205030005233
5 11.726726726726728 0.9359347287401515
5 11.745745745745747 0.9360484994205597
5 11.764764764764765 0.936161817324538
5 11.783783783783784 0.9362746847201817
5 11.802802802802804 0.9363871038610082
5 11.821821821821823 0.936499076986076
5 11.840840840840842 0.9366106063200984
5 11.85985985985986 0.9367216940735599
5 11.87887887887888 0.9368323424428281
5 11.897897897897899 0.936942553610268
5 11.916916916916918 0.9370523297443532
5 11.935935935935937 0.937161672999775
5 11.954954954954957 0.9372705855175527
5 11.973973973973974 0.9373790694251422
5 11.992992992992994 0.937487126836542
5 12.012012012012013 0.9375947598524011
5 12.031031031031032 0.9377019705601229
5 12.050050050050052 0.9378087610339703
5 12.06906906906907 0.9379151333351684
5 12.088088088088089 0.9380210895120067
5 12.107107107107108 0.9381266315999416
5 12.126126126126128 0.938231761621695
5 12.145145145145147 0.9383364815873548
5 12.164164164164164 0.9384407934944742
5 12.183183183183184 0.9385446993281665
5 12.202202202202203 0.9386482010612051
5 12.221221221221223 0.9387513006541167
5 12.240240240240242 0.938854000055278
5 12.25925925925926 0.9389563012010081
5 12.278278278278279 0.9390582060156626
5 12.297297297297298 0.9391597164117257
5 12.316316316316318 0.9392608342899013
5 12.335335335335337 0.939361561539204
5 12.354354354354355 0.9394619000370484
5 12.373373373373374 0.9395618516493379
5 12.392392392392393 0.939661418230553
5 12.411411411411413 0.9397606016238389
5 12.430430430430432 0.9398594036610911
5 12.44944944944945 0.9399578261630421
5 12.468468468468469 0.9400558709393451
5 12.487487487487488 0.940153539788659
5 12.506506506506508 0.9402508344987317
5 12.525525525525527 0.9403477568464819
5 12.544544544544545 0.9404443085980818
5 12.563563563563564 0.9405404915090378
5 12.582582582582583 0.9406363073242707
5 12.601601601601603 0.9407317577781958
5 12.620620620620622 0.9408268445948013
5 12.63963963963964 0.9409215694877263
5 12.65865865865866 0.9410159341603397
5 12.677677677677679 0.9411099403058145
5 12.696696696696698 0.9412035896072071
5 12.715715715715717 0.9412968837375292
5 12.734734734734735 0.9413898243598253
5 12.753753753753754 0.9414824131272458
5 12.772772772772774 0.9415746516831197
5 12.791791791791793 0.9416665416610287
5 12.810810810810812 0.9417580846848781
5 12.829829829829832 0.941849282368969
5 12.84884884884885 0.9419401363180696
5 12.867867867867869 0.9420306481274834
5 12.886886886886888 0.942120819383121
5 12.905905905905907 0.942210651661568
5 12.924924924924927 0.9423001465301531
5 12.943943943943944 0.9423893055470172
5 12.962962962962964 0.9424781302611787
5 12.981981981981983 0.9425666222126016
5 13.001001001001002 0.94265478293226
5 13.020020020020022 0.9427426139422055
5 13.03903903903904 0.9428301167556308
5 13.058058058058059 0.9429172928769332
5 13.077077077077078 0.9430041438017797
5 13.096096096096097 0.9430906710171701
5 13.115115115115117 0.9431768760014986
5 13.134134134134134 0.9432627602246163
5 13.153153153153154 0.9433483251478932
5 13.172172172172173 0.9434335722242789
5 13.191191191191193 0.9435185028983627
5 13.210210210210212 0.9436031186064335
5 13.22922922922923 0.9436874207765404
5 13.248248248248249 0.9437714108285502
5 13.267267267267268 0.9438550901742062
5 13.286286286286288 0.943938460217187
5 13.305305305305307 0.9440215223531622
5 13.324324324324325 0.9441042779698509
5 13.343343343343344 0.9441867284470773
5 13.362362362362363 0.9442688751568268
5 13.381381381381383 0.9443507194633021
5 13.400400400400402 0.9444322627229768
5 13.41941941941942 0.9445135062846511
5 13.438438438438439 0.9445944514895058
5 13.457457457457458 0.944675099671155
5 13.476476476476478 0.9447554521557007
5 13.495495495495497 0.9448355102617839
5 13.514514514514515 0.9449152753006381
5 13.533533533533534 0.9449947485761407
5 13.552552552552553 0.9450739313848643
5 13.571571571571573 0.9451528250161274
5 13.590590590590592 0.945231430752046
5 13.609609609609612 0.945309749867582
5 13.62862862862863 0.9453877836305946
5 13.647647647647648 0.9454655333018886
5 13.666666666666668 0.9455430001352632
5 13.685685685685687 0.9456201853775605
5 13.704704704704707 0.9456970902687148
5 13.723723723723724 0.9457737160417986
5 13.742742742742744 0.94585006392307
5 13.761761761761763 0.9459261351320202
5 13.780780780780782 0.9460019308814206
5 13.799799799799802 0.9460774523773674
5 13.81881881881882 0.9461527008193278
5 13.837837837837839 0.9462276774001861
5 13.856856856856858 0.9463023833062878
5 13.875875875875877 0.9463768197174846
5 13.894894894894897 0.9464509878071778
5 13.913913913913914 0.9465248887423637
5 13.932932932932934 0.9465985236836766
5 13.951951951951953 0.9466718937854304
5 13.970970970970972 0.9467450001956635
5 13.989989989989992 0.94681784405618
5 14.00900900900901 0.9468904265025921
5 14.028028028028029 0.9469627486643624
5 14.047047047047048 0.9470348116648439
5 14.066066066066067 0.9471066166213233
5 14.085085085085087 0.9471781646450596
5 14.104104104104104 0.9472494568413253
5 14.123123123123124 0.9473204943094469
5 14.142142142142143 0.9473912781428443
5 14.161161161161163 0.9474618094290705
5 14.180180180180182 0.9475320892498504
5 14.1991991991992 0.9476021186811201
5 14.218218218218219 0.9476718987930639
5 14.237237237237238 0.9477414306501548
5 14.256256256256258 0.9478107153111914
5 14.275275275275277 0.9478797538293345
5 14.294294294294295 0.9479485472521462
5 14.313313313313314 0.9480170966216249
5 14.332332332332333 0.9480854029742437
5 14.351351351351353 0.9481534673409872
5 14.370370370370372 0.948221290747384
5 14.38938938938939 0.9482888742135478
5 14.408408408408409 0.9483562187542086
5 14.427427427427428 0.9484233253787505
5 14.446446446446448 0.9484901950912453
5 14.465465465465467 0.9485568288904885
5 14.484484484484486 0.948623227770032
5 14.503503503503504 0.94868939271822
5 14.522522522522523 0.9487553247182221
5 14.541541541541543 0.9488210247480668
5 14.560560560560562 0.9488864937806755
5 14.579579579579582 0.9489517327838951
5 14.598598598598599 0.9490167427205303
5 14.617617617617618 0.9490815245483782
5 14.636636636636638 0.949146079220258
5 14.655655655655657 0.9492104076840454
5 14.674674674674677 0.9492745108827029
5 14.693693693693694 0.949338389754312
5 14.712712712712714 0.9494020452321048
5 14.731731731731733 0.9494654782444948
5 14.750750750750752 0.9495286897151078
5 14.769769769769772 0.9495916805628121
5 14.78878878878879 0.9496544517017499
5 14.807807807807809 0.9497170040413669
5 14.826826826826828 0.9497793384864419
5 14.845845845845847 0.9498414559371168
5 14.864864864864867 0.9499033572889264
5 14.883883883883884 0.9499650434328272
5 14.902902902902904 0.9500265152552267
5 14.921921921921923 0.950087773638012
5 14.940940940940942 0.9501488194585785
5 14.959959959959962 0.950209653589858
5 14.97897897897898 0.9502702769003474
5 14.997997997997999 0.9503306902541364
5 15.017017017017018 0.9503908945109345
5 15.036036036036037 0.9504508905261001
5 15.055055055055057 0.950510679150666
5 15.074074074074074 0.9505702612313681
5 15.093093093093094 0.950629637610671
5 15.112112112112113 0.9506888091267953
5 15.131131131131133 0.9507477766137447
5 15.150150150150152 0.9508065409013307
5 15.16916916916917 0.9508651028152
5 15.188188188188189 0.95092346317686
5 15.207207207207208 0.9509816228037054
5 15.226226226226228 0.9510395825090413
5 15.245245245245247 0.9510973431021111
5 15.264264264264266 0.9511549053881204
5 15.283283283283284 0.9512122701682619
5 15.302302302302303 0.9512694382397409
5 15.321321321321323 0.9513264103957987
5 15.340340340340342 0.9513831874257381
5 15.359359359359361 0.9514397701149473
5 15.378378378378379 0.9514961592449237
5 15.397397397397398 0.9515523555932975
5 15.416416416416418 0.9516083599338564
5 15.435435435435437 0.951664173036568
5 15.454454454454456 0.9517197956676039
5 15.473473473473474 0.9517752285893623
5 15.492492492492493 0.9518304725604911
5 15.511511511511513 0.9518855283359116
5 15.530530530530532 0.951940396666839
5 15.549549549549551 0.9519950783008082
5 15.568568568568569 0.9520495739816927
5 15.587587587587588 0.9521038844497284
5 15.606606606606608 0.9521580104415366
5 15.625625625625627 0.9522119526901439
5 15.644644644644647 0.9522657119250044
5 15.663663663663664 0.9523192888720222
5 15.682682682682684 0.9523726842535715
5 15.701701701701703 0.9524258987885191
5 15.720720720720722 0.952478933192244
5 15.739739739739742 0.9525317881766594
5 15.75875875875876 0.9525844644502334
5 15.777777777777779 0.9526369627180085
5 15.796796796796798 0.9526892836816235
5 15.815815815815817 0.9527414280393331
5 15.834834834834837 0.952793396486028
5 15.853853853853854 0.9528451897132552
5 15.872872872872874 0.9528968084092375
5 15.891891891891893 0.9529482532588938
5 15.910910910910912 0.9529995249438575
5 15.929929929929932 0.9530506241424977
5 15.94894894894895 0.9531015515299374
5 15.967967967967969 0.9531534980577473
5 15.986986986986988 0.9532162453146166
5 16.006006006006007 0.9532788141029372
5 16.025025025025027 0.9533412050745559
5 16.044044044044046 0.9534034188782372
5 16.063063063063062 0.953465456159681
5 16.08208208208208 0.9535273175615422
5 16.1011011011011 0.9535890037234463
5 16.12012012012012 0.9536505152820104
5 16.13913913913914 0.9537118528708571
5 16.15815815815816 0.953773017120636
5 16.177177177177178 0.9538340086590382
5 16.196196196196198 0.9538948281108148
5 16.215215215215217 0.9539554760977945
5 16.234234234234236 0.9540159532389
5 16.253253253253256 0.9540762601501647
5 16.272272272272275 0.9541363974447505
5 16.291291291291294 0.9541963657329644
5 16.310310310310314 0.9542561656222739
5 16.329329329329333 0.9543157977173254
5 16.34834834834835 0.9543752626199586
5 16.36736736736737 0.9544345609292249
5 16.386386386386388 0.954493693241401
5 16.405405405405407 0.9545526601500072
5 16.424424424424426 0.9546114622458225
5 16.443443443443442 0.9546701001169007
5 16.46246246246246 0.9547285743485847
5 16.48148148148148 0.9547868855235243
5 16.5005005005005 0.9548450342216904
5 16.51951951951952 0.9549030210203903
5 16.53853853853854 0.9549608464942835
5 16.55755755755756 0.9550185112153966
5 16.576576576576578 0.9550760157531387
5 16.595595595595597 0.9551333606743158
5 16.614614614614617 0.9551905465431465
5 16.633633633633636 0.9552475739212757
5 16.652652652652655 0.9553044433677899
5 16.671671671671675 0.9553611554392317
5 16.690690690690694 0.9554177106896152
5 16.709709709709713 0.9554741096704379
5 16.72872872872873 0.9555303529306973
5 16.74774774774775 0.9555864410169047
5 16.766766766766768 0.9556423744730976
5 16.785785785785787 0.9556981538408561
5 16.804804804804807 0.9557537796593152
5 16.823823823823826 0.9558092524651782
5 16.842842842842842 0.9558645727927332
5 16.86186186186186 0.9559197411738625
5 16.88088088088088 0.955974758138059
5 16.8998998998999 0.95602962421244
5 16.91891891891892 0.956084339921758
5 16.93793793793794 0.9561389057884158
5 16.956956956956958 0.9561933223324801
5 16.975975975975977 0.9562475900716925
5 16.994994994994997 0.9563017095214844
5 17.014014014014016 0.9563556811949888
5 17.033033033033036 0.956409505603054
5 17.052052052052055 0.9564631832542553
5 17.07107107107107 0.9565167146549084
5 17.09009009009009 0.9565701003090809
5 17.10910910910911 0.9566233407186068
5 17.12812812812813 0.956676436383097
5 17.147147147147148 0.9567293877999518
5 17.166166166166168 0.956782195464374
5 17.185185185185187 0.9568348598693807
5 17.204204204204206 0.9568873815058144
5 17.223223223223226 0.9569397608623574
5 17.242242242242245 0.9569919984255398
5 17.261261261261264 0.9570440946797559
5 17.28028028028028 0.957096050107272
5 17.2992992992993 0.9571478651882401
5 17.31831831831832 0.9571995404007098
5 17.33733733733734 0.9572510762206381
5 17.356356356356358 0.9573024731219025
5 17.375375375375377 0.9573537315763118
5 17.394394394394396 0.957404852053616
5 17.413413413413416 0.9574558350215204
5 17.432432432432435 0.9575066809456945
5 17.451451451451454 0.9575573902897825
5 17.47047047047047 0.9576079635154177
5 17.48948948948949 0.9576584010822298
5 17.50850850850851 0.9577087034478566
5 17.52752752752753 0.957758871067957
5 17.546546546546548 0.9578089043962185
5 17.565565565565567 0.9578588038843701
5 17.584584584584587 0.9579085699821915
5 17.603603603603606 0.9579582031375252
5 17.622622622622625 0.958007703796285
5 17.641641641641645 0.9580570724024681
5 17.66066066066066 0.9581063093981635
5 17.67967967967968 0.9581554152235651
5 17.6986986986987 0.958204390316978
5 17.71771771771772 0.9582532351148326
5 17.736736736736738 0.9583019500516915
5 17.755755755755757 0.9583505355602613
5 17.774774774774777 0.9583989920714013
5 17.793793793793796 0.9584473200141347
5 17.812812812812815 0.9584955198156578
5 17.831831831831835 0.9585435919013485
5 17.85085085085085 0.9585915366947779
5 17.86986986986987 0.9586393546177188
5 17.88888888888889 0.958687046090155
5 17.90790790790791 0.9587346115302919
5 17.926926926926928 0.9587820513545647
5 17.945945945945947 0.9588293659776488
5 17.964964964964967 0.9588765558124678
5 17.983983983983986 0.9589236212702044
5 18.003003003003005 0.9589705627603079
5 18.022022022022025 0.9590173806905046
5 18.04104104104104 0.9590640754668057
5 18.06006006006006 0.9591106474935182
5 18.07907907907908 0.9591570971732511
5 18.0980980980981 0.9592034249069267
5 18.117117117117118 0.9592496310937882
5 18.136136136136138 0.9592957161314092
5 18.155155155155157 0.9593416804157012
5 18.174174174174176 0.9593875243409241
5 18.193193193193196 0.959433248299693
5 18.212212212212215 0.9594788526829877
5 18.231231231231234 0.9595243378801614
5 18.25025025025025 0.9595697042789487
5 18.26926926926927 0.9596149522654736
5 18.28828828828829 0.9596600822242591
5 18.30730730730731 0.959705094538234
5 18.326326326326328 0.959749989588743
5 18.345345345345347 0.9597947677555527
5 18.364364364364366 0.9598394294168606
5 18.383383383383386 0.9598839749493049
5 18.402402402402405 0.9599284047279699
5 18.421421421421424 0.9599727191263951
5 18.44044044044044 0.9600169185165841
5 18.45945945945946 0.9600610032690106
5 18.47847847847848 0.9601049737526277
5 18.4974974974975 0.9601488303348749
5 18.516516516516518 0.9601925733816868
5 18.535535535535537 0.9602362032574995
5 18.554554554554556 0.9602797203252592
5 18.573573573573576 0.9603231249464298
5 18.592592592592595 0.9603664174809993
5 18.611611611611615 0.9604095982874895
5 18.63063063063063 0.9604526677229607
5 18.64964964964965 0.9604956261430214
5 18.66866866866867 0.9605384739018354
5 18.68768768768769 0.9605812113521275
5 18.706706706706708 0.960623838845192
5 18.725725725725727 0.9606663567309005
5 18.744744744744747 0.960708765357708
5 18.763763763763766 0.9607510650726604
5 18.782782782782785 0.9607932562214014
5 18.801801801801805 0.960835339148181
5 18.82082082082082 0.9608773141958598
5 18.83983983983984 0.9609191817059184
5 18.85885885885886 0.9609609420184633
5 18.87787787787788 0.9610025954722343
5 18.896896896896898 0.9610441424046106
5 18.915915915915917 0.9610855831516182
5 18.934934934934937 0.9611269180479362
5 18.953953953953956 0.9611681474269045
5 18.972972972972975 0.9612092716205295
5 18.991991991991995 0.9612502909594908
5 19.011011011011014 0.9612912057731485
5 19.03003003003003 0.9613320163895495
5 19.04904904904905 0.9613727231354332
5 19.06806806806807 0.9614133263362395
5 19.087087087087088 0.9614538263161138
5 19.106106106106107 0.9614942233979152
5 19.125125125125127 0.9615345179032198
5 19.144144144144146 0.9615747101523306
5 19.163163163163166 0.9616148004642819
5 19.182182182182185 0.9616547891568455
5 19.201201201201204 0.9616946765465374
5 19.22022022022022 0.9617344629486242
5 19.23923923923924 0.9617741486771284
5 19.25825825825826 0.9618137340448351
5 19.27727727727728 0.9618532193632986
5 19.296296296296298 0.9618926049428472
5 19.315315315315317 0.9619318910925906
5 19.334334334334336 0.9619710781204242
5 19.353353353353356 0.9620101663330366
5 19.372372372372375 0.9620491560359149
5 19.391391391391394 0.9620880475333509
5 19.41041041041041 0.9621268411284453
5 19.42942942942943 0.9621655371231166
5 19.44844844844845 0.9622041358181037
5 19.46746746746747 0.9622426375129732
5 19.486486486486488 0.9622810425061255
5 19.505505505505507 0.9623193510947995
5 19.524524524524526 0.9623575635750783
5 19.543543543543546 0.9623956802418959
5 19.562562562562565 0.962433701389041
5 19.581581581581585 0.9624716273091641
5 19.6006006006006 0.9625094582937826
5 19.61961961961962 0.9625471946332854
5 19.63863863863864 0.9625848366169393
5 19.65765765765766 0.9626223845328943
5 19.676676676676678 0.9626598386681885
5 19.695695695695697 0.9626971993087544
5 19.714714714714717 0.9627344667394222
5 19.733733733733736 0.9627716412439282
5 19.752752752752755 0.9628087231049169
5 19.771771771771775 0.962845712603948
5 19.790790790790794 0.9628826100215017
5 19.80980980980981 0.9629194156369824
5 19.82882882882883 0.9629561297287255
5 19.84784784784785 0.9629927525740019
5 19.866866866866868 0.9630292844490228
5 19.885885885885887 0.9630657256289444
5 19.904904904904907 0.9631020763878743
5 19.923923923923926 0.9631383369988747
5 19.942942942942945 0.9631745077339692
5 19.961961961961965 0.9632105888641466
5 19.980980980980984 0.963246580659365
5 20.0 0.963282483388559
