3 1.0 0.0
3 1.019019019019019 0.00933202357563846
3 1.038038038038038 0.018322082931533284
3 1.057057057057057 0.026988636363636336
3 1.0760760760760761 0.035348837209302354
3 1.095095095095095 0.043418647166361964
3 1.1141141141141142 0.051212938005390875
3 1.1331331331331331 0.05874558303886926
3 1.1521521521521523 0.0660295395308428
3 1.1711711711711712 0.07307692307692308
3 1.1901901901901901 0.07989907485281747
3 1.2092092092092093 0.08650662251655632
3 1.2282282282282282 0.09290953545232272
3 1.2472472472472473 0.09911717495987162
3 1.2662662662662663 0.10513833992094862
3 1.2852852852852852 0.11098130841121492
3 1.3043043043043043 0.11665387567152725
3 1.3233233233233235 0.12216338880484119
3 1.3423423423423424 0.12751677852348994
3 1.3613613613613613 0.13272058823529412
3 1.3803803803803805 0.1377810007251632
3 1.3993993993993994 0.1427038626609442
3 1.4184184184184185 0.1474947071277347
3 1.4374374374374375 0.15215877437325906
3 1.4564564564564564 0.15670103092783502
3 1.4754754754754755 0.16112618724559025
3 1.4944944944944947 0.16543871399866045
3 1.5135135135135136 0.16964285714285715
3 1.5325325325325325 0.1737426518615284
3 1.5515515515515514 0.17774193548387093
3 1.5705705705705706 0.18164435946462715
3 1.5895895895895897 0.18545340050377837
3 1.6086086086086087 0.18917237087741134
3 1.6276276276276276 0.19280442804428044
3 1.6466466466466467 0.19635258358662616
3 1.6656656656656659 0.19981971153846156
3 1.6846846846846848 0.20320855614973263
3 1.7037037037037037 0.20652173913043478
3 1.7227227227227226 0.20976176641487507
3 1.7417417417417418 0.21293103448275863
3 1.760760760760761 0.21603183627060832
3 1.7797797797797799 0.219066366704162
3 1.7987987987987988 0.22203672787979967
3 1.817817817817818 0.22494493392070486
3 1.8368368368368369 0.22779291553133516
3 1.855855855855856 0.23058252427184467
3 1.874874874874875 0.23331553657234383
3 1.8938938938938938 0.2359936575052854
3 1.912912912912913 0.23861852433281006
3 1.9319319319319321 0.24119170984455962
3 1.950950950950951 0.24371472550025655
3 1.96996996996997 0.2461890243902439
3 1.9889889889889891 0.24861600402617012
3 2.008008008008008 0.25099700897308075
3 2.027027027027027 0.25333333333333335
3 2.046046046046046 0.2556262230919765
3 2.065065065065065 0.2578768783325254
3 2.0840840840840844 0.2600864553314121
3 2.103103103103103 0.262256068538791
3 2.1221221221221223 0.2643867924528302
3 2.141141141141141 0.2664796633941094
3 2.16016016016016 0.26853568118628357
3 2.1791791791791795 0.2705558107487368
3 2.1981981981981984 0.2725409836065574
3 2.2172172172172173 0.2744920993227991
3 2.2362362362362362 0.2764100268576544
3 2.255255255255255 0.2782956058588549
3 2.2742742742742745 0.280149647887324
3 2.2932932932932935 0.281972937581842
3 2.3123123123123124 0.2837662337662338
3 2.3313313313313317 0.28553027050236157
3 2.3503503503503502 0.2872657580919932
3 2.3693693693693696 0.2889733840304183
3 2.3883883883883885 0.2906538139145013
3 2.4074074074074074 0.2923076923076923
3 2.426426426426427 0.2939356435643565
3 2.4454454454454453 0.2955382726156365
3 2.4644644644644647 0.29711616571892774
3 2.4834834834834836 0.29866989117291415
3 2.5025025025025025 0.3002
3 2.521521521521522 0.3017070265978563
3 2.5405405405405403 0.3031914893617021
3 2.5595595595595597 0.3046538912788424
3 2.5785785785785786 0.3060947204968944
3 2.5975975975975976 0.30751445086705204
3 2.616616616616617 0.30891354246365726
3 2.635635635635636 0.31029244208127615
3 2.6546546546546548 0.31165158371040724
3 2.6736736736736737 0.3129913889928866
3 2.6926926926926926 0.3143122676579926
3 2.711711711711712 0.31561461794019935
3 2.730730730730731 0.31689882697947214
3 2.74974974974975 0.31816527120495086
3 2.768768768768769 0.31941431670282
3 2.7877877877877877 0.32064631956912026
3 2.806806806806807 0.32186162624821685
3 2.825825825825826 0.3230605738575983
3 2.844844844844845 0.3242434904996481
3 2.8638638638638643 0.32541069556099267
3 2.8828828828828827 0.3265625
3 2.901901901901902 0.32769920662297347
3 2.920920920920921 0.32882111034955447
3 2.93993993993994 0.3299284984678243
3 2.9589589589589593 0.33102165087956703
3 2.9779779779779783 0.33210084033613446
3 2.996996996996997 0.3331663326653307
3 3.016016016016016 0.33510344064608927
3 3.035035035035035 0.33718117854001767
3 3.0540540540540544 0.3392330383480827
3 3.0730730730730733 0.3412595005428883
3 3.0920920920920922 0.34326103377576356
3 3.111111111111111 0.34523809523809534
3 3.13013013013013 0.34719113100948734
3 3.1491491491491495 0.3491205763933038
3 3.1681681681681684 0.3510268562401265
3 3.1871871871871873 0.3529103852596316
3 3.206206206206206 0.35477156832136547
3 3.2252252252252256 0.35661080074487905
3 3.2442442442442445 0.3584284685796566
3 3.2632632632632634 0.3602249488752557
3 3.2822822822822824 0.3620006099420556
3 3.3013013013013013 0.3637558116029918
3 3.3203203203203207 0.36549090543663965
3 3.3393393393393396 0.3672062350119905
3 3.3583583583583585 0.36890213611525097
3 3.3773773773773774 0.37057893696897853
3 3.396396396396397 0.3722369584438551
3 3.4154154154154157 0.37387651426338425
3 3.4344344344344346 0.3754979112017877
3 3.4534534534534536 0.3771014492753624
3 3.4724724724724725 0.37868742192754884
3 3.491491491491492 0.3802561162079512
3 3.5105105105105108 0.3818078129455376
3 3.5295295295295297 0.38334278691624135
3 3.5485485485485486 0.3848613070051717
3 3.567567567567568 0.38636363636363646
3 3.586586586586587 0.38785003256116857
3 3.605605605605606 0.38932074773274117
3 3.6246246246246248 0.39077602872134776
3 3.6436436436436437 0.39221611721611727
3 3.662662662662663 0.39364124988612564
3 3.681681681681682 0.3950516585100599
3 3.700700700700701 0.39644757010188447
3 3.71971971971972 0.3978292070326517
3 3.738738738738739 0.39919678714859447
3 3.757757757757758 0.4005505238856332
3 3.776776776776777 0.4018906263804224
3 3.795795795795796 0.40321729957805913
3 3.814814814814815 0.40453074433656966
3 3.8338338338338342 0.4058311575282856
3 3.852852852852853 0.4071187321382178
3 3.871871871871872 0.40839365735953126
3 3.890890890890891 0.4096561186862191
3 3.90990990990991 0.41090629800307227
3 3.9289289289289293 0.4121443736730362
3 3.9479479479479482 0.413370520622042
3 3.966966966966967 0.414584910421398
3 3.985985985985986 0.41578771136782194
3 4.005005005005005 0.41697908856119315
3 4.024024024024024 0.4181592039800996
3 4.043043043043044 0.4193282165552531
3 4.062062062062062 0.4204862822408412
3 4.081081081081081 0.42163355408388525
3 4.1001001001001 0.42277018229166674
3 4.119119119119119 0.42389631429728647
3 4.138138138138139 0.42501209482341573
3 4.157157157157157 0.42611766594429734
3 4.176176176176177 0.4272131671460532
3 4.195195195195195 0.4282987353853496
3 4.2142142142142145 0.42937450514647674
3 4.233233233233234 0.4304406084968867
3 4.252252252252252 0.43149717514124303
3 4.271271271271272 0.4325443324740256
3 4.29029029029029 0.4335822056307358
3 4.3093093093093096 0.4346109175377469
3 4.328328328328329 0.43563058896083884
3 4.347347347347347 0.43664133855246
3 4.366366366366367 0.43764328289775345
3 4.385385385385385 0.4386365365593853
3 4.404404404404405 0.4396212121212122
3 4.423423423423424 0.44059742023082155
3 4.442442442442443 0.44156526964097953
3 4.461461461461462 0.4425248672500188
3 4.48048048048048 0.4434763181411976
3 4.4994994994995 0.4444197256210605
3 4.518518518518519 0.4453551912568307
3 4.537537537537538 0.44628281491286137
3 4.556556556556557 0.4472026947861747
3 4.575575575575575 0.44811492744111436
3 4.594594594594595 0.4490196078431373
3 4.613613613613614 0.4499168293917698
3 4.6326326326326335 0.4508066839527515
3 4.651651651651652 0.45168926188939107
3 4.67067067067067 0.4525646520931562
3 4.68968968968969 0.45343294201351836
3 4.708708708708709 0.4542942176870749
3 4.7277277277277285 0.4551485637659681
3 4.746746746746747 0.4559960635456208
3 4.7657657657657655 0.4568367989918085
3 4.784784784784785 0.45767085076708514
3 4.803803803803804 0.45849829825658134
3 4.822822822822824 0.45931921959319233
3 4.841841841841842 0.4601336916821722
3 4.8608608608608606 0.4609417902251511
3 4.87987987987988 0.4617435897435898
3 4.898898898898899 0.46253916360168923
3 4.917917917917919 0.4633285840287673
3 4.936936936936937 0.4641119221411193
3 4.9559559559559565 0.4648892479633745
3 4.974974974974975 0.4656606304493629
3 4.993993993993994 0.4664261375025056
3 5.013013013013014 0.46718583599574026
3 5.032032032032032 0.4679397917909954
3 5.051051051051052 0.4686880697582244
3 5.07007007007007 0.46943073379401123
3 5.089089089089089 0.4701678468397588
3 5.108108108108109 0.47089947089947104
3 5.127127127127127 0.4716256670571392
3 5.146146146146147 0.4723464954937432
3 5.165165165165165 0.47306201550387605
3 5.1841841841841845 0.4737722855120037
3 5.203203203203204 0.4744773630883674
3 5.222222222222222 0.4751773049645391
3 5.241241241241242 0.4758721670486377
3 5.26026026026026 0.47656200444021574
3 5.2792792792792795 0.47724687144482375
3 5.298298298298299 0.47792682158826133
3 5.317317317317317 0.4786019076305221
3 5.336336336336337 0.47927218157944107
3 5.355355355355356 0.47993769470404996
3 5.374374374374375 0.48059849754765016
3 5.393393393393394 0.48125463994060885
3 5.412412412412412 0.4819061710128846
3 5.431431431431432 0.4825531392062908
3 5.450450450450451 0.48319559228650144
3 5.46946946946947 0.4838335773548073
3 5.488488488488489 0.48446714085962683
3 5.5075075075075075 0.48509632860777907
3 5.526526526526527 0.4857211857755238
3 5.545545545545546 0.4863417569193743
3 5.564564564564565 0.4869580859866883
3 5.583583583583584 0.4875702163260429
3 5.602602602602603 0.4881781906973975
3 5.621621621621622 0.4887820512820514
3 5.640640640640641 0.4893818396923988
3 5.65965965965966 0.48997759698148813
3 5.678678678678679 0.49056936365238857
3 5.6976976976976985 0.4911571796673695
3 5.716716716716717 0.4917410844568961
3 5.735735735735736 0.4923211169284469
3 5.754754754754755 0.49289731547515514
3 5.773773773773774 0.4934697179842812
3 5.792792792792794 0.4940383618455159
3 5.811811811811812 0.49460328395912284
3 5.830830830830831 0.49516452074392
3 5.84984984984985 0.4957221081451062
3 5.868868868868869 0.4962760816419354
3 5.887887887887889 0.49682647625524207
3 5.906906906906907 0.4973733265548213
3 5.9259259259259265 0.4979166666666668
3 5.944944944944945 0.49845653028006964
3 5.963963963963964 0.49899295065458216
3 5.982982982982984 0.49952596062684745
3 6.002002002002002 0.5000555926173005
3 6.0210210210210215 0.5005818786367415
3 6.04004004004004 0.5011048502927854
3 6.059059059059059 0.5016245387961893
3 6.078078078078079 0.502140974967062
3 6.097097097097097 0.5026541892409566
3 6.116116116116117 0.50316421167485
3 6.135135135135136 0.5036710719530104
3 6.1541541541541545 0.5041747993927566
3 6.173173173173174 0.5046754229501109
3 6.192192192192192 0.5051729712253477
3 6.211211211211212 0.5056674724684396
3 6.230230230230231 0.5061589545844045
3 6.2492492492492495 0.5066474451385552
3 6.268268268268269 0.5071329713616524
3 6.287287287287287 0.5076155601549648
3 6.306306306306307 0.5080952380952382
3 6.325325325325326 0.5085720314395739
3 6.344344344344345 0.5090459661302199
3 6.363363363363364 0.5095170677992764
3 6.382382382382382 0.5099853617733167
3 6.401401401401402 0.5104508730779256
3 6.420420420420421 0.5109136264421579
3 6.43943943943944 0.5113736463029173
3 6.458458458458459 0.5118309568092582
3 6.477477477477478 0.5122855818266111
3 6.496496496496497 0.5127375449409348
3 6.515515515515516 0.5131868694627952
3 6.534534534534535 0.5136335784313726
3 6.553553553553554 0.5140776946184004
3 6.572572572572573 0.5145192405320338
3 6.591591591591592 0.514958238420653
3 6.610610610610611 0.5153947102766001
3 6.62962962962963 0.5158286778398511
3 6.648648648648649 0.5162601626016261
3 6.6676676676676685 0.5166891858079369
3 6.686686686686687 0.5171157684630739
3 6.705705705705706 0.5175399313330349
3 6.724724724724725 0.5179616949488937
3 6.743743743743744 0.5183810796101134
3 6.762762762762764 0.5187981053878035
3 6.781781781781782 0.5192127921279214
3 6.800800800800801 0.5196251594544207
3 6.81981981981982 0.520035226772347
3 6.838838838838839 0.5204430132708822
3 6.857857857857859 0.5208485379263369
3 6.876876876876877 0.5212518195050947
3 6.8958958958958965 0.521652876566507
3 6.914914914914916 0.5220517274657404
3 6.933933933933934 0.5224483903565758
3 6.952952952952954 0.5228428831941646
3 6.971971971971972 0.5232352237377363
3 6.9909909909909915 0.5236254295532647
3 7.010010010010011 0.5240135180160884
3 7.029029029029029 0.524399506313491
3 7.048048048048049 0.5247834114472377
3 7.067067067067067 0.5251652502360719
3 7.086086086086087 0.5255450393181712
3 7.105105105105106 0.5259227951535644
3 7.124124124124124 0.5262985340265094
3 7.143143143143144 0.5266722720478327
3 7.162162162162162 0.5270440251572328
3 7.181181181181182 0.527413809125546
3 7.200200200200201 0.5277816395569768
3 7.2192192192192195 0.5281475318912924
3 7.238238238238239 0.5285115014059836
3 7.257257257257257 0.5288735632183909
3 7.276276276276277 0.5292337322877976
3 7.295295295295296 0.52959202341749
3 7.314314314314315 0.5299484512567858
3 7.333333333333334 0.5303030303030304
3 7.352352352352353 0.5306557749035626
3 7.371371371371372 0.5310066992576499
3 7.390390390390391 0.5313558174183937
3 7.40940940940941 0.5317031432946051
3 7.428428428428429 0.5320486906526525
3 7.447447447447448 0.5323924731182796
3 7.466466466466467 0.5327345041783975
3 7.485485485485486 0.5330747971828476
3 7.504504504504505 0.5334133653461386
3 7.523523523523524 0.5337502217491574
3 7.542542542542543 0.5340853793408539
3 7.561561561561562 0.5344188509398995
3 7.580580580580581 0.5347506492363221
3 7.5995995995996 0.5350807867931157
3 7.618618618618619 0.5354092760478256
3 7.6376376376376385 0.5357361293141111
3 7.656656656656657 0.5360613587832833
3 7.675675675675676 0.5363849765258217
3 7.694694694694695 0.5367069944928669
3 7.713713713713714 0.5370274245176919
3 7.7327327327327335 0.5373462783171522
3 7.751751751751752 0.5376635674931131
3 7.770770770770771 0.5379793035338573
3 7.789789789789791 0.5382934978154716
3 7.808808808808809 0.5386061616032134
3 7.827827827827829 0.538917306052856
3 7.846846846846847 0.539226942212017
3 7.8658658658658664 0.5395350810214644
3 7.884884884884886 0.5398417333164065
3 7.903903903903904 0.5401469098277609
3 7.922922922922924 0.5404506211834071
3 7.941941941941942 0.5407528779094195
3 7.9609609609609615 0.5410536904312839
3 7.979979979979981 0.5413530690750963
3 7.998998998998999 0.5416510240687441
3 8.018018018018019 0.5419475655430712
3 8.037037037037038 0.5422427035330262
3 8.056056056056057 0.542536447978794
3 8.075075075075077 0.5428288087269122
3 8.094094094094094 0.5431197955313711
3 8.113113113113114 0.5434094180546989
3 8.132132132132133 0.5436976858690301
3 8.15115115115115 0.5439846084571617
3 8.17017017017017 0.5442701952135915
3 8.18918918918919 0.5445544554455446
3 8.208208208208209 0.5448373983739838
3 8.227227227227228 0.5451190331346069
3 8.246246246246248 0.5453993687788299
3 8.265265265265267 0.5456784142747568
3 8.284284284284285 0.545956178508136
3 8.303303303303304 0.5462326702833032
3 8.322322322322323 0.5465078983241121
3 8.34134134134134 0.5467818712748511
3 8.36036036036036 0.5470545977011495
3 8.37937937937938 0.5473260860908693
3 8.398398398398399 0.5475963448549862
3 8.417417417417418 0.5478653823284577
3 8.436436436436438 0.5481332067710806
3 8.455455455455457 0.548399826368336
3 8.474474474474475 0.548665249232223
3 8.493493493493494 0.5489294834020821
3 8.512512512512513 0.5491925368454061
3 8.531531531531531 0.5494544174586414
3 8.55055055055055 0.5497151330679779
3 8.56956956956957 0.549974691430129
3 8.588588588588589 0.5502331002331003
3 8.607607607607608 0.5504903670969493
3 8.626626626626628 0.550746499574534
3 8.645645645645647 0.551001505152252
3 8.664664664664667 0.5512553912507703
3 8.683683683683684 0.5515081652257445
3 8.702702702702704 0.5517598343685302
3 8.721721721721721 0.5520104059068824
3 8.74074074074074 0.5522598870056498
3 8.75975975975976 0.5525082847674552
3 8.77877877877878 0.5527556062333714
3 8.797797797797799 0.5530018583835856
3 8.816816816816818 0.5532470481380564
3 8.835835835835837 0.5534911823571618
3 8.854854854854857 0.5537342678423394
3 8.873873873873874 0.5539763113367175
3 8.892892892892894 0.5542173195257393
3 8.911911911911913 0.5544572990377776
3 8.93093093093093 0.5546962564447434
3 8.94994994994995 0.5549341982626851
3 8.96896896896897 0.555171130952381
3 8.987987987987989 0.5554070609199243
3 9.007007007007008 0.5556419945173002
3 9.026026026026027 0.555875938042956
3 9.045045045045045 0.5561088977423639
3 9.064064064064064 0.5563408798085773
3 9.083083083083084 0.5565718903827788
3 9.102102102102103 0.5568019355548225
3 9.121121121121122 0.5570310213637695
3 9.14014014014014 0.5572591537984157
3 9.15915915915916 0.5574863387978143
3 9.178178178178179 0.5577125822517905
3 9.197197197197198 0.5579378900014512
3 9.216216216216218 0.5581622678396873
3 9.235235235235235 0.55838572151167
3 9.254254254254255 0.5586082567153416
3 9.273273273273274 0.5588298791019
3 9.292292292292293 0.5590505942762757
3 9.311311311311313 0.5592704077976063
3 9.33033033033033 0.5594893251797018
3 9.34934934934935 0.5597073518915061
3 9.368368368368369 0.5599244933575526
3 9.387387387387388 0.5601407549584134
3 9.406406406406408 0.5603561420311448
3 9.425425425425425 0.5605706598697253
3 9.444444444444445 0.5607843137254903
3 9.463463463463464 0.5609971088075595
3 9.482482482482483 0.5612090502832613
3 9.501501501501503 0.5614201432785504
3 9.52052052052052 0.5616303928784215
3 9.53953953953954 0.5618398041273174
3 9.558558558558559 0.562048382029532
3 9.577577577577578 0.5622561315496098
3 9.596596596596598 0.5624630576127395
3 9.615615615615617 0.5626691651051428
3 9.634634634634635 0.562874458874459
3 9.653653653653654 0.5630789437301259
3 9.672672672672673 0.5632826244437547
3 9.691691691691693 0.5634855057495008
3 9.710710710710712 0.563687592344432
3 9.72972972972973 0.563888888888889
3 9.74874874874875 0.5640894000068454
3 9.767767767767769 0.5642891302862609
3 9.786786786786788 0.5644880842794314
3 9.805805805805807 0.5646862665033348
3 9.824824824824825 0.5648836814399729
3 9.843843843843844 0.5650803335367095
3 9.862862862862864 0.5652762272066039
3 9.881881881881883 0.5654713668287413
3 9.900900900900902 0.5656657567485593
3 9.91991991991992 0.5658594012781702
3 9.93893893893894 0.5660523046966799
3 9.957957957957959 0.5662444712505027
3 9.976976976976978 0.5664359051536738
3 9.995995995995997 0.5666266105881569
3 10.015015015015015 0.566816591704148
3 10.034034034034034 0.5670058526203778
3 10.053053053053054 0.5671943974244085
3 10.072072072072073 0.5673822301729279
3 10.091091091091092 0.5675693548920412
3 10.11011011011011 0.5677557755775579
3 10.12912912912913 0.5679414961952762
3 10.148148148148149 0.5681265206812653
3 10.167167167167168 0.5683108529421418
3 10.186186186186188 0.568494496855346
3 10.205205205205205 0.5686774562694132
3 10.224224224224224 0.5688597350042426
3 10.243243243243244 0.5690413368513634
3 10.262262262262263 0.569222265574197
3 10.281281281281283 0.569402524908318
3 10.3003003003003 0.5695821185617105
3 10.31931931931932 0.5697610502150225
3 10.338338338338339 0.5699393235218178
3 10.357357357357358 0.5701169421088239
3 10.376376376376378 0.5702939095761786
3 10.395395395395397 0.570470229497673
3 10.414414414414415 0.570645905420992
3 10.433433433433434 0.5708209408679523
3 10.452452452452453 0.570995339334738
3 10.471471471471473 0.5711691042921327
3 10.490490490490492 0.5713422391857508
3 10.50950950950951 0.5715147474362638
3 10.528528528528529 0.5716866324396274
3 10.547547547547548 0.5718578975673025
3 10.566566566566568 0.5720285461664772
3 10.585585585585587 0.5721985815602838
3 10.604604604604605 0.5723680070480147
3 10.623623623623624 0.5725368259053363
3 10.642642642642643 0.5727050413844997
3 10.661661661661663 0.5728726567145496
3 10.680680680680682 0.5730396751015309
3 10.6996996996997 0.5732060997286932
3 10.71871871871872 0.5733719337566929
3 10.737737737737739 0.5735371803237936
3 10.756756756756758 0.5737018425460637
3 10.775775775775777 0.5738659235175725
3 10.794794794794795 0.5740294263105836
3 10.813813813813814 0.5741923539757475
3 10.832832832832834 0.5743547095422905
3 10.851851851851853 0.5745164960182025
3 10.870870870870872 0.5746777163904236
3 10.88988988988989 0.5748383736250269
3 10.90890890890891 0.5749984706674008
3 10.927927927927929 0.5751580104424293
3 10.946946946946948 0.5753169958546697
3 10.965965965965967 0.575475429788529
3 10.984984984984985 0.5756333151084382
3 11.004004004004004 0.5757906546590255
3 11.023023023023024 0.5759474512652865
3 11.042042042042043 0.5761037077327532
3 11.061061061061062 0.5762594268476622
3 11.08008008008008 0.5764146113771194
3 11.0990990990991 0.5765692640692641
3 11.118118118118119 0.5767233876534319
3 11.137137137137138 0.576876984840314
3 11.156156156156158 0.5770300583221176
3 11.175175175175177 0.5771826107727219
3 11.194194194194194 0.5773346448478346
3 11.213213213213214 0.5774861631851456
3 11.232232232232233 0.5776371684044798
3 11.251251251251253 0.5777876631079479
3 11.270270270270272 0.577937649880096
3 11.28928928928929 0.5780871312880536
3 11.308308308308309 0.5782361098816796
3 11.327327327327328 0.5783845881937081
3 11.346346346346348 0.5785325687398912
3 11.365365365365367 0.5786800540191417
3 11.384384384384385 0.5788270465136728
3 11.403403403403404 0.5789735486891386
3 11.422422422422423 0.5791195629947712
3 11.441441441441443 0.5792650918635172
3 11.460460460460462 0.5794101377121729
3 11.47947947947948 0.5795547029415185
3 11.498498498498499 0.57969878993645
3 11.517517517517518 0.5798424010661105
3 11.536536536536538 0.5799855386840204
3 11.555555555555557 0.5801282051282052
3 11.574574574574575 0.5802704027213238
3 11.593593593593594 0.5804121337707938
3 11.612612612612613 0.5805534005689166
3 11.631631631631633 0.5806942053930007
3 11.650650650650652 0.5808345505054845
3 11.66966966966967 0.5809744381540574
3 11.68868868868869 0.5811138705717793
3 11.707707707707709 0.5812528499772003
3 11.726726726726728 0.5813913785744772
3 11.745745745745747 0.5815294585534914
3 11.764764764764765 0.5816670920899629
3 11.783783783783784 0.5818042813455658
3 11.802802802802804 0.5819410284680406
3 11.821821821821823 0.5820773355913069
3 11.840840840840842 0.5822132048355737
3 11.85985985985986 0.58234863830745
3 11.87887887887888 0.5824836381000534
3 11.897897897897899 0.582618206293118
3 11.916916916916918 0.582752344953101
3 11.935935935935937 0.5828860561332887
3 11.954954954954957 0.5830193418739011
3 11.973973973973974 0.5831522042021959
3 11.992992992992994 0.5832846451325711
3 12.012012012012013 0.5834166666666667
3 12.031031031031032 0.5835482707934659
3 12.050050050050052 0.5836794594893948
3 12.06906906906907 0.5838102347184209
3 12.088088088088089 0.583940598432152
3 12.107107107107108 0.5840705525699326
3 12.126126126126128 0.5842000990589402
3 12.145145145145147 0.5843292398142808
3 12.164164164164164 0.5844579767390828
3 12.183183183183184 0.5845863117245913
3 12.202202202202203 0.5847142466502598
3 12.221221221221223 0.5848417833838426
3 12.240240240240242 0.5849689237814852
3 12.25925925925926 0.5850956696878148
3 12.278278278278279 0.5852220229360292
3 12.297297297297298 0.5853479853479855
3 12.316316316316318 0.5854735587342871
3 12.335335335335337 0.585598744894371
3 12.354354354354355 0.5857235456165938
3 12.373373373373374 0.5858479626783163
3 12.392392392392393 0.5859719978459882
3 12.411411411411413 0.5860956528752319
3 12.430430430430432 0.586218929510925
3 12.44944944944945 0.5863418294872826
3 12.468468468468469 0.5864643545279384
3 12.487487487487488 0.5865865063460255
3 12.506506506506508 0.586708286644256
3 12.525525525525527 0.5868296971150004
3 12.544544544544545 0.5869507394403661
3 12.563563563563564 0.5870714152922742
3 12.582582582582583 0.5871917263325379
3 12.601601601601603 0.5873116742129373
3 12.620620620620622 0.5874312605752962
3 12.63963963963964 0.5875504870515562
3 12.65865865865866 0.5876693552638517
3 12.677677677677679 0.5877878668245823
3 12.696696696696698 0.587906023336487
3 12.715715715715717 0.5880238263927158
3 12.734734734734735 0.5881412775769009
3 12.753753753753754 0.588258378463229
3 12.772772772772774 0.58837513061651
3 12.791791791791793 0.5884915355922478
3 12.810810810810812 0.5886075949367089
3 12.829829829829832 0.5887233101869913
3 12.84884884884885 0.5888386828710918
3 12.867867867867869 0.5889537145079736
3 12.886886886886888 0.589068406607633
3 12.905905905905907 0.5891827606711653
3 12.924924924924927 0.5892967781908303
3 12.943943943943944 0.5894104606501174
3 12.962962962962964 0.5895238095238096
3 12.981981981981983 0.5896368262780477
3 13.001001001001002 0.5897495123703933
3 13.020020020020022 0.5898618692498911
3 13.03903903903904 0.589973898357132
3 13.058058058058059 0.5900856011243134
3 13.077077077077078 0.5901969789753012
3 13.096096096096097 0.5903080333256899
3 13.115115115115117 0.5904187655828628
3 13.134134134134134 0.5905291771460509
3 13.153153153153154 0.5906392694063928
3 13.172172172172173 0.590749043746992
3 13.191191191191193 0.5908585015429757
3 13.210210210210212 0.5909676441615519
3 13.22922922922923 0.5910764729620662
3 13.248248248248249 0.5911849892960586
3 13.267267267267268 0.5912931945073187
3 13.286286286286288 0.5914010899319422
3 13.305305305305307 0.591508676898385
3 13.324324324324325 0.5916159567275187
3 13.343343343343344 0.5917229307326832
3 13.362362362362363 0.5918296002197418
3 13.381381381381383 0.5919359664871335
3 13.400400400400402 0.5920420308259258
3 13.41941941941942 0.5921477945198668
3 13.438438438438439 0.5922532588454377
3 13.457457457457458 0.5923584250719033
3 13.476476476476478 0.5924632944613634
3 13.495495495495497 0.5925678682688029
3 13.514514514514515 0.5926721477421426
3 13.533533533533534 0.592776134122288
3 13.552552552552553 0.592879828643179
3 13.571571571571573 0.5929832325318386
3 13.590590590590592 0.5930863470084212
3 13.609609609609612 0.5931891732862608
3 13.62862862862863 0.5932917125719183
3 13.647647647647648 0.5933939660652292
3 13.666666666666668 0.5934959349593497
3 13.685685685685687 0.5935976204408037
3 13.704704704704707 0.5936990236895285
3 13.723723723723724 0.5938001458789206
3 13.742742742742744 0.5939009881758808
3 13.761761761761763 0.5940015517408593
3 13.780780780780782 0.5941018377279002
3 13.799799799799802 0.5942018472846851
3 13.81881881881882 0.5943015815525776
3 13.837837837837839 0.5944010416666667
3 13.856856856856858 0.5945002287558092
3 13.875875875875877 0.5945991439426731
3 13.894894894894897 0.5946977883437794
3 13.913913913913914 0.5947961630695444
3 13.932932932932934 0.5948942692243218
3 13.951951951951953 0.5949921079064429
3 13.970970970970972 0.5950896802082588
3 13.989989989989992 0.5951869872161802
3 14.00900900900901 0.5952840300107182
3 14.028028028028029 0.5953808096665241
3 14.047047047047048 0.5954773272524289
3 14.066066066066067 0.5955735838314832
3 14.085085085085087 0.5956695804609955
3 14.104104104104104 0.5957653181925716
3 14.123123123123124 0.5958607980721526
3 14.142142142142143 0.595956021140053
3 14.161161161161163 0.5960509884309984
3 14.180180180180182 0.5961457009741635
3 14.1991991991992 0.5962401597932089
3 14.218218218218219 0.5963343659063175
3 14.237237237237238 0.5964283203262323
3 14.256256256256258 0.5965220240602912
3 14.275275275275277 0.5966154781104646
3 14.294294294294295 0.5967086834733895
3 14.313313313313314 0.5968016411404061
3 14.332332332332333 0.5968943520975929
3 14.351351351351353 0.5969868173258005
3 14.370370370370372 0.5970790378006874
3 14.38938938938939 0.5971710144927537
3 14.408408408408409 0.5972627483673754
3 14.427427427427428 0.5973542403848379
3 14.446446446446448 0.5974454915003696
3 14.465465465465467 0.5975365026641756
3 14.484484484484486 0.5976272748214698
3 14.503503503503504 0.5977178089125084
3 14.522522522522523 0.5978081058726221
3 14.541541541541543 0.597898166632248
3 14.560560560560562 0.5979879921169624
3 14.579579579579582 0.5980775832475113
3 14.598598598598599 0.5981669409398428
3 14.617617617617618 0.5982560661051383
3 14.636636636636638 0.5983449596498428
3 14.655655655655657 0.5984336224756962
3 14.674674674674677 0.5985220554797637
3 14.693693693693694 0.5986102595544657
3 14.712712712712714 0.5986982355876084
3 14.731731731731733 0.5987859844624132
3 14.750750750750752 0.5988735070575463
3 14.769769769769772 0.5989608042471479
3 14.78878878878879 0.5990478769008619
3 14.807807807807809 0.5991347258838641
3 14.826826826826828 0.5992213520568909
3 14.845845845845847 0.5993077562762683
3 14.864864864864867 0.5993939393939395
3 14.883883883883884 0.5994799022574933
3 14.902902902902904 0.5995656457101918
3 14.921921921921923 0.5996511705909976
3 14.940940940940942 0.5997364777346019
3 14.959959959959962 0.5998215679714509
3 14.97897897897898 0.5999064421277734
3 14.997997997997999 0.5999911010256069
3 15.017017017017018 0.6000755454828246
3 15.036036036036037 0.6001597763131616
3 15.055055055055057 0.6002437943262412
3 15.074074074074074 0.6003276003276004
3 15.093093093093094 0.6004111951187161
3 15.112112112112113 0.6004945794970304
3 15.131131131131133 0.600577754255976
3 15.150150150150152 0.6006607201850017
3 15.16916916916917 0.6007434780695966
3 15.188188188188189 0.6008260286913158
3 15.207207207207208 0.6009083728278042
3 15.226226226226228 0.6009905112528215
3 15.245245245245247 0.6010724447362662
3 15.264264264264266 0.6011541740441997
3 15.283283283283284 0.60123569993887
3 15.302302302302303 0.6013170231787358
3 15.321321321321323 0.6013981445184896
3 15.340340340340342 0.6014790647090811
3 15.359359359359361 0.6015597844977407
3 15.378378378378379 0.6016403046280024
3 15.397397397397398 0.6017206258397262
3 15.416416416416418 0.6018007488691212
3 15.435435435435437 0.6018806744487679
3 15.454454454454456 0.6019604033076409
3 15.473473473473474 0.6020399361711305
3 15.492492492492493 0.6021192737610649
3 15.511511511511513 0.6021984167957323
3 15.530530530530532 0.6022773659899023
3 15.549549549549551 0.6023561220548475
3 15.568568568568569 0.6024346856983648
3 15.587587587587588 0.6025130576247967
3 15.606606606606608 0.6025912385350524
3 15.625625625625627 0.6026692291266283
3 15.644644644644647 0.6027470300936294
3 15.663663663663664 0.6028246421267894
3 15.682682682682684 0.6029020659134913
3 15.701701701701703 0.6029793021377875
3 15.720720720720722 0.6030563514804204
3 15.739739739739742 0.6031332146188417
3 15.75875875875876 0.6032098922272333
3 15.777777777777779 0.6032863849765259
3 15.796796796796798 0.6033626935344191
3 15.815815815815817 0.6034388185654009
3 15.834834834834837 0.6035147607307669
3 15.853853853853854 0.6035905206886392
3 15.872872872872874 0.6036660990939859
3 15.891891891891893 0.6037414965986395
3 15.910910910910912 0.603816713851316
3 15.929929929929932 0.6038917514976332
3 15.94894894894895 0.6039666101801293
3 15.967967967967969 0.6040412905382816
3 15.986986986986988 0.6041157932085238
3 16.006006006006007 0.6041901188242652
3 16.025025025025027 0.6042642680159078
3 16.044044044044046 0.6043382414108645
3 16.063063063063062 0.6044120396335765
3 16.08208208208208 0.6044856633055314
3 16.1011011011011 0.6045591130452803
3 16.12012012012012 0.6046323894684551
3 16.13913913913914 0.6047054931877857
3 16.15815815815816 0.6047784248131169
3 16.177177177177178 0.6048511849514263
3 16.196196196196198 0.6049237742068398
3 16.215215215215217 0.6049961931806491
3 16.234234234234236 0.6050684424713282
3 16.253253253253256 0.60514052267455
3 16.272272272272275 0.6052124343832022
3 16.291291291291294 0.6052841781874041
3 16.310310310310314 0.6053557546745224
3 16.329329329329333 0.6054271644291874
3 16.34834834834835 0.6054984080333089
3 16.36736736736737 0.6055694860660918
3 16.386386386386388 0.6056403991040522
3 16.405405405405407 0.6057111477210325
3 16.424424424424426 0.6057817324882172
3 16.443443443443442 0.6058521539741484
3 16.46246246246246 0.6059224127447405
3 16.48148148148148 0.605992509363296
3 16.5005005005005 0.6060624443905201
3 16.51951951951952 0.6061322183845362
3 16.53853853853854 0.6062018319008999
3 16.55755755755756 0.6062712854926144
3 16.576576576576578 0.606340579710145
3 16.595595595595597 0.6064097151014336
3 16.614614614614617 0.6064786922119132
3 16.633633633633636 0.6065475115845219
3 16.652652652652655 0.606616173759718
3 16.671671671671675 0.606684679275493
3 16.690690690690694 0.6067530286673865
3 16.709709709709713 0.6068212224684999
3 16.72872872872873 0.6068892612095103
3 16.74774774774775 0.606957145418684
3 16.766766766766768 0.6070248756218907
3 16.785785785785787 0.6070924523426164
3 16.804804804804807 0.6071598761019776
3 16.823823823823826 0.6072271474187343
3 16.842842842842842 0.6072942668093031
3 16.86186186186186 0.6073612347877709
3 16.88088088088088 0.6074280518659078
3 16.8998998998999 0.6074947185531798
3 16.91891891891892 0.6075612353567625
3 16.93793793793794 0.6076276027815536
3 16.956956956956958 0.607693821330185
3 16.975975975975977 0.6077598915030368
3 16.994994994994997 0.6078258137982488
3 17.014014014014016 0.6078915887117335
3 17.033033033033036 0.6079572167371886
3 17.052052052052055 0.6080226983661091
3 17.07107107107107 0.6080880340877997
3 17.09009009009009 0.6081532243893868
3 17.10910910910911 0.6082182697558313
3 17.12812812812813 0.6082831706699395
3 17.147147147147148 0.608347927612376
3 17.166166166166168 0.6084125410616752
3 17.185185185185187 0.6084770114942529
3 17.204204204204206 0.6085413393844186
3 17.223223223223226 0.6086055252043862
3 17.242242242242245 0.6086695694242865
3 17.261261261261264 0.6087334725121782
3 17.28028028028028 0.6087972349340595
3 17.2992992992993 0.6088608571538788
3 17.31831831831832 0.6089243396335473
3 17.33733733733734 0.6089876828329485
3 17.356356356356358 0.6090508872099507
3 17.375375375375377 0.6091139532204172
3 17.394394394394396 0.6091768813182177
3 17.413413413413416 0.6092396719552389
3 17.432432432432435 0.6093023255813954
3 17.451451451451454 0.6093648426446409
3 17.47047047047047 0.6094272235909778
3 17.48948948948949 0.609489468864469
3 17.50850850850851 0.6095515789072476
3 17.52752752752753 0.609613554159528
3 17.546546546546548 0.6096753950596155
3 17.565565565565567 0.6097371020439177
3 17.584584584584587 0.6097986755469537
3 17.603603603603606 0.6098601160013648
3 17.622622622622625 0.6099214238379249
3 17.641641641641645 0.6099825994855501
3 17.66066066066066 0.6100436433713088
3 17.67967967967968 0.6101045559204319
3 17.6986986986987 0.6101653375563223
3 17.71771771771772 0.610225988700565
3 17.736736736736738 0.6102865097729369
3 17.755755755755757 0.6103469011914159
3 17.774774774774777 0.6104071633721914
3 17.793793793793796 0.610467296729673
3 17.812812812812815 0.6105273016765009
3 17.831831831831835 0.6105871786235546
3 17.85085085085085 0.6106469279799623
3 17.86986986986987 0.6107065501531108
3 17.88888888888889 0.6107660455486543
3 17.90790790790791 0.6108254145705236
3 17.926926926926928 0.6108846576209356
3 17.945945945945947 0.6109437751004017
3 17.964964964964967 0.6110027674077376
3 17.983983983983986 0.611061634940072
3 18.003003003003005 0.6111203780928552
3 18.022022022022025 0.6111789972598682
3 18.04104104104104 0.6112374928332317
3 18.06006006006006 0.6112958652034143
3 18.07907907907908 0.611354114759242
3 18.0980980980981 0.6114122418879057
3 18.117117117117118 0.6114702469749711
3 18.136136136136138 0.6115281304043861
3 18.155155155155157 0.61158589255849
3 18.174174174174176 0.6116435338180217
3 18.193193193193196 0.6117010545621275
3 18.212212212212215 0.6117584551683706
3 18.231231231231234 0.6118157360127382
3 18.25025025025025 0.6118728974696505
3 18.26926926926927 0.6119299399119684
3 18.28828828828829 0.6119868637110017
3 18.30730730730731 0.6120436692365174
3 18.326326326326328 0.6121003568567476
3 18.345345345345347 0.612156926938397
3 18.364364364364366 0.6122133798466515
3 18.383383383383386 0.6122697159451856
3 18.402402402402405 0.6123259355961707
3 18.421421421421424 0.6123820391602819
3 18.44044044044044 0.6124380269967069
3 18.45945945945946 0.6124938994631528
3 18.47847847847848 0.6125496569158542
3 18.4974974974975 0.6126052997095803
3 18.516516516516518 0.6126608281976431
3 18.535535535535537 0.6127162427319041
3 18.554554554554556 0.6127715436627824
3 18.573573573573576 0.6128267313392617
3 18.592592592592595 0.6128818061088979
3 18.611611611611615 0.6129367683178257
3 18.63063063063063 0.6129916183107673
3 18.64964964964965 0.613046356431038
3 18.66866866866867 0.6131009830205542
3 18.68768768768769 0.6131554984198404
3 18.706706706706708 0.6132099029680366
3 18.725725725725727 0.6132641970029045
3 18.744744744744747 0.6133183808608352
3 18.763763763763766 0.6133724548768561
3 18.782782782782785 0.6134264193846374
3 18.801801801801805 0.613480274716499
3 18.82082082082082 0.6135340212034182
3 18.83983983983984 0.6135876591750351
3 18.85885885885886 0.6136411889596604
3 18.87787787787788 0.6136946108842817
3 18.896896896896898 0.6137479252745701
3 18.915915915915917 0.6138011324548871
3 18.934934934934937 0.6138542327482908
3 18.953953953953956 0.6139072264765426
3 18.972972972972975 0.6139601139601141
3 18.991991991991995 0.6140128955181926
3 19.011011011011014 0.6140655714686887
3 19.03003003003003 0.6141181421282416
3 19.04904904904905 0.6141706078122264
3 19.06806806806807 0.6142229688347596
3 19.087087087087088 0.6142752255087057
3 19.106106106106107 0.6143273781456838
3 19.125125125125127 0.6143794270560732
3 19.144144144144146 0.6144313725490197
3 19.163163163163166 0.614483214932442
3 19.182182182182185 0.6145349545130374
3 19.201201201201204 0.6145865915962883
3 19.22022022022022 0.6146381264864678
3 19.23923923923924 0.6146895594866459
3 19.25825825825826 0.6147408908986954
3 19.27727727727728 0.6147921210232977
3 19.296296296296298 0.6148432501599489
3 19.315315315315317 0.6148942786069652
3 19.334334334334336 0.6149452066614894
3 19.353353353353356 0.6149960346194959
3 19.372372372372375 0.6150467627757972
3 19.391391391391394 0.6150973914240485
3 19.41041041041041 0.615147920856755
3 19.42942942942943 0.6151983513652757
3 19.44844844844845 0.6152486832398306
3 19.46746746746747 0.6152989167695051
3 19.486486486486488 0.6153490522422562
3 19.505505505505507 0.6153990899449178
3 19.524524524524526 0.6154490301632061
3 19.543543543543546 0.6154988731817251
3 19.562562562562565 0.6155486192839722
3 19.581581581581585 0.615598268752343
3 19.6006006006006 0.6156478218681376
3 19.61961961961962 0.6156972789115647
3 19.63863863863864 0.6157466401617481
3 19.65765765765766 0.6157959058967309
3 19.676676676676678 0.6158450763934816
3 19.695695695695697 0.6158941519278986
3 19.714714714714717 0.615943132774816
3 19.733733733733736 0.615992019208008
3 19.752752752752755 0.6160408115001943
3 19.771771771771775 0.6160895099230459
3 19.790790790790794 0.6161381147471887
3 19.80980980980981 0.61618662624221
3 19.82882882882883 0.6162350446766622
3 19.84784784784785 0.6162833703180688
3 19.866866866866868 0.6163316034329287
3 19.885885885885887 0.6163797442867212
3 19.904904904904907 0.6164277931439109
3 19.923923923923926 0.6164757502679529
3 19.942942942942945 0.6165236159212971
3 19.961961961961965 0.6165713903653931
3 19.980980980980984 0.6166190738606951
3 20.0 0.6166666666666667
