4 1.0 0.0
4 1.019019019019019 0.00933202357563846
4 1.038038038038038 0.018322082931533284
4 1.057057057057057 0.026988636363636336
4 1.0760760760760761 0.035348837209302354
4 1.095095095095095 0.043418647166361964
4 1.1141141141141142 0.051212938005390875
4 1.1331331331331331 0.05874558303886926
4 1.1521521521521523 0.0660295395308428
4 1.1711711711711712 0.07307692307692308
4 1.1901901901901901 0.07989907485281747
4 1.2092092092092093 0.08650662251655632
4 1.2282282282282282 0.09290953545232272
4 1.2472472472472473 0.09911717495987162
4 1.2662662662662663 0.10513833992094862
4 1.2852852852852852 0.11098130841121492
4 1.3043043043043043 0.11665387567152725
4 1.3233233233233235 0.12216338880484119
4 1.3423423423423424 0.12751677852348994
4 1.3613613613613613 0.13272058823529412
4 1.3803803803803805 0.1377810007251632
4 1.3993993993993994 0.1427038626609442
4 1.4184184184184185 0.1474947071277347
4 1.4374374374374375 0.15215877437325906
4 1.4564564564564564 0.15670103092783502
4 1.4754754754754755 0.16112618724559025
4 1.4944944944944947 0.16543871399866045
4 1.5135135135135136 0.16964285714285715
4 1.5325325325325325 0.1737426518615284
4 1.5515515515515514 0.17774193548387093
4 1.5705705705705706 0.18164435946462715
4 1.5895895895895897 0.18545340050377837
4 1.6086086086086087 0.18917237087741134
4 1.6276276276276276 0.19280442804428044
4 1.6466466466466467 0.19635258358662616
4 1.6656656656656659 0.19981971153846156
4 1.6846846846846848 0.20320855614973263
4 1.7037037037037037 0.20652173913043478
4 1.7227227227227226 0.20976176641487507
4 1.7417417417417418 0.21293103448275863
4 1.760760760760761 0.21603183627060832
4 1.7797797797797799 0.219066366704162
4 1.7987987987987988 0.22203672787979967
4 1.817817817817818 0.22494493392070486
4 1.8368368368368369 0.22779291553133516
4 1.855855855855856 0.23058252427184467
4 1.874874874874875 0.23331553657234383
4 1.8938938938938938 0.2359936575052854
4 1.912912912912913 0.23861852433281006
4 1.9319319319319321 0.24119170984455962
4 1.950950950950951 0.24371472550025655
4 1.96996996996997 0.2461890243902439
4 1.9889889889889891 0.24861600402617012
4 2.008008008008008 0.2519940179461615
4 2.027027027027027 0.2566666666666667
4 2.046046046046046 0.26125244618395305
4 2.065065065065065 0.2657537566650509
4 2.0840840840840844 0.2701729106628243
4 2.103103103103103 0.27451213707758204
4 2.1221221221221223 0.2787735849056604
4 2.141141141141141 0.2829593267882188
4 2.16016016016016 0.2870713623725672
4 2.1791791791791795 0.29111162149747366
4 2.1981981981981984 0.2950819672131148
4 2.2172172172172173 0.2989841986455982
4 2.2362362362362362 0.30282005371530885
4 2.255255255255255 0.3065912117177097
4 2.2742742742742745 0.31029929577464793
4 2.2932932932932935 0.313945875163684
4 2.3123123123123124 0.31753246753246755
4 2.3313313313313317 0.32106054100472314
4 2.3503503503503502 0.32453151618398635
4 2.3693693693693696 0.32794676806083656
4 2.3883883883883885 0.3313076278290025
4 2.4074074074074074 0.33461538461538465
4 2.426426426426427 0.33787128712871295
4 2.4454454454454453 0.341076545231273
4 2.4644644644644647 0.3442323314378554
4 2.4834834834834836 0.3473397823458283
4 2.5025025025025025 0.3504
4 2.521521521521522 0.3534140531957126
4 2.5405405405405403 0.35638297872340424
4 2.5595595595595597 0.3593077825576848
4 2.5785785785785786 0.3621894409937888
4 2.5975975975975976 0.365028901734104
4 2.616616616616617 0.36782708492731453
4 2.635635635635636 0.37058488416255225
4 2.6546546546546548 0.3733031674208145
4 2.6736736736736737 0.3759827779857731
4 2.6926926926926926 0.3786245353159851
4 2.711711711711712 0.3812292358803987
4 2.730730730730731 0.38379765395894433
4 2.74974974974975 0.3863305424099017
4 2.768768768768769 0.38882863340563995
4 2.7877877877877877 0.3912926391382406
4 2.806806806806807 0.3937232524964337
4 2.825825825825826 0.39612114771519663
4 2.844844844844845 0.3984869809992963
4 2.8638638638638643 0.4008213911219854
4 2.8828828828828827 0.403125
4 2.901901901901902 0.4053984132459469
4 2.920920920920921 0.407642220699109
4 2.93993993993994 0.40985699693564864
4 2.9589589589589593 0.412043301759134
4 2.9779779779779783 0.4142016806722689
4 2.996996996996997 0.4163326653306613
4 3.016016016016016 0.4184367739794225
4 3.035035035035035 0.4205145118733509
4 3.0540540540540544 0.422566371681416
4 3.0730730730730733 0.42459283387622154
4 3.0920920920920922 0.4265943671090968
4 3.111111111111111 0.4285714285714286
4 3.13013013013013 0.4305244643428206
4 3.1491491491491495 0.43245390972663705
4 3.1681681681681684 0.43436018957345973
4 3.1871871871871873 0.43624371859296485
4 3.206206206206206 0.43810490165469873
4 3.2252252252252256 0.4399441340782123
4 3.2442442442442445 0.44176180191298986
4 3.2632632632632634 0.44355828220858895
4 3.2822822822822824 0.44533394327538883
4 3.3013013013013013 0.44708914493632507
4 3.3203203203203207 0.4488242387699729
4 3.3393393393393396 0.45053956834532377
4 3.3583583583583585 0.4522354694485842
4 3.3773773773773774 0.4539122703023118
4 3.396396396396397 0.4555702917771884
4 3.4154154154154157 0.4572098475967175
4 3.4344344344344346 0.458831244535121
4 3.4534534534534536 0.46043478260869564
4 3.4724724724724725 0.4620207552608821
4 3.491491491491492 0.46358944954128445
4 3.5105105105105108 0.4651411462788709
4 3.5295295295295297 0.4666761202495746
4 3.5485485485485486 0.46819464033850494
4 3.567567567567568 0.4696969696969697
4 3.586586586586587 0.4711833658945018
4 3.605605605605606 0.4726540810660744
4 3.6246246246246248 0.474109362054681
4 3.6436436436436437 0.4755494505494505
4 3.662662662662663 0.4769745832194589
4 3.681681681681682 0.47838499184339317
4 3.700700700700701 0.47978090343521773
4 3.71971971971972 0.48116254036598494
4 3.738738738738739 0.4825301204819277
4 3.757757757757758 0.4838838572189665
4 3.776776776776777 0.48522395971375565
4 3.795795795795796 0.4865506329113924
4 3.814814814814815 0.4878640776699029
4 3.8338338338338342 0.48916449086161884
4 3.852852852852853 0.49045206547155107
4 3.871871871871872 0.4917269906928645
4 3.890890890890891 0.49298945201955235
4 3.90990990990991 0.4942396313364055
4 3.9289289289289293 0.49547770700636945
4 3.9479479479479482 0.49670385395537525
4 3.966966966966967 0.49791824375473126
4 3.985985985985986 0.4991210447011552
4 4.005005005005005 0.5003124218945264
4 4.024024024024024 0.5014925373134329
4 4.043043043043044 0.5026615498885864
4 4.062062062062062 0.5038196155741745
4 4.081081081081081 0.5049668874172185
4 4.1001001001001 0.506103515625
4 4.119119119119119 0.5072296476306197
4 4.138138138138139 0.508345428156749
4 4.157157157157157 0.5094509992776306
4 4.176176176176177 0.5105465004793864
4 4.195195195195195 0.5116320687186828
4 4.2142142142142145 0.51270783847981
4 4.233233233233234 0.51377394183022
4 4.252252252252252 0.5148305084745763
4 4.271271271271272 0.5158776658073588
4 4.29029029029029 0.516915538964069
4 4.3093093093093096 0.5179442508710801
4 4.328328328328329 0.5189639222941721
4 4.347347347347347 0.5199746718857933
4 4.366366366366367 0.5209766162310867
4 4.385385385385385 0.5219698698927185
4 4.404404404404405 0.5229545454545454
4 4.423423423423424 0.5239307535641549
4 4.442442442442443 0.5248986029743128
4 4.461461461461462 0.5258582005833521
4 4.48048048048048 0.5268096514745308
4 4.4994994994995 0.5277530589543937
4 4.518518518518519 0.528688524590164
4 4.537537537537538 0.5296161482461946
4 4.556556556556557 0.530536028119508
4 4.575575575575575 0.5314482607744476
4 4.594594594594595 0.5323529411764706
4 4.613613613613614 0.5332501627251031
4 4.6326326326326335 0.5341400172860847
4 4.651651651651652 0.5350225952227243
4 4.67067067067067 0.5358979854264895
4 4.68968968968969 0.5367662753468516
4 4.708708708708709 0.5376275510204082
4 4.7277277277277285 0.5384818970993013
4 4.746746746746747 0.5393293968789541
4 4.7657657657657655 0.5401701323251418
4 4.784784784784785 0.5410041841004184
4 4.803803803803804 0.5418316315899145
4 4.822822822822824 0.5426525529265256
4 4.841841841841842 0.5434670250155055
4 4.8608608608608606 0.5442751235584844
4 4.87987987987988 0.545076923076923
4 4.898898898898899 0.5458724969350225
4 4.917917917917919 0.5466619173621006
4 4.936936936936937 0.5474452554744526
4 4.9559559559559565 0.5482225812967078
4 4.974974974974975 0.5489939637826962
4 4.993993993993994 0.5497594708358389
4 5.013013013013014 0.5505191693290735
4 5.032032032032032 0.5512731251243286
4 5.051051051051052 0.5520214030915577
4 5.07007007007007 0.5527640671273445
4 5.089089089089089 0.553501180173092
4 5.108108108108109 0.5542328042328043
4 5.127127127127127 0.5549590003904725
4 5.146146146146147 0.5556798288270764
4 5.165165165165165 0.5563953488372093
4 5.1841841841841845 0.5571056188453369
4 5.203203203203204 0.5578106964217007
4 5.222222222222222 0.5585106382978724
4 5.241241241241242 0.5592055003819709
4 5.26026026026026 0.5598953377735489
4 5.2792792792792795 0.560580204778157
4 5.298298298298299 0.5612601549215945
4 5.317317317317317 0.5619352409638554
4 5.336336336336337 0.5626055149127743
4 5.355355355355356 0.5632710280373832
4 5.374374374374375 0.5639318308809834
4 5.393393393393394 0.5645879732739421
4 5.412412412412412 0.5652395043462178
4 5.431431431431432 0.565886472539624
4 5.450450450450451 0.5665289256198347
4 5.46946946946947 0.5671669106881405
4 5.488488488488489 0.5678004741929601
4 5.5075075075075075 0.5684296619411123
4 5.526526526526527 0.5690545191088571
4 5.545545545545546 0.5696750902527076
4 5.564564564564565 0.5702914193200216
4 5.583583583583584 0.5709035496593762
4 5.602602602602603 0.5715115240307307
4 5.621621621621622 0.5721153846153846
4 5.640640640640641 0.572715173025732
4 5.65965965965966 0.5733109303148214
4 5.678678678678679 0.5739026969857218
4 5.6976976976976985 0.5744905130007028
4 5.716716716716717 0.5750744177902294
4 5.735735735735736 0.5756544502617802
4 5.754754754754755 0.5762306488084884
4 5.773773773773774 0.5768030513176144
4 5.792792792792794 0.5773716951788492
4 5.811811811811812 0.577936617292456
4 5.830830830830831 0.5784978540772532
4 5.84984984984985 0.5790554414784395
4 5.868868868868869 0.5796094149752686
4 5.887887887887889 0.5801598095885754
4 5.906906906906907 0.5807066598881545
4 5.9259259259259265 0.58125
4 5.944944944944945 0.5817898636134029
4 5.963963963963964 0.5823262839879154
4 5.982982982982984 0.5828592939601807
4 6.002002002002002 0.5833889259506337
4 6.0210210210210215 0.5839152119700748
4 6.04004004004004 0.5844381836261187
4 6.059059059059059 0.5849578721295225
4 6.078078078078079 0.5854743083003953
4 6.097097097097097 0.5859875225742899
4 6.116116116116117 0.5864975450081833
4 6.135135135135136 0.5870044052863437
4 6.1541541541541545 0.5875081327260898
4 6.173173173173174 0.5880087562834442
4 6.192192192192192 0.5885063045586809
4 6.211211211211212 0.5890008058017728
4 6.230230230230231 0.5894922879177378
4 6.2492492492492495 0.5899807784718885
4 6.268268268268269 0.5904663046949856
4 6.287287287287287 0.590948893488298
4 6.306306306306307 0.5914285714285714
4 6.325325325325326 0.5919053647729071
4 6.344344344344345 0.5923792994635532
4 6.363363363363364 0.5928504011326097
4 6.382382382382382 0.5933186951066499
4 6.401401401401402 0.5937842064112588
4 6.420420420420421 0.5942469597754911
4 6.43943943943944 0.5947069796362505
4 6.458458458458459 0.5951642901425914
4 6.477477477477478 0.5956189151599444
4 6.496496496496497 0.5960708782742681
4 6.515515515515516 0.5965202027961285
4 6.534534534534535 0.5969669117647058
4 6.553553553553554 0.5974110279517336
4 6.572572572572573 0.597852573865367
4 6.591591591591592 0.5982915717539863
4 6.610610610610611 0.5987280436099334
4 6.62962962962963 0.5991620111731844
4 6.648648648648649 0.5995934959349594
4 6.6676676676676685 0.6000225191412701
4 6.686686686686687 0.6004491017964072
4 6.705705705705706 0.6008732646663681
4 6.724724724724725 0.6012950282822269
4 6.743743743743744 0.6017144129434466
4 6.762762762762764 0.6021314387211367
4 6.781781781781782 0.6025461254612546
4 6.800800800800801 0.6029584927877539
4 6.81981981981982 0.6033685601056803
4 6.838838838838839 0.6037763466042154
4 6.857857857857859 0.6041818712596702
4 6.876876876876877 0.604585152838428
4 6.8958958958958965 0.6049862098998403
4 6.914914914914916 0.6053850607990736
4 6.933933933933934 0.605781723689909
4 6.952952952952954 0.6061762165274979
4 6.971971971971972 0.6065685570710696
4 6.9909909909909915 0.606958762886598
4 7.010010010010011 0.6073468513494217
4 7.029029029029029 0.6077328396468242
4 7.048048048048049 0.608116744780571
4 7.067067067067067 0.6084985835694051
4 7.086086086086087 0.6088783726515045
4 7.105105105105106 0.6092561284868977
4 7.124124124124124 0.6096318673598426
4 7.143143143143144 0.610005605381166
4 7.162162162162162 0.6103773584905661
4 7.181181181181182 0.6107471424588793
4 7.200200200200201 0.61111497289031
4 7.2192192192192195 0.6114808652246256
4 7.238238238238239 0.6118448347393168
4 7.257257257257257 0.6122068965517241
4 7.276276276276277 0.6125670656211308
4 7.295295295295296 0.6129253567508233
4 7.314314314314315 0.6132817845901191
4 7.333333333333334 0.6136363636363636
4 7.352352352352353 0.6139891082368959
4 7.371371371371372 0.6143400325909831
4 7.390390390390391 0.6146891507517269
4 7.40940940940941 0.6150364766279384
4 7.428428428428429 0.6153820239859857
4 7.447447447447448 0.6157258064516129
4 7.466466466466467 0.6160678375117308
4 7.485485485485486 0.6164081305161808
4 7.504504504504505 0.6167466986794718
4 7.523523523523524 0.6170835550824907
4 7.542542542542543 0.6174187126741871
4 7.561561561561562 0.6177521842732328
4 7.580580580580581 0.6180839825696554
4 7.5995995995996 0.6184141201264489
4 7.618618618618619 0.6187426093811589
4 7.6376376376376385 0.6190694626474443
4 7.656656656656657 0.6193946921166166
4 7.675675675675676 0.619718309859155
4 7.694694694694695 0.6200403278262001
4 7.713713713713714 0.6203607578510252
4 7.7327327327327335 0.6206796116504855
4 7.751751751751752 0.6209969008264463
4 7.770770770770771 0.6213126368671905
4 7.789789789789791 0.6216268311488049
4 7.808808808808809 0.6219394949365467
4 7.827827827827829 0.6222506393861893
4 7.846846846846847 0.6225602755453502
4 7.8658658658658664 0.6228684143547977
4 7.884884884884886 0.6231750666497398
4 7.903903903903904 0.6234802431610942
4 7.922922922922924 0.6237839545167404
4 7.941941941941942 0.6240862112427528
4 7.9609609609609615 0.6243870237646172
4 7.979979979979981 0.6246864024084295
4 7.998998998998999 0.6249843574020774
4 8.018018018018019 0.6252808988764045
4 8.037037037037038 0.6255760368663594
4 8.056056056056057 0.6258697813121272
4 8.075075075075077 0.6261621420602455
4 8.094094094094094 0.6264531288647044
4 8.113113113113114 0.6267427513880321
4 8.132132132132133 0.6270310192023634
4 8.15115115115115 0.6273179417904949
4 8.17017017017017 0.6276035285469248
4 8.18918918918919 0.6278877887788779
4 8.208208208208209 0.6281707317073171
4 8.227227227227228 0.6284523664679401
4 8.246246246246248 0.6287327021121631
4 8.265265265265267 0.6290117476080901
4 8.284284284284285 0.6292895118414693
4 8.303303303303304 0.6295660036166365
4 8.322322322322323 0.6298412316574453
4 8.34134134134134 0.6301152046081844
4 8.36036036036036 0.6303879310344828
4 8.37937937937938 0.6306594194242026
4 8.398398398398399 0.6309296781883195
4 8.417417417417418 0.631198715661791
4 8.436436436436438 0.6314665401044138
4 8.455455455455457 0.6317331597016692
4 8.474474474474475 0.6319985825655563
4 8.493493493493494 0.6322628167354154
4 8.512512512512513 0.6325258701787394
4 8.531531531531531 0.6327877507919747
4 8.55055055055055 0.6330484664013112
4 8.56956956956957 0.6333080247634623
4 8.588588588588589 0.6335664335664336
4 8.607607607607608 0.6338237004302826
4 8.626626626626628 0.6340798329078673
4 8.645645645645647 0.6343348384855853
4 8.664664664664667 0.6345887245841035
4 8.683683683683684 0.6348414985590778
4 8.702702702702704 0.6350931677018634
4 8.721721721721721 0.6353437392402157
4 8.74074074074074 0.635593220338983
4 8.75975975975976 0.6358416181007884
4 8.77877877877878 0.6360889395667046
4 8.797797797797799 0.6363351917169189
4 8.816816816816818 0.6365803814713896
4 8.835835835835837 0.636824515690495
4 8.854854854854857 0.6370676011756726
4 8.873873873873874 0.6373096446700508
4 8.892892892892894 0.6375506528590725
4 8.911911911911913 0.6377906323711109
4 8.93093093093093 0.6380295897780767
4 8.94994994994995 0.6382675315960183
4 8.96896896896897 0.6385044642857143
4 8.987987987987989 0.6387403942532576
4 9.007007007007008 0.6389753278506335
4 9.026026026026027 0.6392092713762892
4 9.045045045045045 0.6394422310756972
4 9.064064064064064 0.6396742131419105
4 9.083083083083084 0.639905223716112
4 9.102102102102103 0.6401352688881558
4 9.121121121121122 0.6403643546971027
4 9.14014014014014 0.640592487131749
4 9.15915915915916 0.6408196721311475
4 9.178178178178179 0.6410459155851238
4 9.197197197197198 0.6412712233347845
4 9.216216216216218 0.6414956011730205
4 9.235235235235235 0.6417190548450032
4 9.254254254254255 0.6419415900486749
4 9.273273273273274 0.6421632124352332
4 9.292292292292293 0.6423839276096089
4 9.311311311311313 0.6426037411309395
4 9.33033033033033 0.6428226585130351
4 9.34934934934935 0.6430406852248394
4 9.368368368368369 0.6432578266908858
4 9.387387387387388 0.6434740882917467
4 9.406406406406408 0.6436894753644781
4 9.425425425425425 0.6439039932030586
4 9.444444444444445 0.6441176470588236
4 9.463463463463464 0.6443304421408927
4 9.482482482482483 0.6445423836165945
4 9.501501501501503 0.6447534766118836
4 9.52052052052052 0.6449637262117548
4 9.53953953953954 0.6451731374606506
4 9.558558558558559 0.6453817153628653
4 9.577577577577578 0.6455894648829431
4 9.596596596596598 0.6457963909460728
4 9.615615615615617 0.646002498438476
4 9.634634634634635 0.6462077922077922
4 9.653653653653654 0.6464122770634592
4 9.672672672672673 0.6466159577770879
4 9.691691691691693 0.6468188390828341
4 9.710710710710712 0.6470209256777653
4 9.72972972972973 0.6472222222222223
4 9.74874874874875 0.6474227333401786
4 9.767767767767769 0.6476224636195942
4 9.786786786786788 0.6478214176127647
4 9.805805805805807 0.648019599836668
4 9.824824824824825 0.6482170147733062
4 9.843843843843844 0.6484136668700428
4 9.862862862862864 0.6486095605399371
4 9.881881881881883 0.6488047001620746
4 9.900900900900902 0.6489990900818926
4 9.91991991991992 0.6491927346115035
4 9.93893893893894 0.6493856380300131
4 9.957957957957959 0.649577804583836
4 9.976976976976978 0.6497692384870071
4 9.995995995995997 0.6499599439214901
4 10.015015015015015 0.6501499250374813
4 10.034034034034034 0.6503391859537111
4 10.053053053053054 0.6505277307577417
4 10.072072072072073 0.6507155635062611
4 10.091091091091092 0.6509026882253744
4 10.11011011011011 0.6510891089108911
4 10.12912912912913 0.6512748295286095
4 10.148148148148149 0.6514598540145986
4 10.167167167167168 0.651644186275475
4 10.186186186186188 0.6518278301886793
4 10.205205205205205 0.6520107896027465
4 10.224224224224224 0.6521930683375758
4 10.243243243243244 0.6523746701846966
4 10.262262262262263 0.6525555989075302
4 10.281281281281283 0.6527358582416513
4 10.3003003003003 0.6529154518950437
4 10.31931931931932 0.6530943835483558
4 10.338338338338339 0.653272656855151
4 10.357357357357358 0.6534502754421572
4 10.376376376376378 0.6536272429095119
4 10.395395395395397 0.6538035628310063
4 10.414414414414415 0.6539792387543253
4 10.433433433433434 0.6541542742012856
4 10.452452452452453 0.6543286726680713
4 10.471471471471473 0.654502437625466
4 10.490490490490492 0.654675572519084
4 10.50950950950951 0.6548480807695971
4 10.528528528528529 0.6550199657729606
4 10.547547547547548 0.6551912309006358
4 10.566566566566568 0.6553618794998105
4 10.585585585585587 0.6555319148936171
4 10.604604604604605 0.655701340381348
4 10.623623623623624 0.6558701592386695
4 10.642642642642643 0.656038374717833
4 10.661661661661663 0.6562059900478828
4 10.680680680680682 0.6563730084348641
4 10.6996996996997 0.6565394330620264
4 10.71871871871872 0.6567052670900262
4 10.737737737737739 0.6568705136571269
4 10.756756756756758 0.657035175879397
4 10.775775775775777 0.6571992568509057
4 10.794794794794795 0.6573627596439169
4 10.813813813813814 0.6575256873090808
4 10.832832832832834 0.6576880428756238
4 10.851851851851853 0.6578498293515358
4 10.870870870870872 0.6580110497237569
4 10.88988988988989 0.6581717069583601
4 10.90890890890891 0.6583318040007341
4 10.927927927927929 0.6584913437757626
4 10.946946946946948 0.6586503291880029
4 10.965965965965967 0.6588087631218622
4 10.984984984984985 0.6589666484417714
4 11.004004004004004 0.6591239879923587
4 11.023023023023024 0.6592807845986197
4 11.042042042042043 0.6594370410660865
4 11.061061061061062 0.6595927601809954
4 11.08008008008008 0.6597479447104526
4 11.0990990990991 0.6599025974025974
4 11.118118118118119 0.6600567209867652
4 11.137137137137138 0.6602103181736473
4 11.156156156156158 0.6603633916554509
4 11.175175175175177 0.6605159441060552
4 11.194194194194194 0.6606679781811678
4 11.213213213213214 0.6608194965184788
4 11.232232232232233 0.660970501737813
4 11.251251251251253 0.6611209964412812
4 11.270270270270272 0.6612709832134293
4 11.28928928928929 0.6614204646213868
4 11.308308308308309 0.6615694432150129
4 11.327327327327328 0.6617179215270413
4 11.346346346346348 0.6618659020732245
4 11.365365365365367 0.662013387352475
4 11.384384384384385 0.662160379847006
4 11.403403403403404 0.6623068820224719
4 11.422422422422423 0.6624528963281044
4 11.441441441441443 0.6625984251968504
4 11.460460460460462 0.6627434710455061
4 11.47947947947948 0.6628880362748517
4 11.498498498498499 0.6630321232697832
4 11.517517517517518 0.6631757343994438
4 11.536536536536538 0.6633188720173536
4 11.555555555555557 0.6634615384615384
4 11.574574574574575 0.6636037360546571
4 11.593593593593594 0.6637454671041271
4 11.612612612612613 0.6638867339022498
4 11.631631631631633 0.6640275387263339
4 11.650650650650652 0.6641678838388178
4 11.66966966966967 0.6643077714873906
4 11.68868868868869 0.6644472039051126
4 11.707707707707709 0.6645861833105335
4 11.726726726726728 0.6647247119078105
4 11.745745745745747 0.6648627918868246
4 11.764764764764765 0.6650004254232962
4 11.783783783783784 0.6651376146788991
4 11.802802802802804 0.6652743618013739
4 11.821821821821823 0.6654106689246402
4 11.840840840840842 0.665546538168907
4 11.85985985985986 0.6656819716407832
4 11.87887887887888 0.6658169714333867
4 11.897897897897899 0.6659515396264513
4 11.916916916916918 0.6660856782864343
4 11.935935935935937 0.666219389466622
4 11.954954954954957 0.6663526752072344
4 11.973973973973974 0.6664855375355292
4 11.992992992992994 0.6666179784659043
4 12.012012012012013 0.66675
4 12.031031031031032 0.6668816041267992
4 12.050050050050052 0.6670127928227281
4 12.06906906906907 0.6671435680517541
4 12.088088088088089 0.6672739317654852
4 12.107107107107108 0.6674038859032658
4 12.126126126126128 0.6675334323922735
4 12.145145145145147 0.667662573147614
4 12.164164164164164 0.6677913100724161
4 12.183183183183184 0.6679196450579246
4 12.202202202202203 0.6680475799835931
4 12.221221221221223 0.6681751167171759
4 12.240240240240242 0.6683022571148185
4 12.25925925925926 0.668429003021148
4 12.278278278278279 0.6685553562693625
4 12.297297297297298 0.6686813186813187
4 12.316316316316318 0.6688068920676203
4 12.335335335335337 0.6689320782277043
4 12.354354354354355 0.669056878949927
4 12.373373373373374 0.6691812960116496
4 12.392392392392393 0.6693053311793214
4 12.411411411411413 0.6694289862085652
4 12.430430430430432 0.6695522628442583
4 12.44944944944945 0.6696751628206159
4 12.468468468468469 0.6697976878612717
4 12.487487487487488 0.6699198396793588
4 12.506506506506508 0.6700416199775893
4 12.525525525525527 0.6701630304483337
4 12.544544544544545 0.6702840727736994
4 12.563563563563564 0.6704047486256075
4 12.582582582582583 0.6705250596658712
4 12.601601601601603 0.6706450075462705
4 12.620620620620622 0.6707645939086294
4 12.63963963963964 0.6708838203848895
4 12.65865865865866 0.6710026885971849
4 12.677677677677679 0.6711212001579155
4 12.696696696696698 0.6712393566698203
4 12.715715715715717 0.671357159726049
4 12.734734734734735 0.6714746109102342
4 12.753753753753754 0.6715917117965623
4 12.772772772772774 0.6717084639498433
4 12.791791791791793 0.671824868925581
4 12.810810810810812 0.6719409282700421
4 12.829829829829832 0.6720566435203246
4 12.84884884884885 0.672172016204425
4 12.867867867867869 0.6722870478413069
4 12.886886886886888 0.6724017399409663
4 12.905905905905907 0.6725160940044985
4 12.924924924924927 0.6726301115241635
4 12.943943943943944 0.6727437939834506
4 12.962962962962964 0.6728571428571428
4 12.981981981981983 0.672970159611381
4 13.001001001001002 0.6730828457037266
4 13.020020020020022 0.6731952025832244
4 13.03903903903904 0.6733072316904652
4 13.058058058058059 0.6734189344576467
4 13.077077077077078 0.6735303123086345
4 13.096096096096097 0.6736413666590232
4 13.115115115115117 0.673752098916196
4 13.134134134134134 0.6738625104793842
4 13.153153153153154 0.673972602739726
4 13.172172172172173 0.6740823770803253
4 13.191191191191193 0.674191834876309
4 13.210210210210212 0.6743009774948852
4 13.22922922922923 0.6744098062953995
4 13.248248248248249 0.6745183226293918
4 13.267267267267268 0.6746265278406519
4 13.286286286286288 0.6747344232652754
4 13.305305305305307 0.6748420102317183
4 13.324324324324325 0.6749492900608519
4 13.343343343343344 0.6750562640660165
4 13.362362362362363 0.6751629335530751
4 13.381381381381383 0.6752692998204668
4 13.400400400400402 0.675375364159259
4 13.41941941941942 0.6754811278532
4 13.438438438438439 0.6755865921787709
4 13.457457457457458 0.6756917584052365
4 13.476476476476478 0.6757966277946966
4 13.495495495495497 0.6759012016021362
4 13.514514514514515 0.6760054810754759
4 13.533533533533534 0.6761094674556213
4 13.552552552552553 0.6762131619765123
4 13.571571571571573 0.6763165658651719
4 13.590590590590592 0.6764196803417545
4 13.609609609609612 0.676522506619594
4 13.62862862862863 0.6766250459052515
4 13.647647647647648 0.6767272993985625
4 13.666666666666668 0.676829268292683
4 13.685685685685687 0.6769309537741369
4 13.704704704704707 0.6770323570228618
4 13.723723723723724 0.6771334792122539
4 13.742742742742744 0.677234321509214
4 13.761761761761763 0.6773348850741926
4 13.780780780780782 0.6774351710612334
4 13.799799799799802 0.6775351806180183
4 13.81881881881882 0.6776349148859109
4 13.837837837837839 0.677734375
4 13.856856856856858 0.6778335620891425
4 13.875875875875877 0.6779324772760064
4 13.894894894894897 0.6780311216771127
4 13.913913913913914 0.6781294964028777
4 13.932932932932934 0.678227602557655
4 13.951951951951953 0.6783254412397761
4 13.970970970970972 0.6784230135415921
4 13.989989989989992 0.6785203205495135
4 14.00900900900901 0.6786173633440514
4 14.028028028028029 0.6787141429998573
4 14.047047047047048 0.6788106605857621
4 14.066066066066067 0.6789069171648164
4 14.085085085085087 0.6790029137943288
4 14.104104104104104 0.6790986515259049
4 14.123123123123124 0.6791941314054859
4 14.142142142142143 0.6792893544733862
4 14.161161161161163 0.6793843217643316
4 14.180180180180182 0.6794790343074968
4 14.1991991991992 0.6795734931265421
4 14.218218218218219 0.6796676992396508
4 14.237237237237238 0.6797616536595655
4 14.256256256256258 0.6798553573936245
4 14.275275275275277 0.6799488114437978
4 14.294294294294295 0.6800420168067227
4 14.313313313313314 0.6801349744737394
4 14.332332332332333 0.6802276854309262
4 14.351351351351353 0.6803201506591338
4 14.370370370370372 0.6804123711340206
4 14.38938938938939 0.6805043478260869
4 14.408408408408409 0.6805960817007086
4 14.427427427427428 0.6806875737181711
4 14.446446446446448 0.6807788248337029
4 14.465465465465467 0.6808698359975088
4 14.484484484484486 0.6809606081548031
4 14.503503503503504 0.6810511422458416
4 14.522522522522523 0.6811414392059554
4 14.541541541541543 0.6812314999655813
4 14.560560560560562 0.6813213254502957
4 14.579579579579582 0.6814109165808445
4 14.598598598598599 0.681500274273176
4 14.617617617617618 0.6815893994384715
4 14.636636636636638 0.6816782929831761
4 14.655655655655657 0.6817669558090295
4 14.674674674674677 0.6818553888130969
4 14.693693693693694 0.6819435928877989
4 14.712712712712714 0.6820315689209416
4 14.731731731731733 0.6821193177957464
4 14.750750750750752 0.6822068403908795
4 14.769769769769772 0.6822941375804812
4 14.78878878878879 0.6823812102341952
4 14.807807807807809 0.6824680592171973
4 14.826826826826828 0.6825546853902241
4 14.845845845845847 0.6826410896096016
4 14.864864864864867 0.6827272727272727
4 14.883883883883884 0.6828132355908265
4 14.902902902902904 0.682898979043525
4 14.921921921921923 0.6829845039243309
4 14.940940940940942 0.6830698110679352
4 14.959959959959962 0.6831549013047842
4 14.97897897897898 0.6832397754611067
4 14.997997997997999 0.6833244343589402
4 15.017017017017018 0.6834088788161579
4 15.036036036036037 0.6834931096464949
4 15.055055055055057 0.6835771276595745
4 15.074074074074074 0.6836609336609336
4 15.093093093093094 0.6837445284520494
4 15.112112112112113 0.6838279128303637
4 15.131131131131133 0.6839110875893093
4 15.150150150150152 0.683994053518335
4 15.16916916916917 0.6840768114029299
4 15.188188188188189 0.6841593620246491
4 15.207207207207208 0.6842417061611374
4 15.226226226226228 0.6843238445861548
4 15.245245245245247 0.6844057780695995
4 15.264264264264266 0.6844875073775329
4 15.283283283283284 0.6845690332722033
4 15.302302302302303 0.6846503565120691
4 15.321321321321323 0.6847314778518229
4 15.340340340340342 0.6848123980424143
4 15.359359359359361 0.684893117831074
4 15.378378378378379 0.6849736379613357
4 15.397397397397398 0.6850539591730594
4 15.416416416416418 0.6851340822024544
4 15.435435435435437 0.6852140077821012
4 15.454454454454456 0.6852937366409741
4 15.473473473473474 0.6853732695044638
4 15.492492492492493 0.6854526070943981
4 15.511511511511513 0.6855317501290655
4 15.530530530530532 0.6856106993232356
4 15.549549549549551 0.6856894553881807
4 15.568568568568569 0.685768019031698
4 15.587587587587588 0.6858463909581299
4 15.606606606606608 0.6859245718683856
4 15.625625625625627 0.6860025624599616
4 15.644644644644647 0.6860803634269627
4 15.663663663663664 0.6861579754601227
4 15.682682682682684 0.6862353992468245
4 15.701701701701703 0.6863126354711208
4 15.720720720720722 0.6863896848137536
4 15.739739739739742 0.686466547952175
4 15.75875875875876 0.6865432255605666
4 15.777777777777779 0.6866197183098591
4 15.796796796796798 0.6866960268677523
4 15.815815815815817 0.6867721518987342
4 15.834834834834837 0.6868480940641002
4 15.853853853853854 0.6869238540219724
4 15.872872872872874 0.6869994324273192
4 15.891891891891893 0.6870748299319728
4 15.910910910910912 0.6871500471846492
4 15.929929929929932 0.6872250848309664
4 15.94894894894895 0.6872999435134626
4 15.967967967967969 0.6873746238716149
4 15.986986986986988 0.6874491265418571
4 16.006006006006007 0.6875234521575985
4 16.025025025025027 0.6875976013492411
4 16.044044044044046 0.6876715747441977
4 16.063063063063062 0.6877453729669097
4 16.08208208208208 0.6878189966388647
4 16.1011011011011 0.6878924463786136
4 16.12012012012012 0.6879657228017884
4 16.13913913913914 0.6880388265211189
4 16.15815815815816 0.6881117581464502
4 16.177177177177178 0.6881845182847596
4 16.196196196196198 0.6882571075401731
4 16.215215215215217 0.6883295265139824
4 16.234234234234236 0.6884017758046614
4 16.253253253253256 0.6884738560078832
4 16.272272272272275 0.6885457677165354
4 16.291291291291294 0.6886175115207374
4 16.310310310310314 0.6886890880078557
4 16.329329329329333 0.6887604977625207
4 16.34834834834835 0.6888317413666422
4 16.36736736736737 0.6889028193994251
4 16.386386386386388 0.6889737324373855
4 16.405405405405407 0.6890444810543658
4 16.424424424424426 0.6891150658215505
4 16.443443443443442 0.6891854873074816
4 16.46246246246246 0.6892557460780737
4 16.48148148148148 0.6893258426966292
4 16.5005005005005 0.6893957777238534
4 16.51951951951952 0.6894655517178695
4 16.53853853853854 0.6895351652342332
4 16.55755755755756 0.6896046188259477
4 16.576576576576578 0.6896739130434782
4 16.595595595595597 0.6897430484347669
4 16.614614614614617 0.6898120255452465
4 16.633633633633636 0.6898808449178552
4 16.652652652652655 0.6899495070930513
4 16.671671671671675 0.6900180126088262
4 16.690690690690694 0.6900863620007197
4 16.709709709709713 0.6901545558018332
4 16.72872872872873 0.6902225945428435
4 16.74774774774775 0.6902904787520172
4 16.766766766766768 0.6903582089552239
4 16.785785785785787 0.6904257856759497
4 16.804804804804807 0.6904932094353109
4 16.823823823823826 0.6905604807520676
4 16.842842842842842 0.6906276001426364
4 16.86186186186186 0.6906945681211042
4 16.88088088088088 0.690761385199241
4 16.8998998998999 0.6908280518865131
4 16.91891891891892 0.6908945686900958
4 16.93793793793794 0.6909609361148868
4 16.956956956956958 0.6910271546635183
4 16.975975975975977 0.69109322483637
4 16.994994994994997 0.6911591471315821
4 17.014014014014016 0.6912249220450668
4 17.033033033033036 0.6912905500705219
4 17.052052052052055 0.6913560316994424
4 17.07107107107107 0.6914213674211329
4 17.09009009009009 0.69148655772272
4 17.10910910910911 0.6915516030891645
4 17.12812812812813 0.6916165040032728
4 17.147147147147148 0.6916812609457093
4 17.166166166166168 0.6917458743950085
4 17.185185185185187 0.6918103448275862
4 17.204204204204206 0.6918746727177518
4 17.223223223223226 0.6919388585377194
4 17.242242242242245 0.6920029027576198
4 17.261261261261264 0.6920668058455115
4 17.28028028028028 0.6921305682673927
4 17.2992992992993 0.6921941904872121
4 17.31831831831832 0.6922576729668806
4 17.33733733733734 0.6923210161662817
4 17.356356356356358 0.692384220543284
4 17.375375375375377 0.6924472865537504
4 17.394394394394396 0.6925102146515509
4 17.413413413413416 0.6925730052885721
4 17.432432432432435 0.6926356589147287
4 17.451451451451454 0.6926981759779741
4 17.47047047047047 0.692760556924311
4 17.48948948948949 0.6928228021978022
4 17.50850850850851 0.6928849122405809
4 17.52752752752753 0.6929468874928613
4 17.546546546546548 0.6930087283929488
4 17.565565565565567 0.693070435377251
4 17.584584584584587 0.6931320088802869
4 17.603603603603606 0.6931934493346981
4 17.622622622622625 0.6932547571712582
4 17.641641641641645 0.6933159328188834
4 17.66066066066066 0.693376976704642
4 17.67967967967968 0.6934378892537651
4 17.6986986986987 0.6934986708896556
4 17.71771771771772 0.6935593220338983
4 17.736736736736738 0.6936198431062701
4 17.755755755755757 0.6936802345247491
4 17.774774774774777 0.6937404967055246
4 17.793793793793796 0.6938006300630063
4 17.812812812812815 0.6938606350098342
4 17.831831831831835 0.6939205119568879
4 17.85085085085085 0.6939802613132956
4 17.86986986986987 0.6940398834864441
4 17.88888888888889 0.6940993788819876
4 17.90790790790791 0.6941587479038569
4 17.926926926926928 0.6942179909542688
4 17.945945945945947 0.6942771084337349
4 17.964964964964967 0.6943361007410709
4 17.983983983983986 0.6943949682734053
4 18.003003003003005 0.6944537114261885
4 18.022022022022025 0.6945123305932015
4 18.04104104104104 0.694570826166565
4 18.06006006006006 0.6946291985367475
4 18.07907907907908 0.6946874480925752
4 18.0980980980981 0.6947455752212389
4 18.117117117117118 0.6948035803083044
4 18.136136136136138 0.6948614637377194
4 18.155155155155157 0.6949192258918233
4 18.174174174174176 0.694976867151355
4 18.193193193193196 0.6950343878954608
4 18.212212212212215 0.6950917885017038
4 18.231231231231234 0.6951490693460715
4 18.25025025025025 0.6952062308029837
4 18.26926926926927 0.6952632732453017
4 18.28828828828829 0.695320197044335
4 18.30730730730731 0.6953770025698507
4 18.326326326326328 0.6954336901900808
4 18.345345345345347 0.6954902602717302
4 18.364364364364366 0.6955467131799847
4 18.383383383383386 0.6956030492785189
4 18.402402402402405 0.6956592689295039
4 18.421421421421424 0.6957153724936151
4 18.44044044044044 0.6957713603300402
4 18.45945945945946 0.6958272327964861
4 18.47847847847848 0.6958829902491874
4 18.4974974974975 0.6959386330429136
4 18.516516516516518 0.6959941615309764
4 18.535535535535537 0.6960495760652373
4 18.554554554554556 0.6961048769961157
4 18.573573573573576 0.696160064672595
4 18.592592592592595 0.6962151394422311
4 18.611611611611615 0.696270101651159
4 18.63063063063063 0.6963249516441006
4 18.64964964964965 0.6963796897643713
4 18.66866866866867 0.6964343163538874
4 18.68768768768769 0.6964888317531737
4 18.706706706706708 0.6965432363013698
4 18.725725725725727 0.6965975303362377
4 18.744744744744747 0.6966517141941685
4 18.763763763763766 0.6967057882101894
4 18.782782782782785 0.6967597527179706
4 18.801801801801805 0.6968136080498323
4 18.82082082082082 0.6968673545367514
4 18.83983983983984 0.6969209925083684
4 18.85885885885886 0.6969745222929936
4 18.87787787787788 0.6970279442176149
4 18.896896896896898 0.6970812586079034
4 18.915915915915917 0.6971344657882204
4 18.934934934934937 0.697187566081624
4 18.953953953953956 0.6972405598098759
4 18.972972972972975 0.6972934472934473
4 18.991991991991995 0.6973462288515259
4 19.011011011011014 0.6973989048020219
4 19.03003003003003 0.6974514754615748
4 19.04904904904905 0.6975039411455597
4 19.06806806806807 0.6975563021680928
4 19.087087087087088 0.697608558842039
4 19.106106106106107 0.6976607114790171
4 19.125125125125127 0.6977127603894064
4 19.144144144144146 0.697764705882353
4 19.163163163163166 0.6978165482657752
4 19.182182182182185 0.6978682878463707
4 19.201201201201204 0.6979199249296215
4 19.22022022022022 0.697971459819801
4 19.23923923923924 0.6980228928199792
4 19.25825825825826 0.6980742242320287
4 19.27727727727728 0.698125454356631
4 19.296296296296298 0.6981765834932822
4 19.315315315315317 0.6982276119402985
4 19.334334334334336 0.6982785399948227
4 19.353353353353356 0.6983293679528292
4 19.372372372372375 0.6983800961091304
4 19.391391391391394 0.6984307247573818
4 19.41041041041041 0.6984812541900882
4 19.42942942942943 0.6985316846986089
4 19.44844844844845 0.6985820165731639
4 19.46746746746747 0.6986322501028384
4 19.486486486486488 0.6986823855755895
4 19.505505505505507 0.698732423278251
4 19.524524524524526 0.6987823634965393
4 19.543543543543546 0.6988322065150584
4 19.562562562562565 0.6988819526173055
4 19.581581581581585 0.6989316020856763
4 19.6006006006006 0.6989811552014709
4 19.61961961961962 0.6990306122448979
4 19.63863863863864 0.6990799734950813
4 19.65765765765766 0.6991292392300642
4 19.676676676676678 0.6991784097268149
4 19.695695695695697 0.6992274852612319
4 19.714714714714717 0.6992764661081493
4 19.733733733733736 0.6993253525413412
4 19.752752752752755 0.6993741448335276
4 19.771771771771775 0.6994228432563792
4 19.790790790790794 0.699471448080522
4 19.80980980980981 0.6995199595755432
4 19.82882882882883 0.6995683780099955
4 19.84784784784785 0.699616703651402
4 19.866866866866868 0.699664936766262
4 19.885885885885887 0.6997130776200544
4 19.904904904904907 0.6997611264772442
4 19.923923923923926 0.6998090836012861
4 19.942942942942945 0.6998569492546304
4 19.961961961961965 0.6999047236987264
4 19.980980980980984 0.6999524071940284
4 20.0 0.7
