5 1.0 0.0
5 1.019019019019019 0.00933202357563846
5 1.038038038038038 0.018322082931533284
5 1.057057057057057 0.026988636363636336
5 1.0760760760760761 0.035348837209302354
5 1.095095095095095 0.043418647166361964
5 1.1141141141141142 0.051212938005390875
5 1.1331331331331331 0.05874558303886926
5 1.1521521521521523 0.0660295395308428
5 1.1711711711711712 0.07307692307692308
5 1.1901901901901901 0.07989907485281747
5 1.2092092092092093 0.08650662251655632
5 1.2282282282282282 0.09290953545232272
5 1.2472472472472473 0.09911717495987162
5 1.2662662662662663 0.10513833992094862
5 1.2852852852852852 0.11098130841121492
5 1.3043043043043043 0.11665387567152725
5 1.3233233233233235 0.12216338880484119
5 1.3423423423423424 0.12751677852348994
5 1.3613613613613613 0.13272058823529412
5 1.3803803803803805 0.1377810007251632
5 1.3993993993993994 0.1427038626609442
5 1.4184184184184185 0.1474947071277347
5 1.4374374374374375 0.15215877437325906
5 1.4564564564564564 0.15670103092783502
5 1.4754754754754755 0.16112618724559025
5 1.4944944944944947 0.16543871399866045
5 1.5135135135135136 0.16964285714285715
5 1.5325325325325325 0.1737426518615284
5 1.5515515515515514 0.17774193548387093
5 1.5705705705705706 0.18164435946462715
5 1.5895895895895897 0.18545340050377837
5 1.6086086086086087 0.18917237087741134
5 1.6276276276276276 0.19280442804428044
5 1.6466466466466467 0.19635258358662616
5 1.6656656656656659 0.19981971153846156
5 1.6846846846846848 0.20641711229946536
5 1.7037037037037037 0.21304347826086967
5 1.7227227227227226 0.21952353282975012
5 1.7417417417417418 0.2258620689655173
5 1.760760760760761 0.23206367254121674
5 1.7797797797797799 0.23813273340832408
5 1.7987987987987988 0.24407345575959938
5 1.817817817817818 0.24988986784140976
5 1.8368368368368369 0.2555858310626703
5 1.855855855855856 0.2611650485436894
5 1.874874874874875 0.2666310731446877
5 1.8938938938938938 0.27198731501057083
5 1.912912912912913 0.27723704866562016
5 1.9319319319319321 0.2823834196891193
5 1.950950950950951 0.2874294510005132
5 1.96996996996997 0.2923780487804879
5 1.9889889889889891 0.2972320080523403
5 2.008008008008008 0.30199401794616154
5 2.027027027027027 0.30666666666666675
5 2.046046046046046 0.3112524461839531
5 2.065065065065065 0.31575375666505096
5 2.0840840840840844 0.32017291066282433
5 2.103103103103103 0.3245121370775821
5 2.1221221221221223 0.32877358490566044
5 2.141141141141141 0.3329593267882188
5 2.16016016016016 0.33707136237256724
5 2.1791791791791795 0.3411116214974737
5 2.1981981981981984 0.34508196721311485
5 2.2172172172172173 0.34898419864559826
5 2.2362362362362362 0.3528200537153089
5 2.255255255255255 0.35659121171770974
5 2.2742742742742745 0.360299295774648
5 2.2932932932932935 0.36394587516368404
5 2.3123123123123124 0.3675324675324676
5 2.3313313313313317 0.3710605410047232
5 2.3503503503503502 0.3745315161839864
5 2.3693693693693696 0.3779467680608366
5 2.3883883883883885 0.38130762782900257
5 2.4074074074074074 0.3846153846153847
5 2.426426426426427 0.387871287128713
5 2.4454454454454453 0.39107654523127305
5 2.4644644644644647 0.39423233143785547
5 2.4834834834834836 0.39733978234582834
5 2.5025025025025025 0.40040000000000003
5 2.521521521521522 0.40341405319571266
5 2.5405405405405403 0.4063829787234043
5 2.5595595595595597 0.40930778255768485
5 2.5785785785785786 0.41218944099378885
5 2.5975975975975976 0.41502890173410406
5 2.616616616616617 0.4178270849273146
5 2.635635635635636 0.4205848841625523
5 2.6546546546546548 0.42330316742081453
5 2.6736736736736737 0.42598277798577316
5 2.6926926926926926 0.42862453531598516
5 2.711711711711712 0.43122923588039874
5 2.730730730730731 0.4337976539589444
5 2.74974974974975 0.43633054240990177
5 2.768768768768769 0.43882863340564
5 2.7877877877877877 0.4412926391382406
5 2.806806806806807 0.44372325249643374
5 2.825825825825826 0.4461211477151967
5 2.844844844844845 0.44848698099929635
5 2.8638638638638643 0.45082139112198544
5 2.8828828828828827 0.45312500000000006
5 2.901901901901902 0.45539841324594693
5 2.920920920920921 0.45764222069910904
5 2.93993993993994 0.4598569969356487
5 2.9589589589589593 0.46204330175913405
5 2.9779779779779783 0.46420168067226897
5 2.996996996996997 0.46633266533066137
5 3.016016016016016 0.46843677397942257
5 3.035035035035035 0.47051451187335097
5 3.0540540540540544 0.472566371681416
5 3.0730730730730733 0.4745928338762216
5 3.0920920920920922 0.47659436710909686
5 3.111111111111111 0.47857142857142865
5 3.13013013013013 0.48052446434282065
5 3.1491491491491495 0.4824539097266371
5 3.1681681681681684 0.4843601895734598
5 3.1871871871871873 0.4862437185929649
5 3.206206206206206 0.4881049016546988
5 3.2252252252252256 0.48994413407821236
5 3.2442442442442445 0.4917618019129899
5 3.2632632632632634 0.493558282208589
5 3.2822822822822824 0.4953339432753889
5 3.3013013013013013 0.4970891449363251
5 3.3203203203203207 0.49882423876997295
5 3.3393393393393396 0.5005395683453238
5 3.3583583583583585 0.5022354694485842
5 3.3773773773773774 0.5039122703023118
5 3.396396396396397 0.5055702917771885
5 3.4154154154154157 0.5072098475967175
5 3.4344344344344346 0.5088312445351211
5 3.4534534534534536 0.5104347826086957
5 3.4724724724724725 0.5120207552608822
5 3.491491491491492 0.5135894495412845
5 3.5105105105105108 0.5151411462788709
5 3.5295295295295297 0.5166761202495747
5 3.5485485485485486 0.5181946403385049
5 3.567567567567568 0.5196969696969698
5 3.586586586586587 0.5211833658945019
5 3.605605605605606 0.5226540810660745
5 3.6246246246246248 0.5241093620546811
5 3.6436436436436437 0.5255494505494506
5 3.662662662662663 0.526974583219459
5 3.681681681681682 0.5283849918433932
5 3.700700700700701 0.5297809034352178
5 3.71971971971972 0.531162540365985
5 3.738738738738739 0.5325301204819277
5 3.757757757757758 0.5338838572189666
5 3.776776776776777 0.5352239597137557
5 3.795795795795796 0.5365506329113925
5 3.814814814814815 0.537864077669903
5 3.8338338338338342 0.5391644908616189
5 3.852852852852853 0.5404520654715511
5 3.871871871871872 0.5417269906928646
5 3.890890890890891 0.5429894520195524
5 3.90990990990991 0.5442396313364055
5 3.9289289289289293 0.5454777070063694
5 3.9479479479479482 0.5467038539553752
5 3.966966966966967 0.5479182437547313
5 3.985985985985986 0.5491210447011552
5 4.005005005005005 0.5503124218945264
5 4.024024024024024 0.551492537313433
5 4.043043043043044 0.5526615498885864
5 4.062062062062062 0.5538196155741746
5 4.081081081081081 0.5549668874172186
5 4.1001001001001 0.556103515625
5 4.119119119119119 0.5572296476306198
5 4.138138138138139 0.558345428156749
5 4.157157157157157 0.5594509992776306
5 4.176176176176177 0.5605465004793865
5 4.195195195195195 0.5616320687186829
5 4.2142142142142145 0.5627078384798101
5 4.233233233233234 0.56377394183022
5 4.252252252252252 0.5648305084745764
5 4.271271271271272 0.5658776658073589
5 4.29029029029029 0.5669155389640691
5 4.3093093093093096 0.5679442508710801
5 4.328328328328329 0.5689639222941721
5 4.347347347347347 0.5699746718857933
5 4.366366366366367 0.5709766162310868
5 4.385385385385385 0.5719698698927186
5 4.404404404404405 0.5729545454545455
5 4.423423423423424 0.5739307535641549
5 4.442442442442443 0.5748986029743128
5 4.461461461461462 0.5758582005833521
5 4.48048048048048 0.5768096514745309
5 4.4994994994995 0.5777530589543938
5 4.518518518518519 0.5786885245901641
5 4.537537537537538 0.5796161482461947
5 4.556556556556557 0.580536028119508
5 4.575575575575575 0.5814482607744477
5 4.594594594594595 0.5823529411764706
5 4.613613613613614 0.5832501627251031
5 4.6326326326326335 0.5841400172860848
5 4.651651651651652 0.5850225952227244
5 4.67067067067067 0.5858979854264895
5 4.68968968968969 0.5867662753468517
5 4.708708708708709 0.5876275510204082
5 4.7277277277277285 0.5884818970993013
5 4.746746746746747 0.5893293968789541
5 4.7657657657657655 0.5901701323251418
5 4.784784784784785 0.5910041841004184
5 4.803803803803804 0.5918316315899146
5 4.822822822822824 0.5926525529265256
5 4.841841841841842 0.5934670250155055
5 4.8608608608608606 0.5942751235584844
5 4.87987987987988 0.5950769230769231
5 4.898898898898899 0.5958724969350225
5 4.917917917917919 0.5966619173621006
5 4.936936936936937 0.5974452554744526
5 4.9559559559559565 0.5982225812967078
5 4.974974974974975 0.5989939637826962
5 4.993993993993994 0.5997594708358389
5 5.013013013013014 0.6005191693290736
5 5.032032032032032 0.6012731251243286
5 5.051051051051052 0.6020214030915577
5 5.07007007007007 0.6027640671273445
5 5.089089089089089 0.6035011801730921
5 5.108108108108109 0.6042328042328043
5 5.127127127127127 0.6049590003904726
5 5.146146146146147 0.6056798288270765
5 5.165165165165165 0.6063953488372094
5 5.1841841841841845 0.607105618845337
5 5.203203203203204 0.6078106964217007
5 5.222222222222222 0.6085106382978724
5 5.241241241241242 0.609205500381971
5 5.26026026026026 0.609895337773549
5 5.2792792792792795 0.610580204778157
5 5.298298298298299 0.6112601549215946
5 5.317317317317317 0.6119352409638554
5 5.336336336336337 0.6126055149127744
5 5.355355355355356 0.6132710280373832
5 5.374374374374375 0.6139318308809835
5 5.393393393393394 0.6145879732739421
5 5.412412412412412 0.6152395043462179
5 5.431431431431432 0.615886472539624
5 5.450450450450451 0.6165289256198347
5 5.46946946946947 0.6171669106881406
5 5.488488488488489 0.6178004741929601
5 5.5075075075075075 0.6184296619411124
5 5.526526526526527 0.6190545191088571
5 5.545545545545546 0.6196750902527076
5 5.564564564564565 0.6202914193200216
5 5.583583583583584 0.6209035496593762
5 5.602602602602603 0.6215115240307307
5 5.621621621621622 0.6221153846153846
5 5.640640640640641 0.6227151730257321
5 5.65965965965966 0.6233109303148214
5 5.678678678678679 0.6239026969857219
5 5.6976976976976985 0.6244905130007028
5 5.716716716716717 0.6250744177902294
5 5.735735735735736 0.6256544502617802
5 5.754754754754755 0.6262306488084884
5 5.773773773773774 0.6268030513176145
5 5.792792792792794 0.6273716951788493
5 5.811811811811812 0.6279366172924561
5 5.830830830830831 0.6284978540772532
5 5.84984984984985 0.6290554414784395
5 5.868868868868869 0.6296094149752687
5 5.887887887887889 0.6301598095885754
5 5.906906906906907 0.6307066598881546
5 5.9259259259259265 0.6312500000000001
5 5.944944944944945 0.631789863613403
5 5.963963963963964 0.6323262839879155
5 5.982982982982984 0.6328592939601807
5 6.002002002002002 0.6333889259506338
5 6.0210210210210215 0.6339152119700748
5 6.04004004004004 0.6344381836261187
5 6.059059059059059 0.6349578721295226
5 6.078078078078079 0.6354743083003953
5 6.097097097097097 0.6359875225742899
5 6.116116116116117 0.6364975450081833
5 6.135135135135136 0.6370044052863437
5 6.1541541541541545 0.6375081327260899
5 6.173173173173174 0.6380087562834442
5 6.192192192192192 0.638506304558681
5 6.211211211211212 0.6390008058017729
5 6.230230230230231 0.6394922879177378
5 6.2492492492492495 0.6399807784718885
5 6.268268268268269 0.6404663046949857
5 6.287287287287287 0.6409488934882981
5 6.306306306306307 0.6414285714285715
5 6.325325325325326 0.6419053647729072
5 6.344344344344345 0.6423792994635532
5 6.363363363363364 0.6428504011326097
5 6.382382382382382 0.64331869510665
5 6.401401401401402 0.6437842064112589
5 6.420420420420421 0.6442469597754912
5 6.43943943943944 0.6447069796362506
5 6.458458458458459 0.6451642901425915
5 6.477477477477478 0.6456189151599444
5 6.496496496496497 0.6460708782742681
5 6.515515515515516 0.6465202027961285
5 6.534534534534535 0.6469669117647059
5 6.553553553553554 0.6474110279517337
5 6.572572572572573 0.6478525738653671
5 6.591591591591592 0.6482915717539863
5 6.610610610610611 0.6487280436099334
5 6.62962962962963 0.6491620111731844
5 6.648648648648649 0.6495934959349594
5 6.6676676676676685 0.6500225191412702
5 6.686686686686687 0.6504491017964072
5 6.705705705705706 0.6508732646663682
5 6.724724724724725 0.651295028282227
5 6.743743743743744 0.6517144129434467
5 6.762762762762764 0.6521314387211368
5 6.781781781781782 0.6525461254612547
5 6.800800800800801 0.652958492787754
5 6.81981981981982 0.6533685601056803
5 6.838838838838839 0.6537763466042155
5 6.857857857857859 0.6541818712596702
5 6.876876876876877 0.654585152838428
5 6.8958958958958965 0.6549862098998404
5 6.914914914914916 0.6553850607990737
5 6.933933933933934 0.6557817236899091
5 6.952952952952954 0.6561762165274979
5 6.971971971971972 0.6565685570710696
5 6.9909909909909915 0.656958762886598
5 7.010010010010011 0.6573468513494217
5 7.029029029029029 0.6577328396468243
5 7.048048048048049 0.658116744780571
5 7.067067067067067 0.6584985835694052
5 7.086086086086087 0.6588783726515045
5 7.105105105105106 0.6592561284868977
5 7.124124124124124 0.6596318673598427
5 7.143143143143144 0.660005605381166
5 7.162162162162162 0.6603773584905661
5 7.181181181181182 0.6607471424588793
5 7.200200200200201 0.6611149728903101
5 7.2192192192192195 0.6614808652246257
5 7.238238238238239 0.6618448347393169
5 7.257257257257257 0.6622068965517242
5 7.276276276276277 0.6625670656211309
5 7.295295295295296 0.6629253567508233
5 7.314314314314315 0.6632817845901191
5 7.333333333333334 0.6636363636363637
5 7.352352352352353 0.6639891082368959
5 7.371371371371372 0.6643400325909832
5 7.390390390390391 0.664689150751727
5 7.40940940940941 0.6650364766279384
5 7.428428428428429 0.6653820239859858
5 7.447447447447448 0.665725806451613
5 7.466466466466467 0.6660678375117308
5 7.485485485485486 0.6664081305161809
5 7.504504504504505 0.6667466986794719
5 7.523523523523524 0.6670835550824907
5 7.542542542542543 0.6674187126741872
5 7.561561561561562 0.6677521842732328
5 7.580580580580581 0.6680839825696554
5 7.5995995995996 0.668414120126449
5 7.618618618618619 0.6687426093811589
5 7.6376376376376385 0.6690694626474444
5 7.656656656656657 0.6693946921166166
5 7.675675675675676 0.669718309859155
5 7.694694694694695 0.6700403278262002
5 7.713713713713714 0.6703607578510252
5 7.7327327327327335 0.6706796116504855
5 7.751751751751752 0.6709969008264464
5 7.770770770770771 0.6713126368671906
5 7.789789789789791 0.671626831148805
5 7.808808808808809 0.6719394949365467
5 7.827827827827829 0.6722506393861893
5 7.846846846846847 0.6725602755453503
5 7.8658658658658664 0.6728684143547977
5 7.884884884884886 0.6731750666497398
5 7.903903903903904 0.6734802431610942
5 7.922922922922924 0.6737839545167404
5 7.941941941941942 0.6740862112427528
5 7.9609609609609615 0.6743870237646172
5 7.979979979979981 0.6746864024084296
5 7.998998998998999 0.6749843574020774
5 8.018018018018019 0.6752808988764045
5 8.037037037037038 0.6755760368663595
5 8.056056056056057 0.6758697813121273
5 8.075075075075077 0.6761621420602455
5 8.094094094094094 0.6764531288647044
5 8.113113113113114 0.6767427513880322
5 8.132132132132133 0.6770310192023634
5 8.15115115115115 0.677317941790495
5 8.17017017017017 0.6776035285469248
5 8.18918918918919 0.6778877887788779
5 8.208208208208209 0.6781707317073171
5 8.227227227227228 0.6784523664679402
5 8.246246246246248 0.6787327021121632
5 8.265265265265267 0.6790117476080901
5 8.284284284284285 0.6792895118414694
5 8.303303303303304 0.6795660036166365
5 8.322322322322323 0.6798412316574454
5 8.34134134134134 0.6801152046081844
5 8.36036036036036 0.6803879310344828
5 8.37937937937938 0.6806594194242026
5 8.398398398398399 0.6809296781883195
5 8.417417417417418 0.681198715661791
5 8.436436436436438 0.6814665401044139
5 8.455455455455457 0.6817331597016693
5 8.474474474474475 0.6819985825655563
5 8.493493493493494 0.6822628167354154
5 8.512512512512513 0.6825258701787394
5 8.531531531531531 0.6827877507919747
5 8.55055055055055 0.6830484664013112
5 8.56956956956957 0.6833080247634623
5 8.588588588588589 0.6835664335664337
5 8.607607607607608 0.6838237004302826
5 8.626626626626628 0.6840798329078673
5 8.645645645645647 0.6843348384855853
5 8.664664664664667 0.6845887245841036
5 8.683683683683684 0.6848414985590778
5 8.702702702702704 0.6850931677018635
5 8.721721721721721 0.6853437392402157
5 8.74074074074074 0.6855932203389831
5 8.75975975975976 0.6858416181007885
5 8.77877877877878 0.6860889395667047
5 8.797797797797799 0.6863351917169189
5 8.816816816816818 0.6865803814713897
5 8.835835835835837 0.6868245156904951
5 8.854854854854857 0.6870676011756727
5 8.873873873873874 0.6873096446700508
5 8.892892892892894 0.6875506528590726
5 8.911911911911913 0.6877906323711109
5 8.93093093093093 0.6880295897780767
5 8.94994994994995 0.6882675315960184
5 8.96896896896897 0.6885044642857143
5 8.987987987987989 0.6887403942532576
5 9.007007007007008 0.6889753278506335
5 9.026026026026027 0.6892092713762893
5 9.045045045045045 0.6894422310756972
5 9.064064064064064 0.6896742131419106
5 9.083083083083084 0.6899052237161121
5 9.102102102102103 0.6901352688881558
5 9.121121121121122 0.6903643546971028
5 9.14014014014014 0.690592487131749
5 9.15915915915916 0.6908196721311476
5 9.178178178178179 0.6910459155851238
5 9.197197197197198 0.6912712233347845
5 9.216216216216218 0.6914956011730206
5 9.235235235235235 0.6917190548450033
5 9.254254254254255 0.691941590048675
5 9.273273273273274 0.6921632124352333
5 9.292292292292293 0.692383927609609
5 9.311311311311313 0.6926037411309396
5 9.33033033033033 0.6928226585130352
5 9.34934934934935 0.6930406852248394
5 9.368368368368369 0.6932578266908859
5 9.387387387387388 0.6934740882917467
5 9.406406406406408 0.6936894753644781
5 9.425425425425425 0.6939039932030586
5 9.444444444444445 0.6941176470588236
5 9.463463463463464 0.6943304421408928
5 9.482482482482483 0.6945423836165946
5 9.501501501501503 0.6947534766118837
5 9.52052052052052 0.6949637262117548
5 9.53953953953954 0.6951731374606507
5 9.558558558558559 0.6953817153628653
5 9.577577577577578 0.6955894648829432
5 9.596596596596598 0.6957963909460728
5 9.615615615615617 0.6960024984384761
5 9.634634634634635 0.6962077922077923
5 9.653653653653654 0.6964122770634592
5 9.672672672672673 0.696615957777088
5 9.691691691691693 0.6968188390828342
5 9.710710710710712 0.6970209256777653
5 9.72972972972973 0.6972222222222223
5 9.74874874874875 0.6974227333401787
5 9.767767767767769 0.6976224636195942
5 9.786786786786788 0.6978214176127647
5 9.805805805805807 0.6980195998366681
5 9.824824824824825 0.6982170147733062
5 9.843843843843844 0.6984136668700428
5 9.862862862862864 0.6986095605399372
5 9.881881881881883 0.6988047001620746
5 9.900900900900902 0.6989990900818926
5 9.91991991991992 0.6991927346115036
5 9.93893893893894 0.6993856380300132
5 9.957957957957959 0.699577804583836
5 9.976976976976978 0.6997692384870071
5 9.995995995995997 0.6999599439214902
5 10.015015015015015 0.7001499250374813
5 10.034034034034034 0.7003391859537111
5 10.053053053053054 0.7005277307577418
5 10.072072072072073 0.7007155635062612
5 10.091091091091092 0.7009026882253745
5 10.11011011011011 0.7010891089108912
5 10.12912912912913 0.7012748295286095
5 10.148148148148149 0.7014598540145986
5 10.167167167167168 0.7016441862754751
5 10.186186186186188 0.7018278301886793
5 10.205205205205205 0.7020107896027465
5 10.224224224224224 0.7021930683375759
5 10.243243243243244 0.7023746701846967
5 10.262262262262263 0.7025555989075303
5 10.281281281281283 0.7027358582416513
5 10.3003003003003 0.7029154518950438
5 10.31931931931932 0.7030943835483559
5 10.338338338338339 0.7032726568551511
5 10.357357357357358 0.7034502754421572
5 10.376376376376378 0.703627242909512
5 10.395395395395397 0.7038035628310063
5 10.414414414414415 0.7039792387543253
5 10.433433433433434 0.7041542742012856
5 10.452452452452453 0.7043286726680713
5 10.471471471471473 0.704502437625466
5 10.490490490490492 0.7046755725190841
5 10.50950950950951 0.7048480807695972
5 10.528528528528529 0.7050199657729607
5 10.547547547547548 0.7051912309006358
5 10.566566566566568 0.7053618794998106
5 10.585585585585587 0.7055319148936171
5 10.604604604604605 0.705701340381348
5 10.623623623623624 0.7058701592386696
5 10.642642642642643 0.706038374717833
5 10.661661661661663 0.7062059900478829
5 10.680680680680682 0.7063730084348642
5 10.6996996996997 0.7065394330620265
5 10.71871871871872 0.7067052670900262
5 10.737737737737739 0.7068705136571269
5 10.756756756756758 0.707035175879397
5 10.775775775775777 0.7071992568509058
5 10.794794794794795 0.7073627596439169
5 10.813813813813814 0.7075256873090808
5 10.832832832832834 0.7076880428756238
5 10.851851851851853 0.7078498293515358
5 10.870870870870872 0.708011049723757
5 10.88988988988989 0.7081717069583602
5 10.90890890890891 0.7083318040007341
5 10.927927927927929 0.7084913437757626
5 10.946946946946948 0.708650329188003
5 10.965965965965967 0.7088087631218623
5 10.984984984984985 0.7089666484417715
5 11.004004004004004 0.7091239879923588
5 11.023023023023024 0.7092807845986198
5 11.042042042042043 0.7094370410660865
5 11.061061061061062 0.7095927601809955
5 11.08008008008008 0.7097479447104527
5 11.0990990990991 0.7099025974025974
5 11.118118118118119 0.7100567209867652
5 11.137137137137138 0.7102103181736473
5 11.156156156156158 0.7103633916554509
5 11.175175175175177 0.7105159441060552
5 11.194194194194194 0.7106679781811679
5 11.213213213213214 0.7108194965184789
5 11.232232232232233 0.7109705017378131
5 11.251251251251253 0.7111209964412812
5 11.270270270270272 0.7112709832134293
5 11.28928928928929 0.7114204646213869
5 11.308308308308309 0.7115694432150129
5 11.327327327327328 0.7117179215270414
5 11.346346346346348 0.7118659020732245
5 11.365365365365367 0.712013387352475
5 11.384384384384385 0.7121603798470061
5 11.403403403403404 0.7123068820224719
5 11.422422422422423 0.7124528963281045
5 11.441441441441443 0.7125984251968505
5 11.460460460460462 0.7127434710455062
5 11.47947947947948 0.7128880362748518
5 11.498498498498499 0.7130321232697833
5 11.517517517517518 0.7131757343994438
5 11.536536536536538 0.7133188720173537
5 11.555555555555557 0.7134615384615385
5 11.574574574574575 0.7136037360546571
5 11.593593593593594 0.7137454671041271
5 11.612612612612613 0.7138867339022499
5 11.631631631631633 0.714027538726334
5 11.650650650650652 0.7141678838388178
5 11.66966966966967 0.7143077714873907
5 11.68868868868869 0.7144472039051126
5 11.707707707707709 0.7145861833105336
5 11.726726726726728 0.7147247119078105
5 11.745745745745747 0.7148627918868247
5 11.764764764764765 0.7150004254232962
5 11.783783783783784 0.7151376146788991
5 11.802802802802804 0.7152743618013739
5 11.821821821821823 0.7154106689246402
5 11.840840840840842 0.715546538168907
5 11.85985985985986 0.7156819716407833
5 11.87887887887888 0.7158169714333867
5 11.897897897897899 0.7159515396264513
5 11.916916916916918 0.7160856782864343
5 11.935935935935937 0.716219389466622
5 11.954954954954957 0.7163526752072344
5 11.973973973973974 0.7164855375355292
5 11.992992992992994 0.7166179784659044
5 12.012012012012013 0.71675
5 12.031031031031032 0.7168816041267992
5 12.050050050050052 0.7170127928227281
5 12.06906906906907 0.7171435680517542
5 12.088088088088089 0.7172739317654853
5 12.107107107107108 0.7174038859032659
5 12.126126126126128 0.7175334323922735
5 12.145145145145147 0.7176625731476141
5 12.164164164164164 0.7177913100724161
5 12.183183183183184 0.7179196450579246
5 12.202202202202203 0.7180475799835931
5 12.221221221221223 0.7181751167171759
5 12.240240240240242 0.7183022571148185
5 12.25925925925926 0.7184290030211481
5 12.278278278278279 0.7185553562693625
5 12.297297297297298 0.7186813186813188
5 12.316316316316318 0.7188068920676204
5 12.335335335335337 0.7189320782277043
5 12.354354354354355 0.7190568789499271
5 12.373373373373374 0.7191812960116496
5 12.392392392392393 0.7193053311793215
5 12.411411411411413 0.7194289862085652
5 12.430430430430432 0.7195522628442583
5 12.44944944944945 0.7196751628206159
5 12.468468468468469 0.7197976878612717
5 12.487487487487488 0.7199198396793588
5 12.506506506506508 0.7200416199775893
5 12.525525525525527 0.7201630304483337
5 12.544544544544545 0.7202840727736994
5 12.563563563563564 0.7204047486256075
5 12.582582582582583 0.7205250596658712
5 12.601601601601603 0.7206450075462706
5 12.620620620620622 0.7207645939086295
5 12.63963963963964 0.7208838203848895
5 12.65865865865866 0.721002688597185
5 12.677677677677679 0.7211212001579156
5 12.696696696696698 0.7212393566698203
5 12.715715715715717 0.7213571597260491
5 12.734734734734735 0.7214746109102342
5 12.753753753753754 0.7215917117965623
5 12.772772772772774 0.7217084639498433
5 12.791791791791793 0.7218248689255811
5 12.810810810810812 0.7219409282700422
5 12.829829829829832 0.7220566435203246
5 12.84884884884885 0.7221720162044251
5 12.867867867867869 0.7222870478413069
5 12.886886886886888 0.7224017399409663
5 12.905905905905907 0.7225160940044986
5 12.924924924924927 0.7226301115241636
5 12.943943943943944 0.7227437939834507
5 12.962962962962964 0.7228571428571429
5 12.981981981981983 0.722970159611381
5 13.001001001001002 0.7230828457037266
5 13.020020020020022 0.7231952025832245
5 13.03903903903904 0.7233072316904653
5 13.058058058058059 0.7234189344576467
5 13.077077077077078 0.7235303123086345
5 13.096096096096097 0.7236413666590232
5 13.115115115115117 0.7237520989161961
5 13.134134134134134 0.7238625104793842
5 13.153153153153154 0.7239726027397261
5 13.172172172172173 0.7240823770803253
5 13.191191191191193 0.724191834876309
5 13.210210210210212 0.7243009774948852
5 13.22922922922923 0.7244098062953995
5 13.248248248248249 0.7245183226293919
5 13.267267267267268 0.724626527840652
5 13.286286286286288 0.7247344232652755
5 13.305305305305307 0.7248420102317183
5 13.324324324324325 0.724949290060852
5 13.343343343343344 0.7250562640660165
5 13.362362362362363 0.7251629335530752
5 13.381381381381383 0.7252692998204668
5 13.400400400400402 0.7253753641592591
5 13.41941941941942 0.7254811278532001
5 13.438438438438439 0.725586592178771
5 13.457457457457458 0.7256917584052366
5 13.476476476476478 0.7257966277946967
5 13.495495495495497 0.7259012016021362
5 13.514514514514515 0.7260054810754759
5 13.533533533533534 0.7261094674556213
5 13.552552552552553 0.7262131619765123
5 13.571571571571573 0.7263165658651719
5 13.590590590590592 0.7264196803417545
5 13.609609609609612 0.726522506619594
5 13.62862862862863 0.7266250459052516
5 13.647647647647648 0.7267272993985625
5 13.666666666666668 0.726829268292683
5 13.685685685685687 0.726930953774137
5 13.704704704704707 0.7270323570228618
5 13.723723723723724 0.7271334792122539
5 13.742742742742744 0.7272343215092141
5 13.761761761761763 0.7273348850741926
5 13.780780780780782 0.7274351710612335
5 13.799799799799802 0.7275351806180184
5 13.81881881881882 0.7276349148859109
5 13.837837837837839 0.727734375
5 13.856856856856858 0.7278335620891425
5 13.875875875875877 0.7279324772760064
5 13.894894894894897 0.7280311216771127
5 13.913913913913914 0.7281294964028777
5 13.932932932932934 0.7282276025576551
5 13.951951951951953 0.7283254412397762
5 13.970970970970972 0.7284230135415921
5 13.989989989989992 0.7285203205495135
5 14.00900900900901 0.7286173633440515
5 14.028028028028029 0.7287141429998574
5 14.047047047047048 0.7288106605857622
5 14.066066066066067 0.7289069171648165
5 14.085085085085087 0.7290029137943288
5 14.104104104104104 0.7290986515259049
5 14.123123123123124 0.729194131405486
5 14.142142142142143 0.7292893544733863
5 14.161161161161163 0.7293843217643317
5 14.180180180180182 0.7294790343074968
5 14.1991991991992 0.7295734931265422
5 14.218218218218219 0.7296676992396508
5 14.237237237237238 0.7297616536595656
5 14.256256256256258 0.7298553573936245
5 14.275275275275277 0.7299488114437979
5 14.294294294294295 0.7300420168067228
5 14.313313313313314 0.7301349744737394
5 14.332332332332333 0.7302276854309262
5 14.351351351351353 0.7303201506591338
5 14.370370370370372 0.7304123711340207
5 14.38938938938939 0.730504347826087
5 14.408408408408409 0.7305960817007087
5 14.427427427427428 0.7306875737181712
5 14.446446446446448 0.7307788248337029
5 14.465465465465467 0.7308698359975089
5 14.484484484484486 0.7309606081548031
5 14.503503503503504 0.7310511422458417
5 14.522522522522523 0.7311414392059554
5 14.541541541541543 0.7312314999655813
5 14.560560560560562 0.7313213254502957
5 14.579579579579582 0.7314109165808446
5 14.598598598598599 0.7315002742731761
5 14.617617617617618 0.7315893994384716
5 14.636636636636638 0.7316782929831761
5 14.655655655655657 0.7317669558090295
5 14.674674674674677 0.731855388813097
5 14.693693693693694 0.731943592887799
5 14.712712712712714 0.7320315689209417
5 14.731731731731733 0.7321193177957465
5 14.750750750750752 0.7322068403908796
5 14.769769769769772 0.7322941375804812
5 14.78878878878879 0.7323812102341952
5 14.807807807807809 0.7324680592171974
5 14.826826826826828 0.7325546853902242
5 14.845845845845847 0.7326410896096016
5 14.864864864864867 0.7327272727272728
5 14.883883883883884 0.7328132355908266
5 14.902902902902904 0.7328989790435251
5 14.921921921921923 0.7329845039243309
5 14.940940940940942 0.7330698110679352
5 14.959959959959962 0.7331549013047842
5 14.97897897897898 0.7332397754611067
5 14.997997997997999 0.7333244343589402
5 15.017017017017018 0.7334088788161579
5 15.036036036036037 0.733493109646495
5 15.055055055055057 0.7335771276595745
5 15.074074074074074 0.7336609336609337
5 15.093093093093094 0.7337445284520494
5 15.112112112112113 0.7338279128303637
5 15.131131131131133 0.7339110875893093
5 15.150150150150152 0.733994053518335
5 15.16916916916917 0.7340768114029299
5 15.188188188188189 0.7341593620246492
5 15.207207207207208 0.7342417061611375
5 15.226226226226228 0.7343238445861549
5 15.245245245245247 0.7344057780695995
5 15.264264264264266 0.734487507377533
5 15.283283283283284 0.7345690332722034
5 15.302302302302303 0.7346503565120691
5 15.321321321321323 0.7347314778518229
5 15.340340340340342 0.7348123980424144
5 15.359359359359361 0.734893117831074
5 15.378378378378379 0.7349736379613357
5 15.397397397397398 0.7350539591730595
5 15.416416416416418 0.7351340822024545
5 15.435435435435437 0.7352140077821012
5 15.454454454454456 0.7352937366409742
5 15.473473473473474 0.7353732695044638
5 15.492492492492493 0.7354526070943982
5 15.511511511511513 0.7355317501290656
5 15.530530530530532 0.7356106993232356
5 15.549549549549551 0.7356894553881808
5 15.568568568568569 0.7357680190316981
5 15.587587587587588 0.73584639095813
5 15.606606606606608 0.7359245718683857
5 15.625625625625627 0.7360025624599617
5 15.644644644644647 0.7360803634269627
5 15.663663663663664 0.7361579754601227
5 15.682682682682684 0.7362353992468246
5 15.701701701701703 0.7363126354711208
5 15.720720720720722 0.7363896848137537
5 15.739739739739742 0.736466547952175
5 15.75875875875876 0.7365432255605666
5 15.777777777777779 0.7366197183098592
5 15.796796796796798 0.7366960268677524
5 15.815815815815817 0.7367721518987342
5 15.834834834834837 0.7368480940641002
5 15.853853853853854 0.7369238540219725
5 15.872872872872874 0.7369994324273192
5 15.891891891891893 0.7370748299319728
5 15.910910910910912 0.7371500471846493
5 15.929929929929932 0.7372250848309665
5 15.94894894894895 0.7372999435134626
5 15.967967967967969 0.7373746238716149
5 15.986986986986988 0.7374491265418571
5 16.006006006006007 0.7375234521575985
5 16.025025025025027 0.7375976013492411
5 16.044044044044046 0.7376715747441978
5 16.063063063063062 0.7377453729669098
5 16.08208208208208 0.7378189966388647
5 16.1011011011011 0.7378924463786136
5 16.12012012012012 0.7379657228017884
5 16.13913913913914 0.738038826521119
5 16.15815815815816 0.7381117581464502
5 16.177177177177178 0.7381845182847596
5 16.196196196196198 0.7382571075401732
5 16.215215215215217 0.7383295265139824
5 16.234234234234236 0.7384017758046615
5 16.253253253253256 0.7384738560078833
5 16.272272272272275 0.7385457677165355
5 16.291291291291294 0.7386175115207374
5 16.310310310310314 0.7386890880078557
5 16.329329329329333 0.7387604977625207
5 16.34834834834835 0.7388317413666422
5 16.36736736736737 0.7389028193994251
5 16.386386386386388 0.7389737324373855
5 16.405405405405407 0.7390444810543658
5 16.424424424424426 0.7391150658215505
5 16.443443443443442 0.7391854873074817
5 16.46246246246246 0.7392557460780738
5 16.48148148148148 0.7393258426966293
5 16.5005005005005 0.7393957777238535
5 16.51951951951952 0.7394655517178695
5 16.53853853853854 0.7395351652342332
5 16.55755755755756 0.7396046188259477
5 16.576576576576578 0.7396739130434783
5 16.595595595595597 0.7397430484347669
5 16.614614614614617 0.7398120255452465
5 16.633633633633636 0.7398808449178552
5 16.652652652652655 0.7399495070930513
5 16.671671671671675 0.7400180126088263
5 16.690690690690694 0.7400863620007198
5 16.709709709709713 0.7401545558018332
5 16.72872872872873 0.7402225945428436
5 16.74774774774775 0.7402904787520173
5 16.766766766766768 0.740358208955224
5 16.785785785785787 0.7404257856759497
5 16.804804804804807 0.7404932094353109
5 16.823823823823826 0.7405604807520676
5 16.842842842842842 0.7406276001426364
5 16.86186186186186 0.7406945681211042
5 16.88088088088088 0.7407613851992411
5 16.8998998998999 0.7408280518865131
5 16.91891891891892 0.7408945686900958
5 16.93793793793794 0.7409609361148869
5 16.956956956956958 0.7410271546635183
5 16.975975975975977 0.7410932248363701
5 16.994994994994997 0.7411591471315822
5 17.014014014014016 0.7412249220450668
5 17.033033033033036 0.7412905500705219
5 17.052052052052055 0.7413560316994424
5 17.07107107107107 0.741421367421133
5 17.09009009009009 0.7414865577227201
5 17.10910910910911 0.7415516030891646
5 17.12812812812813 0.7416165040032728
5 17.147147147147148 0.7416812609457093
5 17.166166166166168 0.7417458743950085
5 17.185185185185187 0.7418103448275862
5 17.204204204204206 0.7418746727177519
5 17.223223223223226 0.7419388585377195
5 17.242242242242245 0.7420029027576198
5 17.261261261261264 0.7420668058455115
5 17.28028028028028 0.7421305682673928
5 17.2992992992993 0.7421941904872121
5 17.31831831831832 0.7422576729668806
5 17.33733733733734 0.7423210161662818
5 17.356356356356358 0.742384220543284
5 17.375375375375377 0.7424472865537505
5 17.394394394394396 0.742510214651551
5 17.413413413413416 0.7425730052885722
5 17.432432432432435 0.7426356589147287
5 17.451451451451454 0.7426981759779742
5 17.47047047047047 0.7427605569243111
5 17.48948948948949 0.7428228021978023
5 17.50850850850851 0.742884912240581
5 17.52752752752753 0.7429468874928613
5 17.546546546546548 0.7430087283929488
5 17.565565565565567 0.743070435377251
5 17.584584584584587 0.743132008880287
5 17.603603603603606 0.7431934493346981
5 17.622622622622625 0.7432547571712582
5 17.641641641641645 0.7433159328188834
5 17.66066066066066 0.7433769767046421
5 17.67967967967968 0.7434378892537652
5 17.6986986986987 0.7434986708896556
5 17.71771771771772 0.7435593220338983
5 17.736736736736738 0.7436198431062702
5 17.755755755755757 0.7436802345247492
5 17.774774774774777 0.7437404967055247
5 17.793793793793796 0.7438006300630063
5 17.812812812812815 0.7438606350098342
5 17.831831831831835 0.7439205119568879
5 17.85085085085085 0.7439802613132956
5 17.86986986986987 0.7440398834864441
5 17.88888888888889 0.7440993788819876
5 17.90790790790791 0.7441587479038569
5 17.926926926926928 0.7442179909542689
5 17.945945945945947 0.744277108433735
5 17.964964964964967 0.7443361007410709
5 17.983983983983986 0.7443949682734053
5 18.003003003003005 0.7444537114261885
5 18.022022022022025 0.7445123305932015
5 18.04104104104104 0.744570826166565
5 18.06006006006006 0.7446291985367476
5 18.07907907907908 0.7446874480925753
5 18.0980980980981 0.744745575221239
5 18.117117117117118 0.7448035803083044
5 18.136136136136138 0.7448614637377194
5 18.155155155155157 0.7449192258918234
5 18.174174174174176 0.744976867151355
5 18.193193193193196 0.7450343878954608
5 18.212212212212215 0.7450917885017039
5 18.231231231231234 0.7451490693460715
5 18.25025025025025 0.7452062308029838
5 18.26926926926927 0.7452632732453017
5 18.28828828828829 0.745320197044335
5 18.30730730730731 0.7453770025698507
5 18.326326326326328 0.7454336901900809
5 18.345345345345347 0.7454902602717303
5 18.364364364364366 0.7455467131799848
5 18.383383383383386 0.745603049278519
5 18.402402402402405 0.745659268929504
5 18.421421421421424 0.7457153724936152
5 18.44044044044044 0.7457713603300402
5 18.45945945945946 0.7458272327964861
5 18.47847847847848 0.7458829902491875
5 18.4974974974975 0.7459386330429136
5 18.516516516516518 0.7459941615309764
5 18.535535535535537 0.7460495760652374
5 18.554554554554556 0.7461048769961157
5 18.573573573573576 0.746160064672595
5 18.592592592592595 0.7462151394422312
5 18.611611611611615 0.746270101651159
5 18.63063063063063 0.7463249516441006
5 18.64964964964965 0.7463796897643713
5 18.66866866866867 0.7464343163538875
5 18.68768768768769 0.7464888317531737
5 18.706706706706708 0.7465432363013699
5 18.725725725725727 0.7465975303362378
5 18.744744744744747 0.7466517141941685
5 18.763763763763766 0.7467057882101894
5 18.782782782782785 0.7467597527179707
5 18.801801801801805 0.7468136080498323
5 18.82082082082082 0.7468673545367515
5 18.83983983983984 0.7469209925083684
5 18.85885885885886 0.7469745222929937
5 18.87787787787788 0.747027944217615
5 18.896896896896898 0.7470812586079034
5 18.915915915915917 0.7471344657882204
5 18.934934934934937 0.7471875660816241
5 18.953953953953956 0.7472405598098759
5 18.972972972972975 0.7472934472934474
5 18.991991991991995 0.7473462288515259
5 19.011011011011014 0.747398904802022
5 19.03003003003003 0.7474514754615749
5 19.04904904904905 0.7475039411455597
5 19.06806806806807 0.7475563021680929
5 19.087087087087088 0.747608558842039
5 19.106106106106107 0.7476607114790171
5 19.125125125125127 0.7477127603894065
5 19.144144144144146 0.747764705882353
5 19.163163163163166 0.7478165482657753
5 19.182182182182185 0.7478682878463707
5 19.201201201201204 0.7479199249296216
5 19.22022022022022 0.7479714598198011
5 19.23923923923924 0.7480228928199792
5 19.25825825825826 0.7480742242320287
5 19.27727727727728 0.748125454356631
5 19.296296296296298 0.7481765834932822
5 19.315315315315317 0.7482276119402985
5 19.334334334334336 0.7482785399948227
5 19.353353353353356 0.7483293679528292
5 19.372372372372375 0.7483800961091305
5 19.391391391391394 0.7484307247573818
5 19.41041041041041 0.7484812541900883
5 19.42942942942943 0.748531684698609
5 19.44844844844845 0.7485820165731639
5 19.46746746746747 0.7486322501028384
5 19.486486486486488 0.7486823855755895
5 19.505505505505507 0.7487324232782511
5 19.524524524524526 0.7487823634965394
5 19.543543543543546 0.7488322065150584
5 19.562562562562565 0.7488819526173055
5 19.581581581581585 0.7489316020856763
5 19.6006006006006 0.7489811552014709
5 19.61961961961962 0.749030612244898
5 19.63863863863864 0.7490799734950814
5 19.65765765765766 0.7491292392300642
5 19.676676676676678 0.7491784097268149
5 19.695695695695697 0.749227485261232
5 19.714714714714717 0.7492764661081494
5 19.733733733733736 0.7493253525413412
5 19.752752752752755 0.7493741448335276
5 19.771771771771775 0.7494228432563792
5 19.790790790790794 0.749471448080522
5 19.80980980980981 0.7495199595755433
5 19.82882882882883 0.7495683780099955
5 19.84784784784785 0.7496167036514021
5 19.866866866866868 0.749664936766262
5 19.885885885885887 0.7497130776200545
5 19.904904904904907 0.7497611264772442
5 19.923923923923926 0.7498090836012862
5 19.942942942942945 0.7498569492546304
5 19.961961961961965 0.7499047236987264
5 19.980980980980984 0.7499524071940284
5 20.0 0.75
