1.1 0.07163942713531568
1.1020202020202021 0.07295501179721853
1.1040404040404042 0.07426617435463417
1.1060606060606062 0.0755734139481165
1.1080808080808082 0.07687596533696082
1.1101010101010103 0.07817385123938718
1.1121212121212123 0.07946709421567337
1.1141414141414143 0.08075571666960282
1.1161616161616164 0.08203974084989571
1.1181818181818182 0.08331918885162372
1.1202020202020202 0.08459408261761259
1.1222222222222222 0.08586444393982444
1.1242424242424243 0.08713029446072905
1.1262626262626263 0.08839165567465773
1.1282828282828283 0.08964854892914449
1.1303030303030304 0.09090099542625028
1.1323232323232324 0.092149016223875
1.1343434343434344 0.09339263223705371
1.1363636363636365 0.09463186423923999
1.1383838383838385 0.0958667328635749
1.1404040404040405 0.09709725860414177
1.1424242424242426 0.09832346181720873
1.1444444444444446 0.09954536272245672
1.1464646464646466 0.10076298140419508
1.1484848484848487 0.10197633781256334
1.1505050505050507 0.1031854517647213
1.1525252525252525 0.10439034294602538
1.1545454545454545 0.10559103091119292
1.1565656565656566 0.10678753508545374
1.1585858585858586 0.10797987476569014
1.1606060606060606 0.10916806912156402
1.1626262626262627 0.1103521371966326
1.1646464646464647 0.11153209790945223
1.1666666666666667 0.11270797005467048
1.1686868686868688 0.11388132476815102
1.1707070707070708 0.1150508742730627
1.1727272727272728 0.11621642836227539
1.1747474747474749 0.11737800519198442
1.176767676767677 0.11853562280013795
1.178787878787879 0.11968929910746057
1.180808080808081 0.12083905191846514
1.1828282828282828 0.12198489892245575
1.1848484848484848 0.12312685769451928
1.1868686868686869 0.1242649456965061
1.1888888888888889 0.12539918027800223
1.190909090909091 0.12652957867728987
1.192929292929293 0.12765615802229888
1.194949494949495 0.1287789353315488
1.196969696969697 0.12989792751507967
1.198989898989899 0.1310131513753751
1.201010101010101 0.13212462360827434
1.2030303030303031 0.13323236080387635
1.2050505050505051 0.13433637944743365
1.2070707070707072 0.1354366959202369
1.2090909090909092 0.13653332650049227
1.2111111111111112 0.137626287364187
1.2131313131313133 0.13871559458594845
1.2151515151515153 0.13980126413989397
1.2171717171717171 0.14088331190047101
1.2191919191919192 0.14196175364329092
1.2212121212121212 0.14303660504595156
1.2232323232323232 0.1441078816888538
1.2252525252525253 0.14517559905600938
1.2272727272727273 0.1462397725358394
1.2292929292929293 0.14730041742196687
1.2313131313131314 0.14835754891399916
1.2333333333333334 0.1494111821183044
1.2353535353535354 0.1504634247364211
1.2373737373737375 0.1515124498932391
1.2393939393939395 0.15255805520192764
1.2414141414141415 0.15360025526456936
1.2434343434343436 0.1546390645940882
1.2454545454545456 0.15567449761497892
1.2474747474747476 0.15670656866402868
1.2494949494949497 0.15773529199103273
1.2515151515151515 0.1587606817595012
1.2535353535353535 0.1597827520473613
1.2555555555555555 0.16080151684765015
1.2575757575757576 0.16181699006920272
1.2595959595959596 0.16282918553733186
1.2616161616161616 0.16383811699450265
1.2636363636363637 0.1648437981009987
1.2656565656565657 0.1658462424355842
1.2676767676767677 0.16684546349615706
1.2696969696969698 0.16784147470039731
1.2717171717171718 0.1688342893864087
1.2737373737373738 0.16982392081335407
1.2757575757575759 0.17081038216208455
1.277777777777778 0.171793686535763
1.27979797979798 0.17277384696048048
1.2818181818181817 0.17375087638586825
1.283838383838384 0.17472478768570324
1.2858585858585858 0.17569559365850596
1.2878787878787878 0.1766633070281363
1.2898989898989899 0.17762794044438032
1.291919191919192 0.17858950648353297
1.293939393939394 0.1795480176489751
1.295959595959596 0.1805034863717447
1.297979797979798 0.18145592501110255
1.3 0.1824053458550935
