1.1 0.06294607511099796
1.1020202020202021 0.06410520587841366
1.1040404040404042 0.06526026922017882
1.1060606060606062 0.06641128561732675
1.1080808080808082 0.06755827540399861
1.1101010101010103 0.06870125876879274
1.1121212121212123 0.06984025575609948
1.1141414141414143 0.07097528626742168
1.1161616161616164 0.0721063700626805
1.1181818181818182 0.07323352676150634
1.1202020202020202 0.07435677584451734
1.1222222222222222 0.07547613665458232
1.1242424242424243 0.07659162839807072
1.1262626262626263 0.0777032701460898
1.1282828282828283 0.07881108083570681
1.1303030303030304 0.07991507927115872
1.1323232323232324 0.08101528412505017
1.1343434343434344 0.08211171393953658
1.1363636363636365 0.08320438712749528
1.1383838383838385 0.0842933219736847
1.1404040404040405 0.08537853663589069
1.1424242424242426 0.08646004914606005
1.1444444444444446 0.08753787741142309
1.1464646464646466 0.08861203921560352
1.1484848484848487 0.08968255221971648
1.1505050505050507 0.09074943396345563
1.1525252525252525 0.09181270186616756
1.1545454545454545 0.0928723732279162
1.1565656565656566 0.09392846523053502
1.1585858585858586 0.09498099493866878
1.1606060606060606 0.09602997930080326
1.1626262626262627 0.09707543515028588
1.1646464646464647 0.09811737920633389
1.1666666666666667 0.09915633136279668
1.1686868686868688 0.10019241677311301
1.1707070707070708 0.10122506423685933
1.1727272727272728 0.10225428995217223
1.1747474747474749 0.10328011000809374
1.176767676767677 0.1043025403855175
1.178787878787879 0.10532159695812458
1.180808080808081 0.1063372954933105
1.1828282828282828 0.10734965165310294
1.1848484848484848 0.10835868099506929
1.1868686868686869 0.10936439897321404
1.1888888888888889 0.1103668209388695
1.190909090909091 0.11136596214157488
1.192929292929293 0.11236183772994777
1.194949494949495 0.113354462752546
1.196969696969697 0.11434385215872139
1.198989898989899 0.11533002079946447
1.201010101010101 0.11631298342823973
1.2030303030303031 0.1172927547018145
1.2050505050505051 0.11826934918107743
1.2070707070707072 0.11924278133184925
1.2090909090909092 0.12021306552568597
1.2111111111111112 0.1211802160406735
1.2131313131313133 0.12214424706221408
1.2151515151515153 0.12310517268380534
1.2171717171717171 0.12406300690781037
1.2191919191919192 0.12501776364622227
1.2212121212121212 0.1259694567214185
1.2232323232323232 0.1269180998669097
1.2252525252525253 0.1278637067280796
1.2272727272727273 0.1288062908629187
1.2292929292929293 0.12974586574275018
1.2313131313131314 0.13068244475294802
1.2333333333333334 0.1316160411936489
1.2353535353535354 0.1325466682804571
1.2373737373737375 0.1334743391451415
1.2393939393939395 0.13439906683632616
1.2414141414141415 0.13532086432017507
1.2434343434343436 0.13623974448106838
1.2454545454545456 0.13715572012227287
1.2474747474747476 0.13806905802364627
1.2494949494949497 0.13898080739876306
1.2515151515151515 0.13988971217584767
1.2535353535353535 0.1407957847727526
1.2555555555555555 0.14169903752958643
1.2575757575757576 0.14259948270934525
1.2595959595959596 0.14349713249853824
1.2616161616161616 0.14439199900780672
1.2636363636363637 0.14528409427253666
1.2656565656565657 0.1461734302534672
1.2676767676767677 0.14706001883729083
1.2696969696969698 0.14794387183725036
1.2717171717171718 0.14882500099372697
1.2737373737373738 0.14970341797482647
1.2757575757575759 0.15057913437695622
1.277777777777778 0.1514521617253995
1.27979797979798 0.1523225114748823
1.2818181818181817 0.1531901950101357
1.283838383838384 0.15405522364645352
1.2858585858585858 0.15491760863024204
1.2878787878787878 0.1557773611395682
1.2898989898989899 0.15663449228469964
1.291919191919192 0.15748901310864113
1.293939393939394 0.15834093458766518
1.295959595959596 0.15919026763183808
1.297979797979798 0.16003702308554094
1.3 0.1608812117279858
