3 1.0 5.100644914675587e-16
3 1.019019019019019 0.010868798308144342
3 1.038038038038038 0.021355967333145202
3 1.057057057057057 0.031481900211357786
3 1.0760760760760761 0.04126648331048154
3 1.095095095095095 0.050726364217732786
3 1.1141141141141142 0.05987769216306817
3 1.1331331331331331 0.06873553153799221
3 1.1521521521521523 0.07731395169699268
3 1.1711711711711712 0.08562610800507074
3 1.1901901901901901 0.09368487755132736
3 1.2092092092092093 0.10150542459119519
3 1.2282282282282282 0.1090951925318328
3 1.2472472472472473 0.11646433654332009
3 1.2662662662662663 0.12362240220570012
3 1.2852852852852852 0.13057837079994364
3 1.3043043043043043 0.1373407006326935
3 1.3233233233233235 0.14391736479371156
3 1.3423423423423424 0.1503214923226866
3 1.3613613613613613 0.15655689438918596
3 1.3803803803803805 0.16262869530610424
3 1.3993993993993994 0.1685432346431202
3 1.4184184184184185 0.17430651318916365
3 1.4374374374374375 0.17992421549494542
3 1.4564564564564564 0.18540173064611215
3 1.4754754754754755 0.19074488172525766
3 1.4944944944944947 0.1959669859556617
3 1.5135135135135136 0.2010641445957296
3 1.5325325325325325 0.20604073268080034
3 1.5515515515515514 0.2109009121870701
3 1.5705705705705706 0.21564864502435713
3 1.5895895895895897 0.2202877050935836
3 1.6086086086086087 0.22482168948636058
3 1.6276276276276276 0.22925402889683708
3 1.6466466466466467 0.23359953016797622
3 1.6656656656656659 0.23785091153809848
3 1.6846846846846848 0.24201062196987064
3 1.7037037037037037 0.24608150790540148
3 1.7227227227227226 0.2500662916736379
3 1.7417417417417418 0.25396757832677397
3 1.760760760760761 0.2577878620316183
3 1.7797797797797799 0.26152953204921575
3 1.7987987987987988 0.265199403422163
3 1.817817817817818 0.2688049213823343
3 1.8368368368368369 0.27233894560404787
3 1.855855855855856 0.2758034897909121
3 1.874874874874875 0.2792004874461854
3 1.8938938938938938 0.2825317959402843
3 1.912912912912913 0.2857992003341477
3 1.9319319319319321 0.2890044169752857
3 1.950950950950951 0.292149096882036
3 1.96996996996997 0.2952362160175634
3 1.9889889889889891 0.29828052561290586
3 2.008008008008008 0.30126935751451317
3 2.027027027027027 0.30420412363771554
3 2.046046046046046 0.3070861847815923
3 2.065065065065065 0.30991685300878447
3 2.0840840840840844 0.31269739389389617
3 2.103103103103103 0.3154290286488147
3 2.1221221221221223 0.31811293613267905
3 2.141141141141141 0.3207502547536764
3 2.16016016016016 0.323344538442471
3 2.1791791791791795 0.32590957730463316
3 2.1981981981981984 0.32843162486086286
3 2.2172172172172173 0.33091166757628154
3 2.2362362362362362 0.3333506595785877
3 2.255255255255255 0.3357495240371617
3 2.2742742742742745 0.33810915447218615
3 2.2932932932932935 0.34043041599785306
3 2.3123123123123124 0.3427141465034618
3 2.3313313313313317 0.34496115777596276
3 2.3503503503503502 0.3471722365672734
3 2.3693693693693696 0.3493550158220377
3 2.3883883883883885 0.351515626407569
3 2.4074074074074074 0.35364287494235835
3 2.426426426426427 0.35573745116245786
3 2.4454454454454453 0.3578000243941498
3 2.4644644644644647 0.3598312443500551
3 2.4834834834834836 0.36183174188811523
3 2.5025025025025025 0.3638021297354348
3 2.521521521521522 0.3657430031788434
3 2.5405405405405403 0.3676549407239307
3 2.5595595595595597 0.36953850472420213
3 2.5785785785785786 0.3713942419819047
3 2.5975975975975976 0.37323514333541474
3 2.616616616616617 0.37505722861972024
3 2.635635635635636 0.37685333714398067
3 2.6546546546546548 0.37862395312295055
3 2.6736736736736737 0.38036954786726973
3 2.6926926926926926 0.3820905802432911
3 2.711711711711712 0.38378749711319293
3 2.730730730730731 0.3854607337563429
3 2.74974974974975 0.3871107142728271
3 2.768768768768769 0.38873785197000943
3 2.7877877877877877 0.39034254973293286
3 2.806806806806807 0.3919252003793414
3 2.825825825825826 0.39348618700004845
3 2.844844844844845 0.3950415837639278
3 2.8638638638638643 0.3965818180425106
3 2.8828828828828827 0.3981017313477046
3 2.901901901901902 0.39960166579180284
3 2.920920920920921 0.40108195528816326
3 2.93993993993994 0.40254292581786527
3 2.9589589589589593 0.40398489568584367
3 2.9779779779779783 0.4054081757669759
3 2.996996996996997 0.4068130697425723
3 3.016016016016016 0.4081998743276964
3 3.035035035035035 0.40956887948972537
3 3.0540540540540544 0.410920368658532
3 3.0730730730730733 0.41225461892866
3 3.0920920920920922 0.41357190125383814
3 3.111111111111111 0.4148842559697047
3 3.13013013013013 0.4161906371804068
3 3.1491491491491495 0.41748103451223245
3 3.1681681681681684 0.41875569159851467
3 3.1871871871871873 0.42001484682490775
3 3.206206206206206 0.4212587334850463
3 3.2252252252252256 0.4224875799305455
3 3.2442442442442445 0.4237016097155771
3 3.2632632632632634 0.42490104173624565
3 3.2822822822822824 0.4260860903649787
3 3.3013013013013013 0.427256965580135
3 3.3203203203203207 0.42841387309102674
3 3.3393393393393396 0.42955701445853894
3 3.3583583583583585 0.43068658721152625
3 3.3773773773773774 0.43180278495915536
3 3.396396396396397 0.4329057974993537
3 3.4154154154154157 0.4340132132375729
3 3.4344344344344346 0.43511334847737887
3 3.4534534534534536 0.4362010115568668
3 3.4724724724724725 0.4372763741091958
3 3.491491491491492 0.438339604469993
3 3.5105105105105108 0.4393908677659283
3 3.5295295295295297 0.4404303260003339
3 3.5485485485485486 0.44145813813597895
3 3.567567567567568 0.44247446017511166
3 3.586586586586587 0.44347944523686783
3 3.605605605605606 0.44447324363214846
3 3.6246246246246248 0.4454560029360597
3 3.6436436436436437 0.44642786805800666
3 3.662662662662663 0.4473889813095278
3 3.681681681681682 0.44833948246995453
3 3.700700700700701 0.4492795088499754
3 3.71971971971972 0.45020919535318116
3 3.738738738738739 0.4511319515066571
3 3.757757757757758 0.45206467882993245
3 3.776776776776777 0.4529875890450074
3 3.795795795795796 0.45390080464662996
3 3.814814814814815 0.4548044460258199
3 3.8338338338338342 0.4556986315210573
3 3.852852852852853 0.45658347746790173
3 3.871871871871872 0.45745909824709385
3 3.890890890890891 0.45832560633119596
3 3.90990990990991 0.459183112329819
3 3.9289289289289293 0.46003172503349016
3 3.9479479479479482 0.4608715514562011
3 3.966966966966967 0.46170269687669085
3 3.985985985985986 0.4625252648784983
3 4.005005005005005 0.46333935738883447
3 4.024024024024024 0.4641450747163077
3 4.043043043043044 0.46494251558754557
3 4.062062062062062 0.4657317771827489
3 4.081081081081081 0.46651295517021396
3 4.1001001001001 0.46728614373985866
3 4.119119119119119 0.4680586593280197
3 4.138138138138139 0.46883980374094064
3 4.157157157157157 0.46961333216379675
3 4.176176176176177 0.4703793303824676
3 4.195195195195195 0.471137882879882
3 4.2142142142142145 0.4718890728644015
3 4.233233233233234 0.4726329822974047
3 4.252252252252252 0.4733696919201054
3 4.271271271271272 0.4740992812796228
3 4.29029029029029 0.47482182875433193
3 4.3093093093093096 0.4755374115785157
3 4.328328328328329 0.47624610586634125
3 4.347347347347347 0.47694798663518173
3 4.366366366366367 0.4776431278283037
3 4.385385385385385 0.47833160233694266
3 4.404404404404405 0.47901348202178184
3 4.423423423423424 0.47968883773385707
3 4.442442442442443 0.4803577393349027
3 4.461461461461462 0.48102025571715745
3 4.48048048048048 0.4816764548226459
3 4.4994994994995 0.4823264036619535
3 4.518518518518519 0.4829701683325079
3 4.537537537537538 0.48360781403638553
3 4.556556556556557 0.4842586108803136
3 4.575575575575575 0.48490804205795085
3 4.594594594594595 0.4855516149086522
3 4.613613613613614 0.48618938892504293
3 4.6326326326326335 0.48682142280598545
3 4.651651651651652 0.48744777447190124
3 4.67067067067067 0.4880685010797012
3 4.68968968968969 0.4886836590373393
3 4.708708708708709 0.48929330401799775
3 4.7277277277277285 0.48989749097391616
3 4.746746746746747 0.4904962741498746
3 4.7657657657657655 0.4910897070963404
3 4.784784784784785 0.49167784268228987
3 4.803803803803804 0.4922607331077115
3 4.822822822822824 0.4928384299158036
3 4.841841841841842 0.4934109840048721
3 4.8608608608608606 0.4939784456399389
3 4.87987987987988 0.49454086446406764
3 4.898898898898899 0.49509828950941703
3 4.917917917917919 0.4956507692080275
3 4.936936936936937 0.49619835140234936
3 4.9559559559559565 0.4967410833555211
3 4.974974974974975 0.497279011761402
3 4.993993993993994 0.4978121827543695
3 5.013013013013014 0.4983406419188848
3 5.032032032032032 0.4988661311970168
3 5.051051051051052 0.49940905040237155
3 5.07007007007007 0.49994743899934085
3 5.089089089089089 0.5004813386029799
3 5.108108108108109 0.5010107903394129
3 5.127127127127127 0.5015358348541772
3 5.146146146146147 0.5020565123203772
3 5.165165165165165 0.502572862446649
3 5.1841841841841845 0.5030849244849431
3 5.203203203203204 0.5035927372381297
3 5.222222222222222 0.5040963390674313
3 5.241241241241242 0.5045957678996866
3 5.26026026026026 0.5050910612344521
3 5.2792792792792795 0.5055822561509423
3 5.298298298298299 0.506069389314817
3 5.317317317317317 0.506552496984817
3 5.336336336336337 0.5070316150192514
3 5.355355355355356 0.5075067788823456
3 5.374374374374375 0.5079780236504452
3 5.393393393393394 0.5084453840180883
3 5.412412412412412 0.5089088943039434
3 5.431431431431432 0.5093685884566196
3 5.450450450450451 0.5098245000603522
3 5.46946946946947 0.510276662340564
3 5.488488488488489 0.5107251081693108
3 5.5075075075075075 0.5111698700706083
3 5.526526526526527 0.5116109802256483
3 5.545545545545546 0.5120484704779034
3 5.564564564564565 0.5124823723381257
3 5.583583583583584 0.5129127169892408
3 5.602602602602603 0.51334781373725
3 5.621621621621622 0.5137946919247653
3 5.640640640640641 0.5142381312843066
3 5.65965965965966 0.5146781602742847
3 5.678678678678679 0.5151148070618116
3 5.6976976976976985 0.51554809952702
3 5.716716716716717 0.5159780652672922
3 5.735735735735736 0.5164047316014013
3 5.754754754754755 0.5168281255735696
3 5.773773773773774 0.5172482739574408
3 5.792792792792794 0.5176652032599746
3 5.811811811811812 0.5180789397252595
3 5.830830830830831 0.5184895093382514
3 5.84984984984985 0.518896937828434
3 5.868868868868869 0.5193012506734085
3 5.887887887887889 0.5197024731024105
3 5.906906906906907 0.5201006300997574
3 5.9259259259259265 0.5204957464082273
3 5.944944944944945 0.5208878465323724
3 5.963963963963964 0.5212769547417667
3 5.982982982982984 0.5216630950741906
3 6.002002002002002 0.5220462913387535
3 6.0210210210210215 0.5224265671189563
3 6.04004004004004 0.5228039457756957
3 6.059059059059059 0.5231784504502092
3 6.078078078078079 0.5235501040669659
3 6.097097097097097 0.5239189293365011
3 6.116116116116117 0.5242849487581979
3 6.135135135135136 0.5246481846230172
3 6.1541541541541545 0.5250086590161751
3 6.173173173173174 0.525366393819772
3 6.192192192192192 0.5257214107153713
3 6.211211211211212 0.5260737311865331
3 6.230230230230231 0.5264233765212984
3 6.2492492492492495 0.5267703678146303
3 6.268268268268269 0.5271302003513739
3 6.287287287287287 0.5274951271173832
3 6.306306306306307 0.5278574715911478
3 6.325325325325326 0.5282172530045257
3 6.344344344344345 0.5285744904186137
3 6.363363363363364 0.5289292027259185
3 6.382382382382382 0.5292814086524841
3 6.401401401401402 0.5296311267599824
3 6.420420420420421 0.5299783754477662
3 6.43943943943944 0.5303231729548832
3 6.458458458458459 0.5306655373620549
3 6.477477477477478 0.5310054865936199
3 6.496496496496497 0.5313430384194419
3 6.515515515515516 0.5316782104567841
3 6.534534534534535 0.5320110201721503
3 6.553553553553554 0.5323414848830936
3 6.572572572572573 0.5326696217599929
3 6.591591591591592 0.5329954478277985
3 6.610610610610611 0.5333189799677477
3 6.62962962962963 0.5336402349190504
3 6.648648648648649 0.5339592292805448
3 6.6676676676676685 0.5342759795123263
3 6.686686686686687 0.5345905019373468
3 6.705705705705706 0.5349028127429882
3 6.724724724724725 0.5352129279826084
3 6.743743743743744 0.5355208635770612
3 6.762762762762764 0.5358266353161917
3 6.781781781781782 0.5361302588603043
3 6.800800800800801 0.5364317497416102
3 6.81981981981982 0.5367311233656471
3 6.838838838838839 0.5370283950126773
3 6.857857857857859 0.5373235798390632
3 6.876876876876877 0.5376166928786195
3 6.8958958958958965 0.5379077490439439
3 6.914914914914916 0.5381967631277265
3 6.933933933933934 0.5384837498040369
3 6.952952952952954 0.5387687236295932
3 6.971971971971972 0.5390516990450082
3 6.9909909909909915 0.5393326903760172
3 7.010010010010011 0.5396117118346867
3 7.029029029029029 0.5398887775206032
3 7.048048048048049 0.540179792986741
3 7.067067067067067 0.5404756162540607
3 7.086086086086087 0.540769521682335
3 7.105105105105106 0.5410615221071564
3 7.124124124124124 0.5413516302655468
3 7.143143143143144 0.5416398587970135
3 7.162162162162162 0.5419262202445916
3 7.181181181181182 0.5422107270558685
3 7.200200200200201 0.5424933915839912
3 7.2192192192192195 0.5427742260886591
3 7.238238238238239 0.5430532427371001
3 7.257257257257257 0.543330453605032
3 7.276276276276277 0.5436058706776083
3 7.295295295295296 0.5438795058503504
3 7.314314314314315 0.5441513709300632
3 7.333333333333334 0.5444214776357388
3 7.352352352352353 0.5446898375994458
3 7.371371371371372 0.5449564623672034
3 7.390390390390391 0.5452213633998453
3 7.40940940940941 0.5454845520738663
3 7.428428428428429 0.545746039682261
3 7.447447447447448 0.5460058374353455
3 7.466466466466467 0.5462639564615701
3 7.485485485485486 0.5465204078083176
3 7.504504504504505 0.5467752024426915
3 7.523523523523524 0.5470283512522917
3 7.542542542542543 0.547279865045979
3 7.561561561561562 0.5475297545546285
3 7.580580580580581 0.5477780304318721
3 7.5995995995996 0.5480247032548303
3 7.618618618618619 0.5482697835248335
3 7.6376376376376385 0.5485132816681325
3 7.656656656656657 0.5487552080366006
3 7.675675675675676 0.5489955729084227
3 7.694694694694695 0.5492343864887782
3 7.713713713713714 0.5494716589105118
3 7.7327327327327335 0.5497074002347958
3 7.751751751751752 0.5499416204517837
3 7.770770770770771 0.5501743294812539
3 7.789789789789791 0.5504055371732448
3 7.808808808808809 0.5506352533086828
3 7.827827827827829 0.5508634875999984
3 7.846846846846847 0.5510902496917374
3 7.8658658658658664 0.5513155491611617
3 7.884884884884886 0.5515393955188435
3 7.903903903903904 0.5517617982092504
3 7.922922922922924 0.5519827666113237
3 7.941941941941942 0.5522023100390481
3 7.9609609609609615 0.5524204377420152
3 7.979979979979981 0.552651301077428
3 7.998998998998999 0.552888527270787
3 8.018018018018019 0.5531243514003941
3 8.037037037037038 0.5533587818750425
3 8.056056056056057 0.5535918270478752
3 8.075075075075077 0.5538234952168819
3 8.094094094094094 0.5540537946253878
3 8.113113113113114 0.5542827334625378
3 8.132132132132133 0.5545103198637714
3 8.15115115115115 0.554736561911294
3 8.17017017017017 0.554961467634539
3 8.18918918918919 0.5551850450106258
3 8.208208208208209 0.5554073019648118
3 8.227227227227228 0.555628246370936
3 8.246246246246248 0.5558478860518584
3 8.265265265265267 0.5560662287798952
3 8.284284284284285 0.5562832822772441
3 8.303303303303304 0.5564990542164081
3 8.322322322322323 0.5567135522206115
3 8.34134134134134 0.5569267838642115
3 8.36036036036036 0.5571387566731033
3 8.37937937937938 0.5573494781251221
3 8.398398398398399 0.5575589556504377
3 8.417417417417418 0.5577671966319452
3 8.436436436436438 0.5579742084056514
3 8.455455455455457 0.5581799982610546
3 8.474474474474475 0.5583845734415211
3 8.493493493493494 0.558587941144657
3 8.512512512512513 0.5587901085226743
3 8.531531531531531 0.5589910826827528
3 8.55055055055055 0.559190870687399
3 8.56956956956957 0.5593894795547986
3 8.588588588588589 0.5595869162591661
3 8.607607607607608 0.5597831877310894
3 8.626626626626628 0.5599783008578706
3 8.645645645645647 0.5601722624838631
3 8.664664664664667 0.5603650794108038
3 8.683683683683684 0.5605567583981416
3 8.702702702702704 0.5607473061633631
3 8.721721721721721 0.5609367293823133
3 8.74074074074074 0.5611250346895126
3 8.75975975975976 0.5613122286784709
3 8.77877877877878 0.5614983179019968
3 8.797797797797799 0.5616833088725058
3 8.816816816816818 0.5618672080623213
3 8.835835835835837 0.5620500219039755
3 8.854854854854857 0.562231756790505
3 8.873873873873874 0.5624124190757432
3 8.892892892892894 0.5625920150746114
3 8.911911911911913 0.5627705510634033
3 8.93093093093093 0.5629480332800694
3 8.94994994994995 0.5631244679244966
3 8.96896896896897 0.563299861158785
3 8.987987987987989 0.5634742191075228
3 9.007007007007008 0.5636475478580564
3 9.026026026026027 0.5638198534607585
3 9.045045045045045 0.5639911419292942
3 9.064064064064064 0.5641614192408826
3 9.083083083083084 0.5643306913365571
3 9.102102102102103 0.5644989641214216
3 9.121121121121122 0.5646861273274324
3 9.14014014014014 0.5648734166420863
3 9.15915915915916 0.5650597032748877
3 9.178178178178179 0.5652449925916659
3 9.197197197197198 0.5654292899277777
3 9.216216216216218 0.5656126005883273
3 9.235235235235235 0.5657949298483866
3 9.254254254254255 0.565976282953211
3 9.273273273273274 0.5661566651184541
3 9.292292292292293 0.5663360815303788
3 9.311311311311313 0.5665145373460667
3 9.33033033033033 0.5666920376936251
3 9.34934934934935 0.5668685876723915
3 9.368368368368369 0.5670441923531363
3 9.387387387387388 0.5672188567782627
3 9.406406406406408 0.567392585962004
3 9.425425425425425 0.5675653848906203
3 9.444444444444445 0.5677372585225918
3 9.463463463463464 0.5679082117888099
3 9.482482482482483 0.5680782495927676
3 9.501501501501503 0.5682473768107456
3 9.52052052052052 0.5684155982919988
3 9.53953953953954 0.5685829188589397
3 9.558558558558559 0.5687493433073194
3 9.577577577577578 0.5689148764064071
3 9.596596596596598 0.5690795228991691
3 9.615615615615617 0.5692432875024431
3 9.634634634634635 0.5694061749071134
3 9.653653653653654 0.5695681897782827
3 9.672672672672673 0.5697293367554427
3 9.691691691691693 0.569889620452643
3 9.710710710710712 0.5700490454586582
3 9.72972972972973 0.5702076163371528
3 9.74874874874875 0.5703653376268462
3 9.767767767767769 0.570522213841673
3 9.786786786786788 0.5706782494709449
3 9.805805805805807 0.5708334489795095
3 9.824824824824825 0.5709878168079067
3 9.843843843843844 0.5711413573725258
3 9.862862862862864 0.5712940750657586
3 9.881881881881883 0.5714459742561528
3 9.900900900900902 0.5715970592885641
3 9.91991991991992 0.5717473344843043
3 9.93893893893894 0.5718968041412914
3 9.957957957957959 0.5720454725341961
3 9.976976976976978 0.572193343914587
3 9.995995995995997 0.5723404225110756
3 10.015015015015015 0.5724867125294594
3 10.034034034034034 0.5726322181528626
3 10.053053053053054 0.5727769435418774
3 10.072072072072073 0.5729208928347022
3 10.091091091091092 0.5730640701472804
3 10.11011011011011 0.5732064795734363
3 10.12912912912913 0.5733481251850105
3 10.148148148148149 0.5734890110319939
3 10.167167167167168 0.5736291411426607
3 10.186186186186188 0.5737685195237002
3 10.205205205205205 0.573907150160347
3 10.224224224224224 0.5740450370165113
3 10.243243243243244 0.5741821840349056
3 10.262262262262263 0.5743185951371738
3 10.281281281281283 0.5744542742240154
3 10.3003003003003 0.5745892251753117
3 10.31931931931932 0.5747234518502492
3 10.338338338338339 0.5748569580874424
3 10.357357357357358 0.5749897477050563
3 10.376376376376378 0.5751218245009259
3 10.395395395395397 0.5752531922526773
3 10.414414414414415 0.5753838547178453
3 10.433433433433434 0.575513815633992
3 10.452452452452453 0.5756430787188233
3 10.471471471471473 0.5757716476703048
3 10.490490490490492 0.5758995261667765
3 10.50950950950951 0.5760267178670672
3 10.528528528528529 0.5761710990601328
3 10.547547547547548 0.5763168503790815
3 10.566566566566568 0.5764619006575313
3 10.585585585585587 0.5766062532242305
3 10.604604604604605 0.5767499113917517
3 10.623623623623624 0.5768928784565861
3 10.642642642642643 0.5770351576992373
3 10.661661661661663 0.577176752384313
3 10.680680680680682 0.577317665760618
3 10.6996996996997 0.5774579010612438
3 10.71871871871872 0.5775974615036602
3 10.737737737737739 0.5777363502898025
3 10.756756756756758 0.577874570606162
3 10.775775775775777 0.5780121256238728
3 10.794794794794795 0.5781490184987986
3 10.813813813813814 0.5782852523716193
3 10.832832832832834 0.5784208303679161
3 10.851851851851853 0.5785557555982556
3 10.870870870870872 0.5786900311582752
3 10.88988988988989 0.5788236601287647
3 10.90890890890891 0.5789566455757498
3 10.927927927927929 0.5790889905505732
3 10.946946946946948 0.5792206980899766
3 10.965965965965967 0.5793517712161798
3 10.984984984984985 0.5794822129369616
3 11.004004004004004 0.5796120262457378
3 11.023023023023024 0.5797412141216407
3 11.042042042042043 0.5798697795295958
3 11.061061061061062 0.5799977254203995
3 11.08008008008008 0.5801250547307955
3 11.0990990990991 0.58025177038355
3 11.118118118118119 0.580377875287528
3 11.137137137137138 0.5805033723377675
3 11.156156156156158 0.5806282644155528
3 11.175175175175177 0.5807525543884882
3 11.194194194194194 0.5808762451105722
3 11.213213213213214 0.5809993394222677
3 11.232232232232233 0.5811218401505749
3 11.251251251251253 0.5812437501091026
3 11.270270270270272 0.5813650720981376
3 11.28928928928929 0.581485808904716
3 11.308308308308309 0.5816059633026921
3 11.327327327327328 0.5817255380528069
3 11.346346346346348 0.5818445359027579
3 11.365365365365367 0.5819629595872652
3 11.384384384384385 0.5820808118281403
3 11.403403403403404 0.5821980953343526
3 11.422422422422423 0.5823148128020953
3 11.441441441441443 0.5824309669148521
3 11.460460460460462 0.5825465603434612
3 11.47947947947948 0.5826615957461828
3 11.498498498498499 0.5827760757687602
3 11.517517517517518 0.5828900030444869
3 11.536536536536538 0.5830033801942678
3 11.555555555555557 0.5831162098266834
3 11.574574574574575 0.5832284945380521
3 11.593593593593594 0.5833402369124926
3 11.612612612612613 0.5834514395219853
3 11.631631631631633 0.5835621049264336
3 11.650650650650652 0.5836722356737246
3 11.66966966966967 0.5837818342997901
3 11.68868868868869 0.5838909033286661
3 11.707707707707709 0.5839994452725521
3 11.726726726726728 0.5841074626318711
3 11.745745745745747 0.5842149578953277
3 11.764764764764765 0.5843219335399665
3 11.783783783783784 0.5844283920312306
3 11.802802802802804 0.5845343358230182
3 11.821821821821823 0.5846397673577408
3 11.840840840840842 0.5847446890663793
3 11.85985985985986 0.5848491033685407
3 11.87887887887888 0.584953012672514
3 11.897897897897899 0.5850564193753259
3 11.916916916916918 0.5851593258627967
3 11.935935935935937 0.5852617345095938
3 11.954954954954957 0.5853636476792874
3 11.973973973973974 0.5854650677244051
3 11.992992992992994 0.5855659969864844
3 12.012012012012013 0.5856664377961275
3 12.031031031031032 0.5857663924730536
3 12.050050050050052 0.5858658633261525
3 12.06906906906907 0.5859648526535364
3 12.088088088088089 0.5860633627425925
3 12.107107107107108 0.5861613958700351
3 12.126126126126128 0.5862589543019563
3 12.145145145145147 0.586356040293878
3 12.164164164164164 0.5864526560908023
3 12.183183183183184 0.5865488039272627
3 12.202202202202203 0.5866444860273733
3 12.221221221221223 0.5867397046048803
3 12.240240240240242 0.5868344618632098
3 12.25925925925926 0.5869287599955185
3 12.278278278278279 0.5870226011847426
3 12.297297297297298 0.587115987603646
3 12.316316316316318 0.5872258039012597
3 12.335335335335337 0.5873369531925378
3 12.354354354354355 0.5874476272818904
3 12.373373373373374 0.5875578281550243
3 12.392392392392393 0.5876675577894266
3 12.411411411411413 0.5877768181544019
3 12.430430430430432 0.5878856112111104
3 12.44944944944945 0.5879939389126054
3 12.468468468468469 0.5881018032038694
3 12.487487487487488 0.5882092060218521
3 12.506506506506508 0.5883161492955059
3 12.525525525525527 0.5884226349458224
3 12.544544544544545 0.5885286648858689
3 12.563563563563564 0.5886342410208236
3 12.582582582582583 0.5887393652480118
3 12.601601601601603 0.5888440394569402
3 12.620620620620622 0.588948265529333
3 12.63963963963964 0.5890520453391658
3 12.65865865865866 0.589155380752701
3 12.677677677677679 0.5892582736285219
3 12.696696696696698 0.5893607258175663
3 12.715715715715717 0.5894627391631613
3 12.734734734734735 0.589564315501056
3 12.753753753753754 0.5896654566594565
3 12.772772772772774 0.589766164459057
3 12.791791791791793 0.5898664407130753
3 12.810810810810812 0.5899662872272832
3 12.829829829829832 0.590065705800041
3 12.84884884884885 0.5901646982223295
3 12.867867867867869 0.5902632662777811
3 12.886886886886888 0.5903614117427134
3 12.905905905905907 0.59045913638616
3 12.924924924924927 0.5905564419699023
3 12.943943943943944 0.5906533302485016
3 12.962962962962964 0.5907498029693291
3 12.981981981981983 0.590845861872598
3 13.001001001001002 0.5909415086913943
3 13.020020020020022 0.5910367451517065
3 13.03903903903904 0.5911315729724572
3 13.058058058058059 0.591225993865533
3 13.077077077077078 0.5913200095358141
3 13.096096096096097 0.5914136216812053
3 13.115115115115117 0.5915068319926648
3 13.134134134134134 0.5915996421542349
3 13.153153153153154 0.5916920538430694
3 13.172172172172173 0.5917840687294657
3 13.191191191191193 0.5918756884768911
3 13.210210210210212 0.5919669147420137
3 13.22922922922923 0.5920577491747303
3 13.248248248248249 0.5921481934181948
3 13.267267267267268 0.5922382491088473
3 13.286286286286288 0.5923279178764418
3 13.305305305305307 0.5924172013440746
3 13.324324324324325 0.5925061011282121
3 13.343343343343344 0.5925946188387187
3 13.362362362362363 0.5926827560788839
3 13.381381381381383 0.5927705144454509
3 13.400400400400402 0.5928578955286432
3 13.41941941941942 0.5929449009121917
3 13.438438438438439 0.5930315321733618
3 13.457457457457458 0.5931177908829806
3 13.476476476476478 0.5932036786054633
3 13.495495495495497 0.5932891968988402
3 13.514514514514515 0.5933743473147826
3 13.533533533533534 0.5934591313986297
3 13.552552552552553 0.5935435506894143
3 13.571571571571573 0.5936276067198889
3 13.590590590590592 0.5937113010165523
3 13.609609609609612 0.5937946350996745
3 13.62862862862863 0.5938776104833223
3 13.647647647647648 0.5939602286753857
3 13.666666666666668 0.5940424911776023
3 13.685685685685687 0.5941243994855833
3 13.704704704704707 0.5942059550888379
3 13.723723723723724 0.594287159470799
3 13.742742742742744 0.5943680141088473
3 13.761761761761763 0.594448520474337
3 13.780780780780782 0.5945286800326192
3 13.799799799799802 0.594608494243067
3 13.81881881881882 0.5946879645591007
3 13.837837837837839 0.5947670924282101
3 13.856856856856858 0.5948458792919806
3 13.875875875875877 0.5949243265861157
3 13.894894894894897 0.5950024357404615
3 13.913913913913914 0.5950802081790313
3 13.932932932932934 0.595157645320027
3 13.951951951951953 0.5952347485758651
3 13.970970970970972 0.5953115193531986
3 13.989989989989992 0.595387959052941
3 14.00900900900901 0.5954640690702887
3 14.028028028028029 0.5955398507947451
3 14.047047047047048 0.5956153056101429
3 14.066066066066067 0.5956904348946669
3 14.085085085085087 0.5957652400208776
3 14.104104104104104 0.5958397223557326
3 14.123123123123124 0.5959138832606099
3 14.142142142142143 0.5959877240913305
3 14.161161161161163 0.5960612461981801
3 14.180180180180182 0.5961344509259316
3 14.1991991991992 0.5962073396138675
3 14.218218218218219 0.5962799135958015
3 14.237237237237238 0.5963521742001008
3 14.256256256256258 0.5964241227497075
3 14.275275275275277 0.5964957605621604
3 14.294294294294295 0.596567088949617
3 14.313313313313314 0.5966381092188744
3 14.332332332332333 0.596708822671392
3 14.351351351351353 0.5967792306033105
3 14.370370370370372 0.5968493343054756
3 14.38938938938939 0.5969191350634573
3 14.408408408408409 0.5969886341575724
3 14.427427427427428 0.5970578328629041
3 14.446446446446448 0.597126732449324
3 14.465465465465467 0.5971953341815118
3 14.484484484484486 0.597263639318977
3 14.503503503503504 0.5973316491160785
3 14.522522522522523 0.5973993648220458
3 14.541541541541543 0.5974667876809993
3 14.560560560560562 0.5975339189319702
3 14.579579579579582 0.5976007598089207
3 14.598598598598599 0.597667311540765
3 14.617617617617618 0.5977335753513884
3 14.636636636636638 0.5978020726819426
3 14.655655655655657 0.597885008750444
3 14.674674674674677 0.5979676340797725
3 14.693693693693694 0.5980499497993372
3 14.712712712712714 0.5981319570345904
3 14.731731731731733 0.5982136569070401
3 14.750750750750752 0.5982950505342646
3 14.769769769769772 0.5983761390299273
3 14.78878878878879 0.5984569235037894
3 14.807807807807809 0.5985374050617257
3 14.826826826826828 0.5986175848057358
3 14.845845845845847 0.5986974638339608
3 14.864864864864867 0.5987770432406946
3 14.883883883883884 0.5988563241163992
3 14.902902902902904 0.5989353075477175
3 14.921921921921923 0.5990139946174868
3 14.940940940940942 0.5990923864047527
3 14.959959959959962 0.5991704839847822
3 14.97897897897898 0.5992482884290771
3 14.997997997997999 0.5993258008053869
3 15.017017017017018 0.5994030221777227
3 15.036036036036037 0.5994799536063701
3 15.055055055055057 0.5995565961479017
3 15.074074074074074 0.5996329508551909
3 15.093093093093094 0.5997090187774248
3 15.112112112112113 0.5997848009601159
3 15.131131131131133 0.5998602984451172
3 15.150150150150152 0.5999355122706325
3 15.16916916916917 0.600010443471231
3 15.188188188188189 0.6000850930778593
3 15.207207207207208 0.6001594621178531
3 15.226226226226228 0.6002335516149517
3 15.245245245245247 0.6003073625893087
3 15.264264264264266 0.6003808960575054
3 15.283283283283284 0.6004541530325631
3 15.302302302302303 0.6005271345239549
3 15.321321321321323 0.6005998415376185
3 15.340340340340342 0.6006722750759684
3 15.359359359359361 0.6007444361379078
3 15.378378378378379 0.600816325718841
3 15.397397397397398 0.600887944810685
3 15.416416416416418 0.600959294401882
3 15.435435435435437 0.6010303754774113
3 15.454454454454456 0.601101189018801
3 15.473473473473474 0.60117173600414
3 15.492492492492493 0.6012420174080894
3 15.511511511511513 0.6013120342018953
3 15.530530530530532 0.6013817873533993
3 15.549549549549551 0.6014512778270508
3 15.568568568568569 0.6015205065839186
3 15.587587587587588 0.6015894745817023
3 15.606606606606608 0.6016581827747439
3 15.625625625625627 0.6017266321140392
3 15.644644644644647 0.6017948235472492
3 15.663663663663664 0.6018627580187119
3 15.682682682682684 0.6019304364694527
3 15.701701701701703 0.6019978598371967
3 15.720720720720722 0.6020650290563793
3 15.739739739739742 0.6021319450581577
3 15.75875875875876 0.6021986087704218
3 15.777777777777779 0.6022650211178054
3 15.796796796796798 0.6023311830216976
3 15.815815815815817 0.6023970954002529
3 15.834834834834837 0.6024627591684034
3 15.853853853853854 0.6025281752378685
3 15.872872872872874 0.602593344517167
3 15.891891891891893 0.6026582679116267
3 15.910910910910912 0.6027229463233965
3 15.929929929929932 0.6027873806514558
3 15.94894894894895 0.6028515717916262
3 15.967967967967969 0.6029155206365817
3 15.986986986986988 0.6029792280758601
3 16.006006006006007 0.6030426949958722
3 16.025025025025027 0.6031059222799136
3 16.044044044044046 0.6031689108081743
3 16.063063063063062 0.6032316614577502
3 16.08208208208208 0.6032941751026528
3 16.1011011011011 0.6033564526138194
3 16.12012012012012 0.6034184948591241
3 16.13913913913914 0.6034803027033881
3 16.15815815815816 0.603541877008389
3 16.177177177177178 0.603603218632872
3 16.196196196196198 0.6036643284325601
3 16.215215215215217 0.6037252072601639
3 16.234234234234236 0.6037858559653915
3 16.253253253253256 0.6038462753949593
3 16.272272272272275 0.6039064663926015
3 16.291291291291294 0.60396642979908
3 16.310310310310314 0.6040261664521952
3 16.329329329329333 0.604085677186795
3 16.34834834834835 0.604144962834785
3 16.36736736736737 0.6042040242251392
3 16.386386386386388 0.6042628621839079
3 16.405405405405407 0.6043214775342298
3 16.424424424424426 0.60437987109634
3 16.443443443443442 0.6044380436875804
3 16.46246246246246 0.60449599612241
3 16.48148148148148 0.604553729212413
3 16.5005005005005 0.6046112437663103
3 16.51951951951952 0.6046685405899676
3 16.53853853853854 0.6047256204864054
3 16.55755755755756 0.6047824842558092
3 16.576576576576578 0.6048391326955377
3 16.595595595595597 0.6048955666001339
3 16.614614614614617 0.6049517867613327
3 16.633633633633636 0.6050077939680713
3 16.652652652652655 0.6050635890064991
3 16.671671671671675 0.6051191726599859
3 16.690690690690694 0.6051745457091318
3 16.709709709709713 0.6052297089317763
3 16.72872872872873 0.6052846631030072
3 16.74774774774775 0.605339408995171
3 16.766766766766768 0.6053939473778804
3 16.785785785785787 0.6054482790180248
3 16.804804804804807 0.6055024046797783
3 16.823823823823826 0.60555632512461
3 16.842842842842842 0.6056100411112919
3 16.86186186186186 0.6056635533959084
3 16.88088088088088 0.6057168627318656
3 16.8998998998999 0.6057699698698995
3 16.91891891891892 0.605822875558086
3 16.93793793793794 0.6058755805418479
3 16.956956956956958 0.6059280855639662
3 16.975975975975977 0.605980391364587
3 16.994994994994997 0.6060324986812318
3 17.014014014014016 0.6060844082488044
3 17.033033033033036 0.6061361207996011
3 17.052052052052055 0.6061876370633199
3 17.07107107107107 0.6062389577670668
3 17.09009009009009 0.6062900836353674
3 17.10910910910911 0.6063410153901732
3 17.12812812812813 0.6063917537508713
3 17.147147147147148 0.6064422994342931
3 17.166166166166168 0.6064926531547219
3 17.185185185185187 0.6065428156239027
3 17.204204204204206 0.6065927875510495
3 17.223223223223226 0.6066425696428541
3 17.242242242242245 0.6066921626034957
3 17.261261261261264 0.606741567134647
3 17.28028028028028 0.6067907839354847
3 17.2992992992993 0.6068398137026967
3 17.31831831831832 0.6068886571304906
3 17.33733733733734 0.6069373149106025
3 17.356356356356358 0.6069857877323049
3 17.375375375375377 0.6070340762824145
3 17.394394394394396 0.6070821812453009
3 17.413413413413416 0.607130103302895
3 17.432432432432435 0.6071778431346968
3 17.451451451451454 0.6072254014177837
3 17.47047047047047 0.6072727788268181
3 17.48948948948949 0.6073199760340562
3 17.50850850850851 0.6073669937093559
3 17.52752752752753 0.6074138325201843
3 17.546546546546548 0.6074604931316264
3 17.565565565565567 0.6075069762063929
3 17.584584584584587 0.6075532824048275
3 17.603603603603606 0.6075994123849157
3 17.622622622622625 0.607645366802292
3 17.641641641641645 0.6076911463102486
3 17.66066066066066 0.6077367515597425
3 17.67967967967968 0.6077821831994035
3 17.6986986986987 0.6078274418755423
3 17.71771771771772 0.6078725282321578
3 17.736736736736738 0.6079174429109454
3 17.755755755755757 0.6079621865513043
3 17.774774774774777 0.6080067597903452
3 17.793793793793796 0.6080511632628987
3 17.812812812812815 0.6081094187851878
3 17.831831831831835 0.6081690749095472
3 17.85085085085085 0.608228538822033
3 17.86986986986987 0.6082878111203823
3 17.88888888888889 0.6083468924005776
3 17.90790790790791 0.6084057832568511
3 17.926926926926928 0.6084644842816903
3 17.945945945945947 0.6085229960658416
3 17.964964964964967 0.6085813191983165
3 17.983983983983986 0.6086394542663957
3 18.003003003003005 0.6086974018556344
3 18.022022022022025 0.6087551625498655
3 18.04104104104104 0.6088127369312066
3 18.06006006006006 0.6088701255800634
3 18.07907907907908 0.6089273290751346
3 18.0980980980981 0.6089843479934167
3 18.117117117117118 0.6090411829102087
3 18.136136136136138 0.6090978343991167
3 18.155155155155157 0.6091543030320592
3 18.174174174174176 0.6092105893792705
3 18.193193193193196 0.6092666940093066
3 18.212212212212215 0.6093226174890484
3 18.231231231231234 0.6093783603837086
3 18.25025025025025 0.6094339232568335
3 18.26926926926927 0.6094893066703102
3 18.28828828828829 0.6095445111843685
3 18.30730730730731 0.6095995373575884
3 18.326326326326328 0.6096543857469021
3 18.345345345345347 0.6097090569075997
3 18.364364364364366 0.6097635513933339
3 18.383383383383386 0.6098178697561243
3 18.402402402402405 0.6098720125463608
3 18.421421421421424 0.6099259803128103
3 18.44044044044044 0.6099797736026189
3 18.45945945945946 0.6100333929613178
3 18.47847847847848 0.6100868389328269
3 18.4974974974975 0.6101401120594603
3 18.516516516516518 0.6101932128819292
3 18.535535535535537 0.6102461419393473
3 18.554554554554556 0.6102988997692356
3 18.573573573573576 0.6103514869075248
3 18.592592592592595 0.6104039038885625
3 18.611611611611615 0.6104561512451149
3 18.63063063063063 0.6105082295083729
3 18.64964964964965 0.6105601392079554
3 18.66866866866867 0.610611880871914
3 18.68768768768769 0.6106634550267377
3 18.706706706706708 0.6107148621973563
3 18.725725725725727 0.6107661029071453
3 18.744744744744747 0.6108171776779298
3 18.763763763763766 0.6108680870299894
3 18.782782782782785 0.6109188314820615
3 18.801801801801805 0.6109694115513461
3 18.82082082082082 0.6110198277535098
3 18.83983983983984 0.6110700806026905
3 18.85885885885886 0.6111201706115005
3 18.87787787787788 0.6111700982910321
3 18.896896896896898 0.6112198641508602
3 18.915915915915917 0.6112694686990476
3 18.934934934934937 0.6113189124421493
3 18.953953953953956 0.6113681958852152
3 18.972972972972975 0.6114173195317959
3 18.991991991991995 0.6114662838839457
3 19.011011011011014 0.611515089442227
3 19.03003003003003 0.6115637367057144
3 19.04904904904905 0.6116122261719988
3 19.06806806806807 0.6116605583371918
3 19.087087087087088 0.6117087336959287
3 19.106106106106107 0.6117567527413741
3 19.125125125125127 0.6118046159652243
3 19.144144144144146 0.6118523238577123
3 19.163163163163166 0.6118998769076118
3 19.182182182182185 0.6119472756022408
3 19.201201201201204 0.6119945204274656
3 19.22022022022022 0.6120416118677051
3 19.23923923923924 0.612088550405935
3 19.25825825825826 0.6121353365236903
3 19.27727727727728 0.6121819707010715
3 19.296296296296298 0.6122284534167464
3 19.315315315315317 0.6122747851479552
3 19.334334334334336 0.6123209663705145
3 19.353353353353356 0.6123669975588205
3 19.372372372372375 0.6124128791858531
3 19.391391391391394 0.6124586117231804
3 19.41041041041041 0.6125041956409614
3 19.42942942942943 0.6125496314079515
3 19.44844844844845 0.6125949194915042
3 19.46746746746747 0.6126400603575773
3 19.486486486486488 0.612685054470735
3 19.505505505505507 0.6127299022941519
3 19.524524524524526 0.6127746042896177
3 19.543543543543546 0.6128191609175407
3 19.562562562562565 0.6128635726369508
3 19.581581581581585 0.6129078399055041
3 19.6006006006006 0.6129519631794866
3 19.61961961961962 0.6129959429138175
3 19.63863863863864 0.6130397795620534
3 19.65765765765766 0.6130834735763916
3 19.676676676676678 0.6131270254076747
3 19.695695695695697 0.613170435505393
3 19.714714714714717 0.6132137043176895
3 19.733733733733736 0.6132568322913629
3 19.752752752752755 0.6132998198718712
3 19.771771771771775 0.613342667503336
3 19.790790790790794 0.6133853756285452
3 19.80980980980981 0.613427944688958
3 19.82882882882883 0.6134703751247074
3 19.84784784784785 0.6135126673746042
3 19.866866866866868 0.6135548218761409
3 19.885885885885887 0.613596839065495
3 19.904904904904907 0.6136387193775326
3 19.923923923923926 0.6136804632458126
3 19.942942942942945 0.6137220711025891
3 19.961961961961965 0.6137635433788168
3 19.980980980980984 0.6138048805041526
3 20.0 0.6138460829069602
