4 1.0 2.081668448157368e-10
4 1.019019019019019 0.012880455531215753
4 1.038038038038038 0.02531008468700964
4 1.057057057057057 0.037311505276455
4 1.0760760760760761 0.04890575544119543
4 1.095095095095095 0.06011473600545992
4 1.1141141141141142 0.07095997436824297
4 1.1331331331331331 0.08145529613330124
4 1.1521521521521523 0.0916166038583939
4 1.1711711711711712 0.10146181014301753
4 1.1901901901901901 0.1110107869523907
4 1.2092092092092093 0.12026978670634692
4 1.2282282282282282 0.1292510586238573
4 1.2472472472472473 0.13796620478811317
4 1.2662662662662663 0.14644129320630475
4 1.2852852852852852 0.15467314576724775
4 1.3043043043043043 0.1626713544312504
4 1.3233233233233235 0.17044497677150555
4 1.3423423423423424 0.1780119721508377
4 1.3613613613613613 0.1853815748003268
4 1.3803803803803805 0.19255260482491834
4 1.3993993993993994 0.19953228416685942
4 1.4184184184184185 0.2063274629301177
4 1.4374374374374375 0.21296142498134965
4 1.4564564564564564 0.21943037907156265
4 1.4754754754754755 0.22573488057633748
4 1.4944944944944947 0.23188047684787477
4 1.5135135135135136 0.23787245023089626
4 1.5325325325325325 0.24373419622981768
4 1.5515515515515514 0.24946028741283804
4 1.5705705705705706 0.25504849722871736
4 1.5895895895895897 0.2605031612449008
4 1.6086086086086087 0.2658284221446857
4 1.6276276276276276 0.2710389397594275
4 1.6466466466466467 0.27614585796289703
4 1.6656656656656659 0.28113593567670225
4 1.6846846846846848 0.2860126128952198
4 1.7037037037037037 0.29077918658933927
4 1.7227227227227226 0.2954388186504997
4 1.7417417417417418 0.30001568702445797
4 1.760760760760761 0.30450193310467255
4 1.7797797797797799 0.30889101103566063
4 1.7987987987987988 0.31318557859113233
4 1.817817817817818 0.3173881913896285
4 1.8368368368368369 0.32150130819712364
4 1.855855855855856 0.32554710681473054
4 1.874874874874875 0.3295218152932823
4 1.8938938938938938 0.33341476678160914
4 1.912912912912913 0.33722804958106617
4 1.9319319319319321 0.3409636774735516
4 1.950950950950951 0.3446235933478591
4 1.96996996996997 0.348212183051896
4 1.9889889889889891 0.3517612768578782
4 2.008008008008008 0.35524088144375215
4 2.027027027027027 0.358652661613383
4 2.046046046046046 0.36199822679268595
4 2.065065065065065 0.3652791335636431
4 2.0840840840840844 0.36849688805557784
4 2.103103103103103 0.3716544265990262
4 2.1221221221221223 0.37478692748049636
4 2.141141141141141 0.3778611857179881
4 2.16016016016016 0.38087850336049245
4 2.1791791791791795 0.38384014242952147
4 2.1981981981981984 0.386747326627696
4 2.2172172172172173 0.38960124295663057
4 2.2362362362362362 0.39240304324962466
4 2.255255255255255 0.39517061827837247
4 2.2742742742742745 0.3979099246635574
4 2.2932932932932935 0.4006009318145326
4 2.3123123123123124 0.4032446439995884
4 2.3313313313313317 0.4058420371549307
4 2.3503503503503502 0.40839406000454265
4 2.3693693693693696 0.41090163512427913
4 2.3883883883883885 0.41336565995338137
4 2.4074074074074074 0.41579473133538075
4 2.426426426426427 0.41821373846419513
4 2.4454454454454453 0.4205922137739093
4 2.4644644644644647 0.42293094518402125
4 2.4834834834834836 0.42523070009847663
4 2.5025025025025025 0.42749222615939225
4 2.521521521521522 0.42971625196545044
4 2.5405405405405403 0.4319034877568708
4 2.5595595595595597 0.43405462606875517
4 2.5785785785785786 0.4361790421226501
4 2.5975975975975976 0.43830046798386213
4 2.616616616616617 0.44038815446047364
4 2.635635635635636 0.442442713502843
4 2.6546546546546548 0.44446474243098566
4 2.6736736736736737 0.446454824430943
4 2.6926926926926926 0.4484135290293403
4 2.711711711711712 0.4503414125472473
4 2.730730730730731 0.4522390185343846
4 2.74974974974975 0.4541068781846679
4 2.768768768768769 0.45596154286785406
4 2.7877877877877877 0.45781273408798134
4 2.806806806806807 0.4596360026247502
4 2.825825825825826 0.4614318205823639
4 2.844844844844845 0.46320064973835406
4 2.8638638638638643 0.4649429418652549
4 2.8828828828828827 0.4666591390390802
4 2.901901901901902 0.4683496739352309
4 2.920920920920921 0.4700149701124358
4 2.93993993993994 0.47165544228528755
4 2.9589589589589593 0.4732714965859167
4 2.9779779779779783 0.47488810248134755
4 2.996996996996997 0.47649835028355253
4 3.016016016016016 0.47808557831103515
4 3.035035035035035 0.47965014934111033
4 3.0540540540540544 0.48119241890593806
4 3.0730730730730733 0.48271273549870963
4 3.0920920920920922 0.4842114407719612
4 3.111111111111111 0.48568886972836484
4 3.13013013013013 0.48714535090433825
4 3.1491491491491495 0.48858120654679044
4 3.1681681681681684 0.48999675278330806
4 3.1871871871871873 0.49139229978607224
4 3.206206206206206 0.4927957917438552
4 3.2252252252252256 0.4941943946289047
4 3.2442442442442445 0.4955740617087387
4 3.2632632632632634 0.4969350712309698
4 3.2822822822822824 0.4982776963732739
4 3.3013013013013013 0.49960220537468714
4 3.3203203203203207 0.5009088616622479
4 3.3393393393393396 0.5021979239731849
4 3.3583583583583585 0.503469646472836
4 3.3773773773773774 0.504724278868478
4 3.396396396396397 0.5059620665192354
4 3.4154154154154157 0.5071832505422336
4 3.4344344344344346 0.5083880679151499
4 3.4534534534534536 0.5095937811916595
4 3.4724724724724725 0.5108087539522214
4 3.491491491491492 0.512008162969591
4 3.5105105105105108 0.513192221579896
4 3.5295295295295297 0.5143611395716746
4 3.5485485485485486 0.5155151232692435
4 3.567567567567568 0.5166543756133302
4 3.586586586586587 0.517779096239082
4 3.605605605605606 0.5188894815515526
4 3.6246246246246248 0.5199857247987667
4 3.6436436436436437 0.5210680161424569
4 3.662662662662663 0.5221365427265631
4 3.681681681681682 0.5231914887435822
4 3.700700700700701 0.5242330354988503
4 3.71971971971972 0.5252613614728359
4 3.738738738738739 0.5263016387107791
4 3.757757757757758 0.5273461367966074
4 3.776776776776777 0.5283780012804864
4 3.795795795795796 0.5293973933483842
4 3.814814814814815 0.5304044717527726
4 3.8338338338338342 0.5313993928639617
4 3.852852852852853 0.5323823107198947
4 3.871871871871872 0.5333533770744545
4 3.890890890890891 0.534312741444338
4 3.90990990990991 0.5352605511545548
4 3.9289289289289293 0.5361969513825948
4 3.9479479479479482 0.5371220852013174
4 3.966966966966967 0.538036093620606
4 3.985985985985986 0.538939115627835
4 4.005005005005005 0.5398312882271882
4 4.024024024024024 0.5407127464778742
4 4.043043043043044 0.5415836235312742
4 4.062062062062062 0.5424831913305165
4 4.081081081081081 0.5433750645483514
4 4.1001001001001 0.5442567718487423
4 4.119119119119119 0.5451284338164175
4 4.138138138138139 0.5459901693872644
4 4.157157157157157 0.5468420958792963
4 4.176176176176177 0.547684329022777
4 4.195195195195195 0.5485169829895236
4 4.2142142142142145 0.5493401704214242
4 4.233233233233234 0.5501540024581921
4 4.252252252252252 0.5509585887643835
4 4.271271271271272 0.5517540375557055
4 4.29029029029029 0.5525404556246353
4 4.3093093093093096 0.5533179483653766
4 4.328328328328329 0.5540866197981744
4 4.347347347347347 0.5548465725930074
4 4.366366366366367 0.5555979080926835
4 4.385385385385385 0.5563407263353524
4 4.404404404404405 0.5570779113342799
4 4.423423423423424 0.5578452087535364
4 4.442442442442443 0.5586042795898084
4 4.461461461461462 0.5593552146206711
4 4.48048048048048 0.5600981034949404
4 4.4994994994995 0.5608330347516013
4 4.518518518518519 0.5615600958382652
4 4.537537537537538 0.5622793731291736
4 4.556556556556557 0.5629909519427618
4 4.575575575575575 0.5636949165587942
4 4.594594594594595 0.5643913502350895
4 4.613613613613614 0.565080335223844
4 4.6326326326326335 0.5657619527875695
4 4.651651651651652 0.5664362832146537
4 4.67067067067067 0.5671034058345608
4 4.68968968968969 0.567763399032676
4 4.708708708708709 0.5684163402648121
4 4.7277277277277285 0.5690623060713831
4 4.746746746746747 0.5697013720912589
4 4.7657657657657655 0.5703336130753078
4 4.784784784784785 0.5709591028996395
4 4.803803803803804 0.571577914578553
4 4.822822822822824 0.5722110658732055
4 4.841841841841842 0.5728572153838501
4 4.8608608608608606 0.5734968702389792
4 4.87987987987988 0.5741300968494469
4 4.898898898898899 0.5747569608812012
4 4.917917917917919 0.5753775272662252
4 4.936936936936937 0.5759918602132384
4 4.9559559559559565 0.5766000232181635
4 4.974974974974975 0.5772020790743633
4 4.993993993993994 0.5777980898826599
4 5.013013013013014 0.5783881170611371
4 5.032032032032032 0.5789722213547355
4 5.051051051051052 0.579550462844644
4 5.07007007007007 0.5801229009574976
4 5.089089089089089 0.5806895944743818
4 5.108108108108109 0.5812506015396525
4 5.127127127127127 0.5818059796695766
4 5.146146146146147 0.5823557857607967
4 5.165165165165165 0.5829000760986267
4 5.1841841841841845 0.5834389063651804
4 5.203203203203204 0.5839723316473425
4 5.222222222222222 0.5845004064445802
4 5.241241241241242 0.5850231846766054
4 5.26026026026026 0.5855407196908876
4 5.2792792792792795 0.5860530642700243
4 5.298298298298299 0.586587282734206
4 5.317317317317317 0.5871289278057736
4 5.336336336336337 0.5876654855903538
4 5.355355355355356 0.5881970042065843
4 5.374374374374375 0.5887235312863981
4 5.393393393393394 0.5892451139812515
4 5.412412412412412 0.5897617989682318
4 5.431431431431432 0.5902736324560478
4 5.450450450450451 0.5907806601909055
4 5.46946946946947 0.5912829274622714
4 5.488488488488489 0.5917804791085293
4 5.5075075075075075 0.5922733595225294
4 5.526526526526527 0.5927616126570361
4 5.545545545545546 0.5932452820300761
4 5.564564564564565 0.5937244107301873
4 5.583583583583584 0.5941990414215743
4 5.602602602602603 0.5946692163491709
4 5.621621621621622 0.5951349773436128
4 5.640640640640641 0.5955963658261226
4 5.65965965965966 0.5960534228133099
4 5.678678678678679 0.596506188921886
4 5.6976976976976985 0.5969547043733012
4 5.716716716716717 0.5973990089982987
4 5.735735735735736 0.5978391422413952
4 5.754754754754755 0.5982751431652835
4 5.773773773773774 0.5987070504551641
4 5.792792792792794 0.599134902423003
4 5.811811811811812 0.5995587370117225
4 5.830830830830831 0.5999785917993202
4 5.84984984984985 0.6004240646381396
4 5.868868868868869 0.6008744370697345
4 5.887887887887889 0.6013208728099733
4 5.906906906906907 0.6017634062044677
4 5.9259259259259265 0.6022020712860627
4 5.944944944944945 0.602636901778298
4 5.963963963963964 0.603067931098813
4 5.982982982982984 0.6034951923626926
4 6.002002002002002 0.6039187183857605
4 6.0210210210210215 0.6043385416878162
4 6.04004004004004 0.6047546944958213
4 6.059059059059059 0.6051672087470322
4 6.078078078078079 0.6055761160920852
4 6.097097097097097 0.6059814478980303
4 6.116116116116117 0.6063832352513191
4 6.135135135135136 0.6067815089607443
4 6.1541541541541545 0.6071762995603354
4 6.173173173173174 0.6075676373122085
4 6.192192192192192 0.6079555522093738
4 6.211211211211212 0.6083400739784991
4 6.230230230230231 0.6087212320826338
4 6.2492492492492495 0.6090990557238913
4 6.268268268268269 0.609473573846091
4 6.287287287287287 0.6098448151373633
4 6.306306306306307 0.6102128080327165
4 6.325325325325326 0.610577580716565
4 6.344344344344345 0.6109391611252235
4 6.363363363363364 0.611297576949365
4 6.382382382382382 0.6116528556364441
4 6.401401401401402 0.6120050243930858
4 6.420420420420421 0.6123541101874437
4 6.43943943943944 0.6127001397515234
4 6.458458458458459 0.6130431395834747
4 6.477477477477478 0.6133831359498538
4 6.496496496496497 0.6137465091898202
4 6.515515515515516 0.6141175853580811
4 6.534534534534535 0.6144856577083531
4 6.553553553553554 0.614850750323952
4 6.572572572572573 0.6152128870911325
4 6.591591591591592 0.615572091700961
4 6.610610610610611 0.6159283876511639
4 6.62962962962963 0.6162817982479488
4 6.648648648648649 0.6166323466078004
4 6.6676676676676685 0.6169800556592518
4 6.686686686686687 0.6173249481446302
4 6.705705705705706 0.6176670466217801
4 6.724724724724725 0.6180063734657636
4 6.743743743743744 0.6183429508705341
4 6.762762762762764 0.618676800850594
4 6.781781781781782 0.6190079452426231
4 6.800800800800801 0.619336405707092
4 6.81981981981982 0.6196622037298504
4 6.838838838838839 0.6199853606236962
4 6.857857857857859 0.6203058975299254
4 6.876876876876877 0.6206238354198598
4 6.8958958958958965 0.6209391950963584
4 6.914914914914916 0.621251997195307
4 6.933933933933934 0.6215622621870918
4 6.952952952952954 0.6218700103780522
4 6.971971971971972 0.6221752619119192
4 6.9909909909909915 0.6224780367712321
4 7.010010010010011 0.6227783547787422
4 7.029029029029029 0.6230762355987962
4 7.048048048048049 0.6233716987387061
4 7.067067067067067 0.6236647635501015
4 7.086086086086087 0.6239554492302651
4 7.105105105105106 0.6242437748234554
4 7.124124124124124 0.6245297592222107
4 7.143143143143144 0.6248134211686422
4 7.162162162162162 0.6250947792557087
4 7.181181181181182 0.6253738519284787
4 7.200200200200201 0.6256506574853787
4 7.2192192192192195 0.6259252140794269
4 7.238238238238239 0.6261975397194528
4 7.257257257257257 0.6264692441772061
4 7.276276276276277 0.6267726543513474
4 7.295295295295296 0.6270738037127983
4 7.314314314314315 0.6273727088389838
4 7.333333333333334 0.6276693861857383
4 7.352352352352353 0.627963852088295
4 7.371371371371372 0.6282561227622621
4 7.390390390390391 0.6285462143045899
4 7.40940940940941 0.628834142694525
4 7.428428428428429 0.6291199237945537
4 7.447447447447448 0.6294035733513355
4 7.466466466466467 0.6296851069966244
4 7.485485485485486 0.6299645402481814
4 7.504504504504505 0.6302418885106758
4 7.523523523523524 0.6305171670765769
4 7.542542542542543 0.6307903911270362
4 7.561561561561562 0.6310615757327578
4 7.580580580580581 0.6313307358548633
4 7.5995995995996 0.6315978863457435
4 7.618618618618619 0.6318630419499032
4 7.6376376376376385 0.6321262173047959
4 7.656656656656657 0.6323874269416513
4 7.675675675675676 0.6326466852862914
4 7.694694694694695 0.6329040066599413
4 7.713713713713714 0.633159405280029
4 7.7327327327327335 0.6334128952609787
4 7.751751751751752 0.6336644906149953
4 7.770770770770771 0.6339142052528408
4 7.789789789789791 0.6341620529846034
4 7.808808808808809 0.6344080475204587
4 7.827827827827829 0.6346522024714235
4 7.846846846846847 0.6348945313501025
4 7.8658658658658664 0.6351350475714268
4 7.884884884884886 0.6353737644533853
4 7.903903903903904 0.6356106952177506
4 7.922922922922924 0.6358458529907969
4 7.941941941941942 0.6360792508040096
4 7.9609609609609615 0.636310901594792
4 7.979979979979981 0.6365408182071608
4 7.998998998998999 0.6367690133924391
4 8.018018018018019 0.6369954998099404
4 8.037037037037038 0.6372202900276474
4 8.056056056056057 0.6374433965228846
4 8.075075075075077 0.6376648316829847
4 8.094094094094094 0.6378846078059482
4 8.113113113113114 0.6381027371010985
4 8.132132132132133 0.6383192316897303
4 8.15115115115115 0.6385341036057521
4 8.17017017017017 0.6387473647963235
4 8.18918918918919 0.6389590271224875
4 8.208208208208209 0.6391931365842098
4 8.227227227227228 0.6394352886965701
4 8.246246246246248 0.6396757917387687
4 8.265265265265267 0.6399146567017785
4 8.284284284284285 0.6401518945046536
4 8.303303303303304 0.6403875159950244
4 8.322322322322323 0.6406215319495879
4 8.34134134134134 0.6408539530745937
4 8.36036036036036 0.6410847900063248
4 8.37937937937938 0.6413140533115755
4 8.398398398398399 0.641541753488123
4 8.417417417417418 0.6417679009651956
4 8.436436436436438 0.6419925061039371
4 8.455455455455457 0.6422155791978668
4 8.474474474474475 0.6424371304733337
4 8.493493493493494 0.6426571700899708
4 8.512512512512513 0.6428757081411401
4 8.531531531531531 0.643092754654378
4 8.55055055055055 0.6433083195918348
4 8.56956956956957 0.6435224128507104
4 8.588588588588589 0.6437350442636881
4 8.607607607607608 0.6439462235993616
4 8.626626626626628 0.6441559605626612
4 8.645645645645647 0.6443642647952749
4 8.664664664664667 0.6445711458760669
4 8.683683683683684 0.6447766133214922
4 8.702702702702704 0.6449806765860064
4 8.721721721721721 0.6451833450624754
4 8.74074074074074 0.645384628082579
4 8.75975975975976 0.6455845349172119
4 8.77877877877878 0.6457830747768819
4 8.797797797797799 0.6459802568121051
4 8.816816816816818 0.6461760901137968
4 8.835835835835837 0.6463705837136611
4 8.854854854854857 0.6465637465845752
4 8.873873873873874 0.6467555876409729
4 8.892892892892894 0.6469461157392239
4 8.911911911911913 0.6471353396780106
4 8.93093093093093 0.6473232681987012
4 8.94994994994995 0.6475099099857219
4 8.96896896896897 0.6476952736669228
4 8.987987987987989 0.6478793678139456
4 9.007007007007008 0.648062200942585
4 9.026026026026027 0.6482437815131484
4 9.045045045045045 0.6484241179308136
4 9.064064064064064 0.6486032185459827
4 9.083083083083084 0.648781091654635
4 9.102102102102103 0.6489577454986754
4 9.121121121121122 0.6491331882662817
4 9.14014014014014 0.6493074280922491
4 9.15915915915916 0.6494804730583313
4 9.178178178178179 0.6496523311935805
4 9.197197197197198 0.6498230104746843
4 9.216216216216218 0.6499925188262999
4 9.235235235235235 0.6501608641213865
4 9.254254254254255 0.6503280541815349
4 9.273273273273274 0.6504940967772956
4 9.292292292292293 0.6506589996285032
4 9.311311311311313 0.6508227704045998
4 9.33033033033033 0.6509854167249557
4 9.34934934934935 0.651146946159188
4 9.368368368368369 0.6513304262091475
4 9.387387387387388 0.6515213902531523
4 9.406406406406408 0.6517111765786376
4 9.425425425425425 0.6518997922642901
4 9.444444444444445 0.6520872443476617
4 9.463463463463464 0.6522735398254086
4 9.482482482482483 0.6524586856535286
4 9.501501501501503 0.6526426887475977
4 9.52052052052052 0.6528255559830031
4 9.53953953953954 0.653007294195176
4 9.558558558558559 0.6531879101798221
4 9.577577577577578 0.653367410693151
4 9.596596596596598 0.6535458024521025
4 9.615615615615617 0.6537230921345746
4 9.634634634634635 0.6538992863796451
4 9.653653653653654 0.6540743917877962
4 9.672672672672673 0.6542484149211354
4 9.691691691691693 0.6544213623036138
4 9.710710710710712 0.6545932404212463
4 9.72972972972973 0.6547640557223263
4 9.74874874874875 0.6549338146176427
4 9.767767767767769 0.6551025234806918
4 9.786786786786788 0.6552701886478918
4 9.805805805805807 0.6554368164187917
4 9.824824824824825 0.6556024130562822
4 9.843843843843844 0.6557669847868032
4 9.862862862862864 0.6559305378005511
4 9.881881881881883 0.6560930782516838
4 9.900900900900902 0.656254612258525
4 9.91991991991992 0.6564151459037674
4 9.93893893893894 0.6565746852346738
4 9.957957957957959 0.6567332362632776
4 9.976976976976978 0.6568908049665816
4 9.995995995995997 0.6570473972867557
4 10.015015015015015 0.6572030191313337
4 10.034034034034034 0.6573576763734087
4 10.053053053053054 0.6575113748518261
4 10.072072072072073 0.6576641203713778
4 10.091091091091092 0.657815918702993
4 10.11011011011011 0.6579667755839292
4 10.12912912912913 0.6581166967179608
4 10.148148148148149 0.6582656877755684
4 10.167167167167168 0.6584137543941245
4 10.186186186186188 0.6585609021780804
4 10.205205205205205 0.6587071366991505
4 10.224224224224224 0.6588524634964962
4 10.243243243243244 0.658996888076908
4 10.262262262262263 0.6591404159149881
4 10.281281281281283 0.6592830524533294
4 10.3003003003003 0.6594248031026959
4 10.31931931931932 0.6595656732422003
4 10.338338338338339 0.6597056682194816
4 10.357357357357358 0.6598447933508818
4 10.376376376376378 0.6599830539216196
4 10.395395395395397 0.6601204551859666
4 10.414414414414415 0.660257002367418
4 10.433433433433434 0.6603927006588676
4 10.452452452452453 0.6605275552227765
4 10.471471471471473 0.6606615711913445
4 10.490490490490492 0.6607947536666792
4 10.50950950950951 0.6609271077209642
4 10.528528528528529 0.6610586383966263
4 10.547547547547548 0.6611893507065016
4 10.566566566566568 0.6613192496340011
4 10.585585585585587 0.6614483401332761
4 10.604604604604605 0.6615766271293798
4 10.623623623623624 0.6617041155184319
4 10.642642642642643 0.6618308101677788
4 10.661661661661663 0.661956715916155
4 10.680680680680682 0.662081837573844
4 10.6996996996997 0.662206179922835
4 10.71871871871872 0.6623297477169836
4 10.737737737737739 0.6624525456821674
4 10.756756756756758 0.6625745785164424
4 10.775775775775777 0.6626958508902002
4 10.794794794794795 0.6628163674463207
4 10.813813813813814 0.6629361328003266
4 10.832832832832834 0.6630725609025704
4 10.851851851851853 0.6632202618582769
4 10.870870870870872 0.6633671473197474
4 10.88988988988989 0.6635132216617202
4 10.90890890890891 0.6636584892365202
4 10.927927927927929 0.6638029543741681
4 10.946946946946948 0.6639466213824899
4 10.965965965965967 0.6640894945472258
4 10.984984984984985 0.664231578132137
4 11.004004004004004 0.6643728763791139
4 11.023023023023024 0.6645133935082831
4 11.042042042042043 0.6646531337181127
4 11.061061061061062 0.6647921011855187
4 11.08008008008008 0.6649303000659694
4 11.0990990990991 0.6650677344935911
4 11.118118118118119 0.6652044085812701
4 11.137137137137138 0.6653403264207582
4 11.156156156156158 0.6654754920827743
4 11.175175175175177 0.6656099096171071
4 11.194194194194194 0.665743583052717
4 11.213213213213214 0.665876516397837
4 11.232232232232233 0.6660087136400739
4 11.251251251251253 0.6661401787465088
4 11.270270270270272 0.6662709156637956
4 11.28928928928929 0.6664009283182624
4 11.308308308308309 0.6665302206160073
4 11.327327327327328 0.6666587964429999
4 11.346346346346348 0.6667866596651759
4 11.365365365365367 0.6669138141285368
4 11.384384384384385 0.6670402636592457
4 11.403403403403404 0.6671660120637232
4 11.422422422422423 0.6672910631287439
4 11.441441441441443 0.6674154206215311
4 11.460460460460462 0.6675390882898526
4 11.47947947947948 0.6676620698621144
4 11.498498498498499 0.6677843690474542
4 11.517517517517518 0.6679059895358361
4 11.536536536536538 0.6680269349981428
4 11.555555555555557 0.6681472090862682
4 11.574574574574575 0.6682668154332101
4 11.593593593593594 0.668385757653161
4 11.612612612612613 0.6685040393416
4 11.631631631631633 0.6686216640753836
4 11.650650650650652 0.6687386354128357
4 11.66966966966967 0.668854956893838
4 11.68868868868869 0.6689706320399189
4 11.707707707707709 0.6690856643543432
4 11.726726726726728 0.6692000573222004
4 11.745745745745747 0.6693138144104936
4 11.764764764764765 0.6694269390682258
4 11.783783783783784 0.669539434726489
4 11.802802802802804 0.6696513047985505
4 11.821821821821823 0.6697625526799392
4 11.840840840840842 0.6698731817485325
4 11.85985985985986 0.6699831953646413
4 11.87887887887888 0.6700925968710966
4 11.897897897897899 0.6702013895933323
4 11.916916916916918 0.6703095768394726
4 11.935935935935937 0.6704171619004141
4 11.954954954954957 0.6705241480499105
4 11.973973973973974 0.6706305385446557
4 11.992992992992994 0.6707363366243672
4 12.012012012012013 0.6708415455118687
4 12.031031031031032 0.670946168413172
4 12.050050050050052 0.671050208517559
4 12.06906906906907 0.6711536689976639
4 12.088088088088089 0.6712565530095533
4 12.107107107107108 0.6713588636928083
4 12.126126126126128 0.6714606041706036
4 12.145145145145147 0.6715617775497881
4 12.164164164164164 0.6716623869209647
4 12.183183183183184 0.6717624353585697
4 12.202202202202203 0.6718619259209516
4 12.221221221221223 0.6719608616504494
4 12.240240240240242 0.6720592455734714
4 12.25925925925926 0.6721570807005729
4 12.278278278278279 0.6722543700265334
4 12.297297297297298 0.6723511165304344
4 12.316316316316318 0.6724473231757359
4 12.335335335335337 0.6725429929103527
4 12.354354354354355 0.672638128666731
4 12.373373373373374 0.6727327333619237
4 12.392392392392393 0.6728268098976667
4 12.411411411411413 0.672920361160453
4 12.430430430430432 0.6730133900216079
4 12.44944944944945 0.6731058993373639
4 12.468468468468469 0.6731978919489342
4 12.487487487487488 0.673289370682587
4 12.506506506506508 0.6733803383497184
4 12.525525525525527 0.6734707977469258
4 12.544544544544545 0.6735607516560806
4 12.563563563563564 0.6736502028444015
4 12.582582582582583 0.673739154064525
4 12.601601601601603 0.6738276080545783
4 12.620620620620622 0.6739155675382514
4 12.63963963963964 0.6740030352248665
4 12.65865865865866 0.6740900138094507
4 12.677677677677679 0.674176505972805
4 12.696696696696698 0.6742625143815759
4 12.715715715715717 0.6743480416883244
4 12.734734734734735 0.6744390331988099
4 12.753753753753754 0.6745505865422463
4 12.772772772772774 0.6746615966111107
4 12.791791791791793 0.6747720659710307
4 12.810810810810812 0.6748819971761673
4 12.829829829829832 0.6749913927692607
4 12.84884884884885 0.675100255281678
4 12.867867867867869 0.6752085872334599
4 12.886886886886888 0.6753163911333662
4 12.905905905905907 0.6754236694789234
4 12.924924924924927 0.6755304247564706
4 12.943943943943944 0.6756366594412047
4 12.962962962962964 0.6757423759972266
4 12.981981981981983 0.675847576877588
4 13.001001001001002 0.675952264524334
4 13.020020020020022 0.6760564413685513
4 13.03903903903904 0.6761601098304117
4 13.058058058058059 0.6762632723192173
4 13.077077077077078 0.6763659312334456
4 13.096096096096097 0.6764680889607929
4 13.115115115115117 0.6765697478782204
4 13.134134134134134 0.6766709103519972
4 13.153153153153154 0.6767715787377443
4 13.172172172172173 0.6768717553804792
4 13.191191191191193 0.6769714426146594
4 13.210210210210212 0.6770706427642253
4 13.22922922922923 0.6771693581426446
4 13.248248248248249 0.6772675910529545
4 13.267267267267268 0.6773653437878053
4 13.286286286286288 0.6774626186295035
4 13.305305305305307 0.6775594178500537
4 13.324324324324325 0.677655743711202
4 13.343343343343344 0.6777515984644782
4 13.362362362362363 0.6778469843512376
4 13.381381381381383 0.6779419036027035
4 13.400400400400402 0.6780363584400089
4 13.41941941941942 0.6781303510742387
4 13.438438438438439 0.6782238837064707
4 13.457457457457458 0.6783169585278174
4 13.476476476476478 0.6784095777194673
4 13.495495495495497 0.678501743452726
4 13.514514514514515 0.6785934578890571
4 13.533533533533534 0.6786847231801233
4 13.552552552552553 0.6787755414678266
4 13.571571571571573 0.6788659148843494
4 13.590590590590592 0.6789558455521948
4 13.609609609609612 0.6790453355842262
4 13.62862862862863 0.6791343870837081
4 13.647647647647648 0.679223002144346
4 13.666666666666668 0.6793111828503261
4 13.685685685685687 0.679398931276354
4 13.704704704704707 0.679486249487696
4 13.723723723723724 0.6795731395402171
4 13.742742742742744 0.6796596034804209
4 13.761761761761763 0.6797456433454877
4 13.780780780780782 0.6798312611633147
4 13.799799799799802 0.6799164589525541
4 13.81881881881882 0.6800012387226522
4 13.837837837837839 0.6800856024738863
4 13.856856856856858 0.6801695521974055
4 13.875875875875877 0.6802530898752671
4 13.894894894894897 0.6803362174804756
4 13.913913913913914 0.6804189369770197
4 13.932932932932934 0.6805012503199115
4 13.951951951951953 0.6805831594552222
4 13.970970970970972 0.6806646663201219
4 13.989989989989992 0.6807457728429155
4 14.00900900900901 0.6808264809430797
4 14.028028028028029 0.6809067925313015
4 14.047047047047048 0.6809867095095136
4 14.066066066066067 0.6810662337709324
4 14.085085085085087 0.6811453672000946
4 14.104104104104104 0.6812241116728925
4 14.123123123123124 0.6813024690566123
4 14.142142142142143 0.6813804412099692
4 14.161161161161163 0.6814580299831436
4 14.180180180180182 0.6815352372178174
4 14.1991991991992 0.6816120647472101
4 14.218218218218219 0.6816885143961147
4 14.237237237237238 0.6817645879809319
4 14.256256256256258 0.6818402873097076
4 14.275275275275277 0.6819156141821673
4 14.294294294294295 0.6819905703897507
4 14.313313313313314 0.6820651577156488
4 14.332332332332333 0.6821393779348363
4 14.351351351351353 0.6822132328141086
4 14.370370370370372 0.6822867241121152
4 14.38938938938939 0.6823598535793953
4 14.408408408408409 0.6824326229584119
4 14.427427427427428 0.6825050339835854
4 14.446446446446448 0.6825770883813285
4 14.465465465465467 0.6826487878700812
4 14.484484484484486 0.6827201341603433
4 14.503503503503504 0.6827911289547082
4 14.522522522522523 0.6828617739478984
4 14.541541541541543 0.6829320708267969
4 14.560560560560562 0.6830020212704823
4 14.579579579579582 0.6830716269502614
4 14.598598598598599 0.6831408895297024
4 14.617617617617618 0.6832098106646686
4 14.636636636636638 0.6832783920033506
4 14.655655655655657 0.6833466351862997
4 14.674674674674677 0.6834145418464607
4 14.693693693693694 0.6834821136092039
4 14.712712712712714 0.6835493520923579
4 14.731731731731733 0.6836162589062428
4 14.750750750750752 0.6836828356537012
4 14.769769769769772 0.683749083930131
4 14.78878878878879 0.6838150053235172
4 14.807807807807809 0.6838806014144644
4 14.826826826826828 0.6839458737762271
4 14.845845845845847 0.6840108239747434
4 14.864864864864867 0.684075453568665
4 14.883883883883884 0.6841397641093891
4 14.902902902902904 0.68420375714109
4 14.921921921921923 0.6842674342007496
4 14.940940940940942 0.6843307968181898
4 14.959959959959962 0.6843938465161014
4 14.97897897897898 0.6844565848100768
4 14.997997997997999 0.6845190132086403
4 15.017017017017018 0.684581133213278
4 15.036036036036037 0.6846429463184688
4 15.055055055055057 0.6847044540117151
4 15.074074074074074 0.6847656577735725
4 15.093093093093094 0.6848265590776802
4 15.112112112112113 0.6848871593907914
4 15.131131131131133 0.6849474601728023
4 15.150150150150152 0.685007462876783
4 15.16916916916917 0.6850671689490063
4 15.188188188188189 0.6851265798289783
4 15.207207207207208 0.6851856969494666
4 15.226226226226228 0.685244521736531
4 15.245245245245247 0.6853030556095515
4 15.264264264264266 0.6853612999812586
4 15.283283283283284 0.6854192562577619
4 15.302302302302303 0.6854769258385782
4 15.321321321321323 0.6855539995848136
4 15.340340340340342 0.6856353217405448
4 15.359359359359361 0.6857163013317444
4 15.378378378378379 0.6857969397565844
4 15.397397397397398 0.6858772384078647
4 15.416416416416418 0.6859571986730343
4 15.435435435435437 0.686036821934208
4 15.454454454454456 0.6861161095681858
4 15.473473473473474 0.6861950629464704
4 15.492492492492493 0.6862736834352857
4 15.511511511511513 0.686351972395594
4 15.530530530530532 0.6864299311831163
4 15.549549549549551 0.6865075611483479
4 15.568568568568569 0.6865848636365772
4 15.587587587587588 0.6866618399879043
4 15.606606606606608 0.6867384915372581
4 15.625625625625627 0.6868148196144144
4 15.644644644644647 0.6868908255440135
4 15.663663663663664 0.6869665106455779
4 15.682682682682684 0.6870418762335304
4 15.701701701701703 0.687116923617211
4 15.720720720720722 0.6871916541008952
4 15.739739739739742 0.687266068983811
4 15.75875875875876 0.6873401695601568
4 15.777777777777779 0.6874139571191176
4 15.796796796796798 0.6874874329448846
4 15.815815815815817 0.6875605983166699
4 15.834834834834837 0.6876334545087267
4 15.853853853853854 0.6877060027903633
4 15.872872872872874 0.6877782444259631
4 15.891891891891893 0.6878501806749994
4 15.910910910910912 0.6879218127920547
4 15.929929929929932 0.6879931420268355
4 15.94894894894895 0.6880641696241915
4 15.967967967967969 0.6881348968241306
4 15.986986986986988 0.6882053248618367
4 16.006006006006007 0.6882754549676866
4 16.025025025025027 0.6883452883672668
4 16.044044044044046 0.6884148262813895
4 16.063063063063062 0.6884840699261101
4 16.08208208208208 0.688553020512744
4 16.1011011011011 0.6886216792478823
4 16.12012012012012 0.6886900473334086
4 16.13913913913914 0.688758125966516
4 16.15815815815816 0.6888259163397238
4 16.177177177177178 0.6888934196408931
4 16.196196196196198 0.6889606370532424
4 16.215215215215217 0.6890275697553668
4 16.234234234234236 0.6890942189212508
4 16.253253253253256 0.6891605857202872
4 16.272272272272275 0.6892266713172921
4 16.291291291291294 0.6892924768725206
4 16.310310310310314 0.689358003541684
4 16.329329329329333 0.6894232524759654
4 16.34834834834835 0.6894882248220349
4 16.36736736736737 0.689552921722067
4 16.386386386386388 0.6896173443137552
4 16.405405405405407 0.6896814937303289
4 16.424424424424426 0.6897453711005682
4 16.443443443443442 0.6898089775488205
4 16.46246246246246 0.6898723141950157
4 16.48148148148148 0.6899353821546823
4 16.5005005005005 0.6899981825389625
4 16.51951951951952 0.6900607164546285
4 16.53853853853854 0.6901229850040972
4 16.55755755755756 0.6901849892854461
4 16.576576576576578 0.6902467303924295
4 16.595595595595597 0.6903082094144923
4 16.614614614614617 0.6903694274367868
4 16.633633633633636 0.6904303855401869
4 16.652652652652655 0.6904910848013046
4 16.671671671671675 0.690551526292504
4 16.690690690690694 0.6906117110819178
4 16.709709709709713 0.6906716402334608
4 16.72872872872873 0.6907313148068461
4 16.74774774774775 0.6907907358576008
4 16.766766766766768 0.6908499044370788
4 16.785785785785787 0.690908821592478
4 16.804804804804807 0.6909674883668544
4 16.823823823823826 0.6910259057991363
4 16.842842842842842 0.69108407492414
4 16.86186186186186 0.6911419967725848
4 16.88088088088088 0.6911996723711065
4 16.8998998998999 0.6912571027422736
4 16.91891891891892 0.6913142889046008
4 16.93793793793794 0.6913712318725643
4 16.956956956956958 0.6914279326566162
4 16.975975975975977 0.6914843922631987
4 16.994994994994997 0.6915406116947589
4 17.014014014014016 0.6915965919497639
4 17.033033033033036 0.6916523340227133
4 17.052052052052055 0.691707838904156
4 17.07107107107107 0.6917631075807024
4 17.09009009009009 0.6918181410350401
4 17.10910910910911 0.6918729402459477
4 17.12812812812813 0.6919275061883084
4 17.147147147147148 0.691981839833125
4 17.166166166166168 0.6920359421475338
4 17.185185185185187 0.6920898140948183
4 17.204204204204206 0.6921434566344232
4 17.223223223223226 0.6921968707219693
4 17.242242242242245 0.6922500573092664
4 17.261261261261264 0.6923030173443274
4 17.28028028028028 0.6923557517713825
4 17.2992992992993 0.6924082615308934
4 17.31831831831832 0.6924605475595655
4 17.33733733733734 0.6925126107903636
4 17.356356356356358 0.6925644521525236
4 17.375375375375377 0.6926160725715687
4 17.394394394394396 0.69266747296932
4 17.413413413413416 0.6927186542639123
4 17.432432432432435 0.692769617369807
4 17.451451451451454 0.692820363197805
4 17.47047047047047 0.6928708926550614
4 17.48948948948949 0.6929212066450973
4 17.50850850850851 0.6929713060678145
4 17.52752752752753 0.6930211918195079
4 17.546546546546548 0.6930708647928799
4 17.565565565565567 0.6931203258770523
4 17.584584584584587 0.6931695759575802
4 17.603603603603606 0.6932186159164656
4 17.622622622622625 0.6932674466321694
4 17.641641641641645 0.6933160689796255
4 17.66066066066066 0.6933644838302532
4 17.67967967967968 0.6934126920519706
4 17.6986986986987 0.6934606945092074
4 17.71771771771772 0.6935084920629179
4 17.736736736736738 0.6935560855705933
4 17.755755755755757 0.6936034758862758
4 17.774774774774777 0.69365066386057
4 17.793793793793796 0.6936976503406564
4 17.812812812812815 0.6937444361703045
4 17.831831831831835 0.6937910221898843
4 17.85085085085085 0.6938374092363803
4 17.86986986986987 0.6938835981434027
4 17.88888888888889 0.6939295897412013
4 17.90790790790791 0.6939753848566775
4 17.926926926926928 0.694020984313396
4 17.945945945945947 0.6940663889315989
4 17.964964964964967 0.6941115995282163
4 17.983983983983986 0.69415661691688
4 18.003003003003005 0.6942014419079354
4 18.022022022022025 0.6942460753084535
4 18.04104104104104 0.6942905179222434
4 18.06006006006006 0.6943347705498649
4 18.07907907907908 0.6943788339886398
4 18.0980980980981 0.6944227090326647
4 18.117117117117118 0.694466396472823
4 18.136136136136138 0.6945098970967974
4 18.155155155155157 0.6945532116890799
4 18.174174174174176 0.6945963410309868
4 18.193193193193196 0.6946392859006684
4 18.212212212212215 0.6946820470731218
4 18.231231231231234 0.6947246253202024
4 18.25025025025025 0.6947670214106364
4 18.26926926926927 0.6948092361100318
4 18.28828828828829 0.6948512701808905
4 18.30730730730731 0.6948931243826199
4 18.326326326326328 0.694934799471545
4 18.345345345345347 0.6949762962009192
4 18.364364364364366 0.6950176153209373
4 18.383383383383386 0.6950587575787451
4 18.402402402402405 0.6950997237184529
4 18.421421421421424 0.6951405144811456
4 18.44044044044044 0.6951811306048946
4 18.45945945945946 0.6952215728247704
4 18.47847847847848 0.6952618418728512
4 18.4974974974975 0.6953019384782371
4 18.516516516516518 0.6953418633670597
4 18.535535535535537 0.6953816172624945
4 18.554554554554556 0.6954212008847706
4 18.573573573573576 0.6954606149511834
4 18.592592592592595 0.6954998601761054
4 18.611611611611615 0.6955389372709969
4 18.63063063063063 0.695577846944417
4 18.64964964964965 0.6956165899020353
4 18.66866866866867 0.6956551668466426
4 18.68768768768769 0.6956935784781618
4 18.706706706706708 0.6957318254936589
4 18.725725725725727 0.6957699085873538
4 18.744744744744747 0.6958078284506313
4 18.763763763763766 0.6958455857720522
4 18.782782782782785 0.6958831812373636
4 18.801801801801805 0.69592061552951
4 18.82082082082082 0.6959578893286436
4 18.83983983983984 0.6959950033121357
4 18.85885885885886 0.696031958154587
4 18.87787787787788 0.6960687545278377
4 18.896896896896898 0.6961053931009792
4 18.915915915915917 0.6961418745403638
4 18.934934934934937 0.6961781995096152
4 18.953953953953956 0.696218325307253
4 18.972972972972975 0.6962756077433986
4 18.991991991991995 0.6963326871222966
4 19.011011011011014 0.6963895641413868
4 19.03003003003003 0.6964462394958602
4 19.04904904904905 0.696502713878667
4 19.06806806806807 0.6965589879805216
4 19.087087087087088 0.6966150624899092
4 19.106106106106107 0.6966709380930932
4 19.125125125125127 0.6967266154741198
4 19.144144144144146 0.6967820953148253
4 19.163163163163166 0.6968373782948423
4 19.182182182182185 0.6968924650916052
4 19.201201201201204 0.6969473563803579
4 19.22022022022022 0.697002052834158
4 19.23923923923924 0.6970565551238851
4 19.25825825825826 0.6971108639182451
4 19.27727727727728 0.6971649798837779
4 19.296296296296298 0.6972189036848627
4 19.315315315315317 0.6972726359837242
4 19.334334334334336 0.6973261774404393
4 19.353353353353356 0.6973795287129423
4 19.372372372372375 0.6974326904570318
4 19.391391391391394 0.6974856633263772
4 19.41041041041041 0.6975384479725226
4 19.42942942942943 0.6975910450448958
4 19.44844844844845 0.6976434551908122
4 19.46746746746747 0.6976956790554821
4 19.486486486486488 0.6977477172820162
4 19.505505505505507 0.697799570511431
4 19.524524524524526 0.6978512393826564
4 19.543543543543546 0.69790272453254
4 19.562562562562565 0.6979540265958543
4 19.581581581581585 0.6980051462053023
4 19.6006006006006 0.6980560839915233
4 19.61961961961962 0.6981068405830988
4 19.63863863863864 0.6981574166065586
4 19.65765765765766 0.6982078126863871
4 19.676676676676678 0.6982580294450281
4 19.695695695695697 0.698308067502892
4 19.714714714714717 0.6983579274783611
4 19.733733733733736 0.6984076099877952
4 19.752752752752755 0.6984571156455376
4 19.771771771771775 0.6985064450639217
4 19.790790790790794 0.6985555988532752
4 19.80980980980981 0.6986045776219281
4 19.82882882882883 0.6986533819762165
4 19.84784784784785 0.6987020125204898
4 19.866866866866868 0.6987504698571154
4 19.885885885885887 0.6987987545864853
4 19.904904904904907 0.6988468673070215
4 19.923923923923926 0.6988948086151818
4 19.942942942942945 0.6989425791054655
4 19.961961961961965 0.6989901793704193
4 19.980980980980984 0.699037610000643
4 20.0 0.6990848715847943
