5 1.0 1.0408342807010426e-10
5 1.019019019019019 0.01468313783379198
5 1.038038038038038 0.028839759688991967
5 1.057057057057057 0.042500104080583995
5 1.0760760760760761 0.05568827594293246
5 1.095095095095095 0.06842526304405291
5 1.1141141141141142 0.08073833355214538
5 1.1331331331331331 0.09264811080501423
5 1.1521521521521523 0.10416813503001825
5 1.1711711711711712 0.11531898954093103
5 1.1901901901901901 0.12612775837883916
5 1.2092092092092093 0.1365974297111425
5 1.2282282282282282 0.14674186775404344
5 1.2472472472472473 0.15659051198072177
5 1.2662662662662663 0.1661481481371522
5 1.2852852852852852 0.17542040950482035
5 1.3043043043043043 0.1844191770487063
5 1.3233233233233235 0.19318061590158692
5 1.3423423423423424 0.20169027096532588
5 1.3613613613613613 0.20995731605145554
5 1.3803803803803805 0.21799511994216086
5 1.3993993993993994 0.22583487973308528
5 1.4184184184184185 0.23345915820375915
5 1.4374374374374375 0.24087534864317486
5 1.4564564564564564 0.2480919471352434
5 1.4754754754754755 0.2551485648836785
5 1.4944944944944947 0.26201927883904036
5 1.5135135135135136 0.2687101173247732
5 1.5325325325325325 0.27522683829732475
5 1.5515515515515514 0.2816016215245366
5 1.5705705705705706 0.2878268094338851
5 1.5895895895895897 0.2938954298931777
5 1.6086086086086087 0.2998122390837812
5 1.6276276276276276 0.3055840642799307
5 1.6466466466466467 0.3112531401409444
5 1.6656656656656659 0.3167850915026128
5 1.6846846846846848 0.3221838816327807
5 1.7037037037037037 0.3274533179673291
5 1.7227227227227226 0.33260228924265733
5 1.7417417417417418 0.337669121532935
5 1.760760760760761 0.3426185172844499
5 1.7797797797797799 0.34745368056748666
5 1.7987987987987988 0.3521776977914902
5 1.817817817817818 0.35679354370833716
5 1.8368368368368369 0.36134390184882226
5 1.855855855855856 0.36580045545220535
5 1.874874874874875 0.3701582656132898
5 1.8938938938938938 0.3744198615419891
5 1.912912912912913 0.3785876866064559
5 1.9319319319319321 0.3826728349077961
5 1.950950950950951 0.3867100230750707
5 1.96996996996997 0.39066127415145224
5 1.9889889889889891 0.39452868030756444
5 2.008008008008008 0.39831426686216426
5 2.027027027027027 0.40201999527867255
5 2.046046046046046 0.40565212799160766
5 2.065065065065065 0.40925542717595004
5 2.0840840840840844 0.41278522058443484
5 2.103103103103103 0.41624320036819606
5 2.1221221221221223 0.41963100825557853
5 2.141141141141141 0.4229502376656167
5 2.16016016016016 0.4262024357061331
5 2.1791791791791795 0.4294159978787401
5 2.1981981981981984 0.4325920807011648
5 2.2172172172172173 0.43570617747497375
5 2.2362362362362362 0.4387596329252414
5 2.255255255255255 0.44175375468908495
5 2.2742742742742745 0.44468981475514857
5 2.2932932932932935 0.44756905082918974
5 2.3123123123123124 0.45041328543412956
5 2.3313313313313317 0.45323707472177494
5 2.3503503503503502 0.4560080983145781
5 2.3693693693693696 0.45872743868485705
5 2.3883883883883885 0.4613961505217861
5 2.4074074074074074 0.46401526173384106
5 2.426426426426427 0.4665857744027292
5 2.4454454454454453 0.4691086656915828
5 2.4644644644644647 0.4716195297836022
5 2.4834834834834836 0.47410569044645773
5 2.5025025025025025 0.47654743538217637
5 2.521521521521522 0.4789456243270821
5 2.5405405405405403 0.4813010965897939
5 2.5595595595595597 0.483614671730654
5 2.5785785785785786 0.4858871502103585
5 2.5975975975975976 0.488119314009465
5 2.616616616616617 0.490320627641403
5 2.635635635635636 0.49253061633713596
5 2.6546546546546548 0.49470285405135855
5 2.6736736736736737 0.4968380321317687
5 2.6926926926926926 0.49893682663400984
5 2.711711711711712 0.5009998987928443
5 2.730730730730731 0.5030278954732659
5 2.74974974974975 0.505021449602583
5 2.768768768768769 0.5069811805844485
5 2.7877877877877877 0.5089076946957533
5 2.806806806806807 0.5108502167749416
5 2.825825825825826 0.5127688518672028
5 2.844844844844845 0.5146562306642688
5 2.8638638638638643 0.5165128919950065
5 2.8828828828828827 0.5183393637212288
5 2.901901901901902 0.5201361630449837
5 2.920920920920921 0.5219037968037353
5 2.93993993993994 0.5236427617540321
5 2.9589589589589593 0.5253535448442108
5 2.9779779779779783 0.5270366234766661
5 2.996996996996997 0.5287270080043326
5 3.016016016016016 0.5304129476206424
5 3.035035035035035 0.532072701875514
5 3.0540540540540544 0.5337066968117363
5 3.0730730730730733 0.5353153504387157
5 3.0920920920920922 0.5368990729385785
5 3.111111111111111 0.5384582668647327
5 3.13013013013013 0.5399933273332364
5 3.1491491491491495 0.5415046422073004
5 3.1681681681681684 0.5429925922752369
5 3.1871871871871873 0.544457551422146
5 3.206206206206206 0.5459137039945001
5 3.2252252252252256 0.5473905145278051
5 3.2442442442442445 0.5488454933909522
5 3.2632632632632634 0.5502789754860531
5 3.2822822822822824 0.5516912898713807
5 3.3013013013013013 0.5530827598981173
5 3.3203203203203207 0.554453703342478
5 3.3393393393393396 0.5558044325334143
5 3.3583583583583585 0.5571352544760821
5 3.3773773773773774 0.5584464709712584
5 3.396396396396397 0.5597383787308777
5 3.4154154154154157 0.5610112694898498
5 3.4344344344344346 0.5622654301143194
5 3.4534534534534536 0.5635332911290658
5 3.4724724724724725 0.5648072443530087
5 3.491491491491492 0.5660633140108792
5 3.5105105105105108 0.5673017580421885
5 3.5295295295295297 0.5685228302445989
5 3.5485485485485486 0.5697267803612235
5 3.567567567567568 0.5709138541652385
5 3.586586586586587 0.5720842935419131
5 3.605605605605606 0.5732383365681629
5 3.6246246246246248 0.5743762175897247
5 3.6436436436436437 0.5754981672960473
5 3.662662662662663 0.5766044127929865
5 3.681681681681682 0.5776951776733952
5 3.700700700700701 0.5787706820856839
5 3.71971971971972 0.579850442465575
5 3.738738738738739 0.5809518884670265
5 3.757757757757758 0.5820386811731445
5 3.776776776776777 0.5831110191893558
5 3.795795795795796 0.5841690981817996
5 3.814814814814815 0.5852131109331516
5 3.8338338338338342 0.5862432473968862
5 3.852852852852853 0.5872596947500318
5 3.871871871871872 0.588262637444485
5 3.890890890890891 0.5892522572569252
5 3.90990990990991 0.5902287333373909
5 3.9289289289289293 0.5911922422565626
5 3.9479479479479482 0.5921429580518
5 3.966966966966967 0.5930810522719796
5 3.985985985985986 0.5940066940211766
5 4.005005005005005 0.5949200500012293
5 4.024024024024024 0.5958359434851636
5 4.043043043043044 0.5967801985442406
5 4.062062062062062 0.5977125805820951
5 4.081081081081081 0.5986332404860576
5 4.1001001001001 0.5995423270902028
5 4.119119119119119 0.6004399872102444
5 4.138138138138139 0.6013263656775533
5 4.157157157157157 0.6022016053723297
5 4.176176176176177 0.603065847255957
5 4.195195195195195 0.6039192304025679
5 4.2142142142142145 0.604761892029847
5 4.233233233233234 0.605593967529098
5 4.252252252252252 0.6064155904946013
5 4.271271271271272 0.6072268927522811
5 4.29029029029029 0.6080280043877121
5 4.3093093093093096 0.608819053773481
5 4.328328328328329 0.6096001675959286
5 4.347347347347347 0.6103714708812917
5 4.366366366366367 0.6111330870212617
5 4.385385385385385 0.611936094831291
5 4.404404404404405 0.6127325203339261
5 4.423423423423424 0.6135195103817928
5 4.442442442442443 0.6142971770882006
5 4.461461461461462 0.6150656311690238
5 4.48048048048048 0.6158249819637186
5 4.4994994994995 0.6165753374558793
5 4.518518518518519 0.6173168042933398
5 4.537537537537538 0.6180494878078421
5 4.556556556556557 0.6187734920342801
5 4.575575575575575 0.619488919729535
5 4.594594594594595 0.6201958723909143
5 4.613613613613614 0.6208944502742064
5 4.6326326326326335 0.6215847524113622
5 4.651651651651652 0.6222668766278167
5 4.67067067067067 0.6229409195594596
5 4.68968968968969 0.6236069766692671
5 4.708708708708709 0.6242651422636035
5 4.7277277277277285 0.6249155095082038
5 4.746746746746747 0.6255581704438462
5 4.7657657657657655 0.6261932160017222
5 4.784784784784785 0.6268670617487945
5 4.803803803803804 0.6275396153397766
5 4.822822822822824 0.6282046880073203
5 4.841841841841842 0.6288623626756469
5 4.8608608608608606 0.629512721321723
5 4.87987987987988 0.6301558449878827
5 4.898898898898899 0.6307918137942045
5 4.917917917917919 0.6314207069506524
5 4.936936936936937 0.6320426027689854
5 4.9559559559559565 0.6326575786744417
5 4.974974974974975 0.6332657112172074
5 4.993993993993994 0.6338670760836722
5 5.013013013013014 0.6344617481074794
5 5.032032032032032 0.6350498012803775
5 5.051051051051052 0.635631308762876
5 5.07007007007007 0.6362063428947127
5 5.089089089089089 0.6367749752051376
5 5.108108108108109 0.6373372764230179
5 5.127127127127127 0.6378933164867685
5 5.146146146146147 0.6384431645541131
5 5.165165165165165 0.6389868890116823
5 5.1841841841841845 0.6395245574844485
5 5.203203203203204 0.6400562368450053
5 5.222222222222222 0.6405819932226963
5 5.241241241241242 0.641123108403677
5 5.26026026026026 0.6416881458260166
5 5.2792792792792795 0.6422473078731747
5 5.298298298298299 0.6428006550899925
5 5.317317317317317 0.6433482473886649
5 5.336336336336337 0.6438901440561879
5 5.355355355355356 0.6444264037616801
5 5.374374374374375 0.6449570845635826
5 5.393393393393394 0.645482243916741
5 5.412412412412412 0.6460019386793716
5 5.431431431431432 0.6465162251199152
5 5.450450450450451 0.6470251589237818
5 5.46946946946947 0.6475287951999872
5 5.488488488488489 0.6480271884876881
5 5.5075075075075075 0.6485203927626132
5 5.526526526526527 0.6490084614433953
5 5.545545545545546 0.6494914473978095
5 5.564564564564565 0.649969402948914
5 5.583583583583584 0.6504423798811013
5 5.602602602602603 0.6509104294460579
5 5.621621621621622 0.6513736023686378
5 5.640640640640641 0.6518319488526497
5 5.65965965965966 0.6522855185865601
5 5.678678678678679 0.6527343607491167
5 5.6976976976976985 0.6531785240148897
5 5.716716716716717 0.6536180565597365
5 5.735735735735736 0.6540530060661904
5 5.754754754754755 0.654483419728773
5 5.773773773773774 0.6549093442592369
5 5.792792792792794 0.6553636437379702
5 5.811811811811812 0.6558297643651795
5 5.830830830830831 0.6562913768550593
5 5.84984984984985 0.6567485242020905
5 5.868868868868869 0.6572012489914247
5 5.887887887887889 0.6576495934031064
5 5.906906906906907 0.6580935992162328
5 5.9259259259259265 0.6585333078130571
5 5.944944944944945 0.6589687601830335
5 5.963963963963964 0.6593999969268074
5 5.982982982982984 0.6598270582601502
5 6.002002002002002 0.6602499840178423
5 6.0210210210210215 0.6606688136575027
5 6.04004004004004 0.6610835862633682
5 6.059059059059059 0.661494340550023
5 6.078078078078079 0.6619011148660794
5 6.097097097097097 0.6623039471978115
5 6.116116116116117 0.6627028751727398
5 6.135135135135136 0.6630979360631746
5 6.1541541541541545 0.6634891667897094
5 6.173173173173174 0.6638766039246755
5 6.192192192192192 0.6642602836955499
5 6.211211211211212 0.6646402419883228
5 6.230230230230231 0.6650165143508244
5 6.2492492492492495 0.6653891359960109
5 6.268268268268269 0.6657581418052093
5 6.287287287287287 0.666123566331327
5 6.306306306306307 0.6664854438020198
5 6.325325325325326 0.6668438081228243
5 6.344344344344345 0.6671986928802547
5 6.363363363363364 0.6675501313448606
5 6.382382382382382 0.6678981564742528
5 6.401401401401402 0.6682428009160934
5 6.420420420420421 0.6685840970110507
5 6.43943943943944 0.6689421951907694
5 6.458458458458459 0.6693238446126113
5 6.477477477477478 0.6697020819750124
5 6.496496496496497 0.6700769372343268
5 6.515515515515516 0.6704484400878966
5 6.534534534534535 0.6708166199763849
5 6.553553553553554 0.6711815060860822
5 6.572572572572573 0.6715431273511895
5 6.591591591591592 0.6719015124560698
5 6.610610610610611 0.6722566898374772
5 6.62962962962963 0.6726086876867603
5 6.648648648648649 0.672957533952039
5 6.6676676676676685 0.673303256340359
5 6.686686686686687 0.6736458823198209
5 6.705705705705706 0.6739854391216872
5 6.724724724724725 0.6743219537424645
5 6.743743743743744 0.6746554529459649
5 6.762762762762764 0.6749859632653433
5 6.781781781781782 0.6753135110051158
5 6.800800800800801 0.6756381222431526
5 6.81981981981982 0.6759598228326535
5 6.838838838838839 0.6762786384041015
5 6.857857857857859 0.6765945943671953
5 6.876876876876877 0.6769077159127622
5 6.8958958958958965 0.6772180280146527
5 6.914914914914916 0.6775255554316141
5 6.933933933933934 0.6778303227091458
5 6.952952952952954 0.6781323541813357
5 6.971971971971972 0.6784316739726796
5 6.9909909909909915 0.6787283059998802
5 7.010010010010011 0.6790222739736301
5 7.029029029029029 0.6793136014003766
5 7.048048048048049 0.6796023115840698
5 7.067067067067067 0.6798884276278931
5 7.086086086086087 0.6801719724359772
5 7.105105105105106 0.6804529687150986
5 7.124124124124124 0.6807314389763598
5 7.143143143143144 0.681007405536856
5 7.162162162162162 0.6812808905213243
5 7.181181181181182 0.6815519158637788
5 7.200200200200201 0.6818205033091282
5 7.2192192192192195 0.682086674414782
5 7.238238238238239 0.6823948992575197
5 7.257257257257257 0.6827007783365957
5 7.276276276276277 0.6830041479627964
5 7.295295295295296 0.6833050282860061
5 7.314314314314315 0.683603439298668
5 7.333333333333334 0.6838994008370173
5 7.352352352352353 0.6841929325823035
5 7.371371371371372 0.6844840540620006
5 7.390390390390391 0.6847727846510069
5 7.40940940940941 0.6850591435728316
5 7.428428428428429 0.6853431499007739
5 7.447447447447448 0.6856248225590873
5 7.466466466466467 0.6859041803241357
5 7.485485485485486 0.686181241825539
5 7.504504504504505 0.6864560255473081
5 7.523523523523524 0.6867285498289687
5 7.542542542542543 0.6869988328666761
5 7.561561561561562 0.6872668927143207
5 7.580580580580581 0.6875327472846228
5 7.5995995995996 0.6877964143502172
5 7.618618618618619 0.6880579115447313
5 7.6376376376376385 0.68831725636385
5 7.656656656656657 0.6885744661663746
5 7.675675675675676 0.6888295581752708
5 7.694694694694695 0.689082549478709
5 7.713713713713714 0.6893334570310945
5 7.7327327327327335 0.6895822976540903
5 7.751751751751752 0.6898290880376312
5 7.770770770770771 0.6900738447409284
5 7.789789789789791 0.6903165841934663
5 7.808808808808809 0.6905573226959925
5 7.827827827827829 0.6907960764214974
5 7.846846846846847 0.6910328614161869
5 7.8658658658658664 0.6912676936004474
5 7.884884884884886 0.6915005887698027
5 7.903903903903904 0.6917315625958637
5 7.922922922922924 0.6919606306272682
5 7.941941941941942 0.6921878082906175
5 7.9609609609609615 0.6924131108914013
5 7.979979979979981 0.6926365536149169
5 7.998998998998999 0.6928581515271822
5 8.018018018018019 0.6930779195758401
5 8.037037037037038 0.6932958725910556
5 8.056056056056057 0.6935120252864075
5 8.075075075075077 0.6937263922597712
5 8.094094094094094 0.6939389879941961
5 8.113113113113114 0.694149826858776
5 8.132132132132133 0.6943589231095116
5 8.15115115115115 0.6945662908901679
5 8.17017017017017 0.6947719442331239
5 8.18918918918919 0.6949758970602169
5 8.208208208208209 0.6952162994482303
5 8.227227227227228 0.6954587193871655
5 8.246246246246248 0.6956993311757294
5 8.265265265265267 0.695938147979738
5 8.284284284284285 0.6961751828726196
5 8.303303303303304 0.6964104488360453
5 8.322322322322323 0.6966439587605495
5 8.34134134134134 0.6968757254461505
5 8.36036036036036 0.6971057616029637
5 8.37937937937938 0.6973340798518107
5 8.398398398398399 0.6975606927248257
5 8.417417417417418 0.6977856126660543
5 8.436436436436438 0.6980088520320503
5 8.455455455455457 0.6982304230924676
5 8.474474474474475 0.6984503380306474
5 8.493493493493494 0.6986686089442014
5 8.512512512512513 0.6988852478455911
5 8.531531531531531 0.6991002666627023
5 8.55055055055055 0.6993136772394158
5 8.56956956956957 0.6995254913361753
5 8.588588588588589 0.6997357206305479
5 8.607607607607608 0.6999443767177849
5 8.626626626626628 0.700151471111376
5 8.645645645645647 0.7003570152435996
5 8.664664664664667 0.7005610204660712
5 8.683683683683684 0.7007634980502858
5 8.702702702702704 0.7009644591881576
5 8.721721721721721 0.7011639149925567
5 8.74074074074074 0.7013618764978402
5 8.75975975975976 0.7015583546603811
5 8.77877877877878 0.7017533603590942
5 8.797797797797799 0.7019469043959563
5 8.816816816816818 0.7021389974965243
5 8.835835835835837 0.7023296503104508
5 8.854854854854857 0.7025188734119936
5 8.873873873873874 0.7027066773005235
5 8.892892892892894 0.702893072401029
5 8.911911911911913 0.7030780690646169
5 8.93093093093093 0.7032616775690088
5 8.94994994994995 0.7034439081190367
5 8.96896896896897 0.7036247708471325
5 8.987987987987989 0.7038042758138164
5 9.007007007007008 0.7039824330081813
5 9.026026026026027 0.7041592523483731
5 9.045045045045045 0.7043347436820699
5 9.064064064064064 0.7045089167869559
5 9.083083083083084 0.7046817813711946
5 9.102102102102103 0.7048533470738956
5 9.121121121121122 0.7050236234655816
5 9.14014014014014 0.7051926200486507
5 9.15915915915916 0.7053603462578362
5 9.178178178178179 0.7055268114606631
5 9.197197197197198 0.7056920249579013
5 9.216216216216218 0.7058559959840172
5 9.235235235235235 0.7060187337076212
5 9.254254254254255 0.706180247231913
5 9.273273273273274 0.7063405455951224
5 9.292292292292293 0.7064996377709507
5 9.311311311311313 0.7066575326690054
5 9.33033033033033 0.7068142391352346
5 9.34934934934935 0.7069697659523575
5 9.368368368368369 0.7071241218402928
5 9.387387387387388 0.7072773154565845
5 9.406406406406408 0.7074293553968233
5 9.425425425425425 0.7075981975071429
5 9.444444444444445 0.7077868924973518
5 9.463463463463464 0.707974322702618
5 9.482482482482483 0.7081604963835657
5 9.501501501501503 0.7083454217492198
5 9.52052052052052 0.7085291069573071
5 9.53953953953954 0.7087115601145597
5 9.558558558558559 0.7088927892770128
5 9.577577577577578 0.7090728024503027
5 9.596596596596598 0.7092516075899629
5 9.615615615615617 0.7094292126017182
5 9.634634634634635 0.7096056253417767
5 9.653653653653654 0.7097808536171217
5 9.672672672672673 0.7099549051857995
5 9.691691691691693 0.7101277877572075
5 9.710710710710712 0.7102995089923801
5 9.72972972972973 0.7104700765042724
5 9.74874874874875 0.7106394978580428
5 9.767767767767769 0.7108077805713346
5 9.786786786786788 0.7109749321145539
5 9.805805805805807 0.7111409599111488
5 9.824824824824825 0.7113058713378847
5 9.843843843843844 0.7114696737251193
5 9.862862862862864 0.7116323743570749
5 9.881881881881883 0.7117939804721114
5 9.900900900900902 0.7119544992629949
5 9.91991991991992 0.7121139378771663
5 9.93893893893894 0.7122723034170096
5 9.957957957957959 0.7124296029401159
5 9.976976976976978 0.712585843459548
5 9.995995995995997 0.7127410319441033
5 10.015015015015015 0.7128951753185739
5 10.034034034034034 0.7130482804640079
5 10.053053053053054 0.713200354217966
5 10.072072072072073 0.7133514033747791
5 10.091091091091092 0.7135014346858033
5 10.11011011011011 0.7136504548596747
5 10.12912912912913 0.713798470562561
5 10.148148148148149 0.7139454884184132
5 10.167167167167168 0.7140915150092153
5 10.186186186186188 0.7142365568752328
5 10.205205205205205 0.7143806205152594
5 10.224224224224224 0.714523712386864
5 10.243243243243244 0.7146658389066333
5 10.262262262262263 0.7148070064504157
5 10.281281281281283 0.714947221353564
5 10.3003003003003 0.7150864899111742
5 10.31931931931932 0.7152248183783254
5 10.338338338338339 0.7153622129703178
5 10.357357357357358 0.7154986798629084
5 10.376376376376378 0.7156342251925478
5 10.395395395395397 0.7157688550566117
5 10.414414414414415 0.7159025755136366
5 10.433433433433434 0.7160353925835482
5 10.452452452452453 0.7161673122478942
5 10.471471471471473 0.7162983404500712
5 10.490490490490492 0.7164284830955534
5 10.50950950950951 0.7165577460521193
5 10.528528528528529 0.7166861351500757
5 10.547547547547548 0.7168136561824832
5 10.566566566566568 0.7169403149053775
5 10.585585585585587 0.7170661170379923
5 10.604604604604605 0.7171910682629787
5 10.623623623623624 0.7173151742266254
5 10.642642642642643 0.717438440539075
5 10.661661661661663 0.7175608727745426
5 10.680680680680682 0.7176824764715308
5 10.6996996996997 0.7178032571330435
5 10.71871871871872 0.7179232202268003
5 10.737737737737739 0.7180423711854481
5 10.756756756756758 0.7181607154067717
5 10.775775775775777 0.7182782582539047
5 10.794794794794795 0.718395005055537
5 10.813813813813814 0.7185109611061237
5 10.832832832832834 0.7186261316660901
5 10.851851851851853 0.7187405219620384
5 10.870870870870872 0.718854137186951
5 10.88988988988989 0.7189669825003944
5 10.90890890890891 0.7190790630287203
5 10.927927927927929 0.7191903838652672
5 10.946946946946948 0.7193009500705602
5 10.965965965965967 0.7194107666725089
5 10.984984984984985 0.7195198386666063
5 11.004004004004004 0.7196281710161249
5 11.023023023023024 0.719765017179088
5 11.042042042042043 0.7199075176080718
5 11.061061061061062 0.7200491722478617
5 11.08008008008008 0.7201899859849986
5 11.0990990990991 0.7203299636791667
5 11.118118118118119 0.7204691101633302
5 11.137137137137138 0.720607430243867
5 11.156156156156158 0.7207449287007032
5 11.175175175175177 0.7208816102874466
5 11.194194194194194 0.7210174797315194
5 11.213213213213214 0.7211525417342902
5 11.232232232232233 0.7212868009712068
5 11.251251251251253 0.721420262091926
5 11.270270270270272 0.7215529297204442
5 11.28928928928929 0.7216848084552285
5 11.308308308308309 0.7218159028693447
5 11.327327327327328 0.7219462175105867
5 11.346346346346348 0.7220757569016043
5 11.365365365365367 0.7222045255400311
5 11.384384384384385 0.7223325278986117
5 11.403403403403404 0.7224597684253273
5 11.422422422422423 0.7225862515435221
5 11.441441441441443 0.7227119816520292
5 11.460460460460462 0.7228369631252942
5 11.47947947947948 0.7229612003135001
5 11.498498498498499 0.7230846975426907
5 11.517517517517518 0.7232074591148937
5 11.536536536536538 0.7233294893082435
5 11.555555555555557 0.7234507923771025
5 11.574574574574575 0.7235713725521838
5 11.593593593593594 0.7236912340406704
5 11.612612612612613 0.7238103810263371
5 11.631631631631633 0.7239288176696692
5 11.650650650650652 0.7240465481079824
5 11.66966966966967 0.7241635764555413
5 11.68868868868869 0.7242799068036782
5 11.707707707707709 0.7243955432209097
5 11.726726726726728 0.7245104897530544
5 11.745745745745747 0.7246247504233503
5 11.764764764764765 0.7247383292325693
5 11.783783783783784 0.7248512301591346
5 11.802802802802804 0.7249634571592339
5 11.821821821821823 0.725075014166936
5 11.840840840840842 0.7251859050943034
5 11.85985985985986 0.7252961338315058
5 11.87887887887888 0.7254057042469342
5 11.897897897897899 0.7255146201873127
5 11.916916916916918 0.7256228854778108
5 11.935935935935937 0.7257305039221545
5 11.954954954954957 0.7258374793027376
5 11.973973973973974 0.7259438153807324
5 11.992992992992994 0.7260495158961995
5 12.012012012012013 0.7261545845681975
5 12.031031031031032 0.7262590250948918
5 12.050050050050052 0.7263628411536635
5 12.06906906906907 0.7264660364012171
5 12.088088088088089 0.7265686144736883
5 12.107107107107108 0.7266705789867506
5 12.126126126126128 0.7267719335357234
5 12.145145145145147 0.7268726816956765
5 12.164164164164164 0.7269728270215359
5 12.183183183183184 0.7270723730481898
5 12.202202202202203 0.7271713232905932
5 12.221221221221223 0.7272696812438711
5 12.240240240240242 0.727367450383424
5 12.25925925925926 0.7274646341650292
5 12.278278278278279 0.727561236024945
5 12.297297297297298 0.7276572593800128
5 12.316316316316318 0.7277527076277583
5 12.335335335335337 0.7278475841464939
5 12.354354354354355 0.7279418922954188
5 12.373373373373374 0.7280356354147203
5 12.392392392392393 0.7281288168256732
5 12.411411411411413 0.7282214398307394
5 12.430430430430432 0.7283135077136677
5 12.44944944944945 0.7284050237395914
5 12.468468468468469 0.7284959911551276
5 12.487487487487488 0.7285864131884744
5 12.506506506506508 0.728676293049508
5 12.525525525525527 0.7287656339298805
5 12.544544544544545 0.7288544390031154
5 12.563563563563564 0.7289427114247032
5 12.582582582582583 0.7290304543321993
5 12.601601601601603 0.7291176708453158
5 12.620620620620622 0.7292043640660187
5 12.63963963963964 0.7292905370786217
5 12.65865865865866 0.7293761929498781
5 12.677677677677679 0.7294613347290771
5 12.696696696696698 0.7295459654481342
5 12.715715715715717 0.7296300881216856
5 12.734734734734735 0.7297137057471784
5 12.753753753753754 0.7297968213049643
5 12.772772772772774 0.7298794377583887
5 12.791791791791793 0.7299615580538836
5 12.810810810810812 0.7300431851210561
5 12.829829829829832 0.7301243218727796
5 12.84884884884885 0.7302049712052825
5 12.867867867867869 0.7302851359982375
5 12.886886886886888 0.7303648191148516
5 12.905905905905907 0.7304440234019517
5 12.924924924924927 0.730522751690075
5 12.943943943943944 0.7306010067935548
5 12.962962962962964 0.7306787915106083
5 12.981981981981983 0.7307561086234234
5 13.001001001001002 0.7308329608982441
5 13.020020020020022 0.7309093510854572
5 13.03903903903904 0.7309852819196766
5 13.058058058058059 0.7310607561198295
5 13.077077077077078 0.7311357763892402
5 13.096096096096097 0.7312103454157146
5 13.115115115115117 0.7312844658716238
5 13.134134134134134 0.7313581404139881
5 13.153153153153154 0.7314402507746617
5 13.172172172172173 0.7315451517967776
5 13.191191191191193 0.7316495123406229
5 13.210210210210212 0.7317533351156594
5 13.22922922922923 0.7318566228184726
5 13.248248248248249 0.7319593781328256
5 13.267267267267268 0.7320616037297152
5 13.286286286286288 0.7321633022674258
5 13.305305305305307 0.7322644763915841
5 13.324324324324325 0.7323651287352139
5 13.343343343343344 0.7324652619187891
5 13.362362362362363 0.7325648785502894
5 13.381381381381383 0.732663981225252
5 13.400400400400402 0.7327625725268271
5 13.41941941941942 0.7328606550258293
5 13.438438438438439 0.7329582312807931
5 13.457457457457458 0.7330553038380238
5 13.476476476476478 0.7331518752316513
5 13.495495495495497 0.7332479479836828
5 13.514514514514515 0.7333435246040552
5 13.533533533533534 0.7334386075906867
5 13.552552552552553 0.7335331994295302
5 13.571571571571573 0.7336273025946235
5 13.590590590590592 0.7337209195481421
5 13.609609609609612 0.7338140527404515
5 13.62862862862863 0.7339067046101562
5 13.647647647647648 0.733998877584153
5 13.666666666666668 0.7340905740776811
5 13.685685685685687 0.7341817964943728
5 13.704704704704707 0.7342725472263046
5 13.723723723723724 0.7343628286540471
5 13.742742742742744 0.734452643146716
5 13.761761761761763 0.7345419930620212
5 13.780780780780782 0.7346308807463171
5 13.799799799799802 0.7347193085346533
5 13.81881881881882 0.7348072787508222
5 13.837837837837839 0.73489479370741
5 13.856856856856858 0.7349818557058456
5 13.875875875875877 0.7350684670364483
5 13.894894894894897 0.7351546299784794
5 13.913913913913914 0.7352403468001871
5 13.932932932932934 0.7353256197588586
5 13.951951951951953 0.7354104511008661
5 13.970970970970972 0.7354948430617158
5 13.989989989989992 0.7355787978660957
5 14.00900900900901 0.7356623177279235
5 14.028028028028029 0.7357454048503941
5 14.047047047047048 0.7358280614260266
5 14.066066066066067 0.7359102896367131
5 14.085085085085087 0.7359920916537641
5 14.104104104104104 0.7360734696379557
5 14.123123123123124 0.736154425739577
5 14.142142142142143 0.7362349620984767
5 14.161161161161163 0.7363150808441088
5 14.180180180180182 0.7363947840955793
5 14.1991991991992 0.7364740739616924
5 14.218218218218219 0.736552952540996
5 14.237237237237238 0.7366314219218274
5 14.256256256256258 0.7367094841823597
5 14.275275275275277 0.7367871413906464
5 14.294294294294295 0.7368643956046664
5 14.313313313313314 0.73694124887237
5 14.332332332332333 0.7370177032317228
5 14.351351351351353 0.7370937607107511
5 14.370370370370372 0.7371694233275867
5 14.38938938938939 0.73724469309051
5 14.408408408408409 0.7373195719979958
5 14.427427427427428 0.7373940620387558
5 14.446446446446448 0.7374681651917846
5 14.465465465465467 0.7375418834264008
5 14.484484484484486 0.737615218702293
5 14.503503503503504 0.737688172969561
5 14.522522522522523 0.7377607481687615
5 14.541541541541543 0.737832946230949
5 14.560560560560562 0.7379047690777192
5 14.579579579579582 0.7379762186212535
5 14.598598598598599 0.7380472967643589
5 14.617617617617618 0.7381180054005121
5 14.636636636636638 0.7381883464139017
5 14.655655655655657 0.73825832167947
5 14.674674674674677 0.7383279330629547
5 14.693693693693694 0.7383971824209307
5 14.712712712712714 0.7384660716008528
5 14.731731731731733 0.7385346024410956
5 14.750750750750752 0.7386027767709956
5 14.769769769769772 0.7386705964108929
5 14.78878878878879 0.7387380631721712
5 14.807807807807809 0.738805178857299
5 14.826826826826828 0.7388719452598702
5 14.845845845845847 0.7389383641646452
5 14.864864864864867 0.7390044373475904
5 14.883883883883884 0.7390701665759186
5 14.902902902902904 0.7391355536081302
5 14.921921921921923 0.7392006001940514
5 14.940940940940942 0.7392653080748744
5 14.959959959959962 0.7393296789831985
5 14.97897897897898 0.7393937146430668
5 14.997997997997999 0.7394574167700085
5 15.017017017017018 0.7395207870710753
5 15.036036036036037 0.7395838272448824
5 15.055055055055057 0.7396465389816462
5 15.074074074074074 0.7397089239632235
5 15.093093093093094 0.7397709838631497
5 15.112112112112113 0.7398327203466769
5 15.131131131131133 0.7398941350708131
5 15.150150150150152 0.7399552296843595
5 15.16916916916917 0.7400160058279482
5 15.188188188188189 0.7400764651340809
5 15.207207207207208 0.7401366092271655
5 15.226226226226228 0.7401964397235541
5 15.245245245245247 0.7402559582315802
5 15.264264264264266 0.7403151663515963
5 15.283283283283284 0.7403740656760096
5 15.302302302302303 0.7404326577893211
5 15.321321321321323 0.7404909442681595
5 15.340340340340342 0.7405489266813204
5 15.359359359359361 0.7406066065898014
5 15.378378378378379 0.7406639855468377
5 15.397397397397398 0.7407210650979406
5 15.416416416416418 0.7407778467809307
5 15.435435435435437 0.7408343321259759
5 15.454454454454456 0.7408905226556262
5 15.473473473473474 0.7409464198848483
5 15.492492492492493 0.7410020253210636
5 15.511511511511513 0.7410573404641806
5 15.530530530530532 0.7411123668066325
5 15.549549549549551 0.74116710583341
5 15.568568568568569 0.7412215590220973
5 15.587587587587588 0.7412757278429072
5 15.606606606606608 0.7413296137587152
5 15.625625625625627 0.741383218225093
5 15.644644644644647 0.7414365426903443
5 15.663663663663664 0.7414895885955382
5 15.682682682682684 0.741542357374543
5 15.701701701701703 0.7415948504540605
5 15.720720720720722 0.7416470692536593
5 15.739739739739742 0.741699015185809
5 15.75875875875876 0.741750689655913
5 15.777777777777779 0.741802094062342
5 15.796796796796798 0.7418532297964675
5 15.815815815815817 0.7419040982426945
5 15.834834834834837 0.7419547007784938
5 15.853853853853854 0.7420050387744362
5 15.872872872872874 0.7420551135942244
5 15.891891891891893 0.7421049265947243
5 15.910910910910912 0.7421544791259999
5 15.929929929929932 0.7422037725313431
5 15.94894894894895 0.7422528081473068
5 15.967967967967969 0.7423015873037371
5 15.986986986986988 0.7423501113238048
5 16.006006006006007 0.7423983815240374
5 16.025025025025027 0.7424463992143492
5 16.044044044044046 0.7424941656980748
5 16.063063063063062 0.7425416822719993
5 16.08208208208208 0.7425889502263894
5 16.1011011011011 0.7426359708450248
5 16.12012012012012 0.7426827454052285
5 16.13913913913914 0.742729275177898
5 16.15815815815816 0.7427755614275368
5 16.177177177177178 0.7428337599540589
5 16.196196196196198 0.7429077227628269
5 16.215215215215217 0.742981363652391
5 16.234234234234236 0.7430546839864485
5 16.253253253253256 0.7431276851232261
5 16.272272272272275 0.7432003684155016
5 16.291291291291294 0.7432727352106213
5 16.310310310310314 0.7433447868505204
5 16.329329329329333 0.7434165246717424
5 16.34834834834835 0.7434879500054582
5 16.36736736736737 0.7435590641774854
5 16.386386386386388 0.7436298685083074
5 16.405405405405407 0.7437003643130928
5 16.424424424424426 0.7437705529017146
5 16.443443443443442 0.7438404355787691
5 16.46246246246246 0.7439100136435947
5 16.48148148148148 0.7439792883902905
5 16.5005005005005 0.744048261107737
5 16.51951951951952 0.7441169330796126
5 16.53853853853854 0.7441853055844141
5 16.55755755755756 0.7442533798954745
5 16.576576576576578 0.7443211572809821
5 16.595595595595597 0.7443886390039998
5 16.614614614614617 0.7444558263224814
5 16.633633633633636 0.7445227204892935
5 16.652652652652655 0.7445893227522312
5 16.671671671671675 0.7446556343540377
5 16.690690690690694 0.7447216565324224
5 16.709709709709713 0.7447873905200796
5 16.72872872872873 0.7448528375447067
5 16.74774774774775 0.7449179988290223
5 16.766766766766768 0.7449828755907839
5 16.785785785785787 0.745047469042807
5 16.804804804804807 0.7451117803929821
5 16.823823823823826 0.7451758108442942
5 16.842842842842842 0.745239561594839
5 16.86186186186186 0.7453030338378424
5 16.88088088088088 0.745366228761677
5 16.8998998998999 0.7454291475498814
5 16.91891891891892 0.7454917913811764
5 16.93793793793794 0.7455541614294843
5 16.956956956956958 0.7456162588639449
5 16.975975975975977 0.7456780848489346
5 16.994994994994997 0.7457396405440834
5 17.014014014014016 0.7458009271042922
5 17.033033033033036 0.74586194567975
5 17.052052052052055 0.7459226974159525
5 17.07107107107107 0.7459831834537186
5 17.09009009009009 0.7460434049292073
5 17.10910910910911 0.7461033629739361
5 17.12812812812813 0.7461630587147976
5 17.147147147147148 0.7462224932740761
5 17.166166166166168 0.7462816677694663
5 17.185185185185187 0.7463405833140881
5 17.204204204204206 0.746399241016506
5 17.223223223223226 0.7464576419807446
5 17.242242242242245 0.7465157873063055
5 17.261261261261264 0.7465736780881852
5 17.28028028028028 0.7466313154168904
5 17.2992992992993 0.7466887003784564
5 17.31831831831832 0.7467458340544626
5 17.33733733733734 0.7468027175220494
5 17.356356356356358 0.7468593518539358
5 17.375375375375377 0.7469157381184341
5 17.394394394394396 0.7469718773794679
5 17.413413413413416 0.7470277706965889
5 17.432432432432435 0.7470834191249913
5 17.451451451451454 0.7471388237155303
5 17.47047047047047 0.7471939855147369
5 17.48948948948949 0.7472489055648355
5 17.50850850850851 0.7473035849037589
5 17.52752752752753 0.7473580245651653
5 17.546546546546548 0.7474122255784538
5 17.565565565565567 0.747466188968781
5 17.584584584584587 0.7475199157570771
5 17.603603603603606 0.7475734069600606
5 17.622622622622625 0.7476266635902562
5 17.641641641641645 0.7476796866560096
5 17.66066066066066 0.7477324771615028
5 17.67967967967968 0.747785036106771
5 17.6986986986987 0.7478373644877174
5 17.71771771771772 0.7478894632961298
5 17.736736736736738 0.7479413335196953
5 17.755755755755757 0.7479929761420165
5 17.774774774774777 0.7480443921426269
5 17.793793793793796 0.7480955824970057
5 17.812812812812815 0.7481465481765952
5 17.831831831831835 0.7481972901488135
5 17.85085085085085 0.748247809377072
5 17.86986986986987 0.7482981068207893
5 17.88888888888889 0.7483481834354081
5 17.90790790790791 0.7483980401724081
5 17.926926926926928 0.7484476779793229
5 17.945945945945947 0.748497097799755
5 17.964964964964967 0.7485463005733897
5 17.983983983983986 0.7485952872360117
5 18.003003003003005 0.7486440587195182
5 18.022022022022025 0.7486926159519358
5 18.04104104104104 0.7487409598574339
5 18.06006006006006 0.7487890913563401
5 18.07907907907908 0.7488370113651548
5 18.0980980980981 0.7488847207965661
5 18.117117117117118 0.7489322205594648
5 18.136136136136138 0.7489795115589578
5 18.155155155155157 0.7490265946963838
5 18.174174174174176 0.7490734708693281
5 18.193193193193196 0.7491201409716359
5 18.212212212212215 0.7491666058934274
5 18.231231231231234 0.7492128665211125
5 18.25025025025025 0.7492589237374043
5 18.26926926926927 0.7493047784213349
5 18.28828828828829 0.7493504314482675
5 18.30730730730731 0.7493958836899126
5 18.326326326326328 0.7494411360143408
5 18.345345345345347 0.7494861892859979
5 18.364364364364366 0.7495310443657186
5 18.383383383383386 0.7495757021107398
5 18.402402402402405 0.7496201633747158
5 18.421421421421424 0.7496644290077319
5 18.44044044044044 0.7497084998563177
5 18.45945945945946 0.749752376763461
5 18.47847847847848 0.7497960605686226
5 18.4974974974975 0.749839552107749
5 18.516516516516518 0.7498828522132864
5 18.535535535535537 0.7499259617141948
5 18.554554554554556 0.7499688814359609
5 18.573573573573576 0.7500116122006119
5 18.592592592592595 0.7500541548267299
5 18.611611611611615 0.7500965101294634
5 18.63063063063063 0.7501386789205434
5 18.64964964964965 0.7501806620082945
5 18.66866866866867 0.7502224601976487
5 18.68768768768769 0.7502640742901604
5 18.706706706706708 0.7503055050840173
5 18.725725725725727 0.7503467533740548
5 18.744744744744747 0.7503878199517695
5 18.763763763763766 0.7504287056053314
5 18.782782782782785 0.7504694111195983
5 18.801801801801805 0.7505099372761267
5 18.82082082082082 0.7505502848531871
5 18.83983983983984 0.7505904546257756
5 18.85885885885886 0.7506304473656269
5 18.87787787787788 0.7506702638412281
5 18.896896896896898 0.7507099048178302
5 18.915915915915917 0.7507493710574612
5 18.934934934934937 0.7507886633189402
5 18.953953953953956 0.7508277823578882
5 18.972972972972975 0.7508667289267414
5 18.991991991991995 0.7509055037747652
5 19.011011011011014 0.7509441076480636
5 19.03003003003003 0.7509825412895955
5 19.04904904904905 0.7510208054391839
5 19.06806806806807 0.7510589008335303
5 19.087087087087088 0.7510968282062273
5 19.106106106106107 0.7511345882877685
5 19.125125125125127 0.7511721818055636
5 19.144144144144146 0.7512096094839495
5 19.163163163163166 0.7512468720442019
5 19.182182182182185 0.7512839702045492
5 19.201201201201204 0.7513209046801823
5 19.22022022022022 0.7513576761832688
5 19.23923923923924 0.7513942854229637
5 19.25825825825826 0.7514307331054224
5 19.27727727727728 0.7514670199338118
5 19.296296296296298 0.7515031466083223
5 19.315315315315317 0.7515391138261808
5 19.334334334334336 0.7515749222816606
5 19.353353353353356 0.7516105726660959
5 19.372372372372375 0.7516460656678902
5 19.391391391391394 0.7516814019725309
5 19.41041041041041 0.7517165822625991
5 19.42942942942943 0.7517516072177831
5 19.44844844844845 0.7517864775148877
5 19.46746746746747 0.7518211938278474
5 19.486486486486488 0.7518557568277379
5 19.505505505505507 0.7518901671827862
5 19.524524524524526 0.7519244255583837
5 19.543543543543546 0.7519585326170967
5 19.562562562562565 0.7519924890186774
5 19.581581581581585 0.7520262954200763
5 19.6006006006006 0.7520599524754527
5 19.61961961961962 0.752093460836186
5 19.63863863863864 0.7521268211508868
5 19.65765765765766 0.7521600340654088
5 19.676676676676678 0.7521931002228588
5 19.695695695695697 0.7522260202636085
5 19.714714714714717 0.7522587948253056
5 19.733733733733736 0.7522914245428841
5 19.752752752752755 0.7523239100485761
5 19.771771771771775 0.7523562519719218
5 19.790790790790794 0.7523884509397819
5 19.80980980980981 0.7524205075763462
5 19.82882882882883 0.7524524225031464
5 19.84784784784785 0.752484196339065
5 19.866866866866868 0.7525158297003494
5 19.885885885885887 0.7525473232006176
5 19.904904904904907 0.7525786774508731
5 19.923923923923926 0.7526098930595135
5 19.942942942942945 0.7526409706323416
5 19.961961961961965 0.7526719107725754
5 19.980980980980984 0.7527027140808598
5 20.0 0.752733381155275
