2 1.0 1.3877787803563532e-10
2 1.019019019019019 0.009332023684079354
2 1.038038038038038 0.018322082966188563
2 1.057057057057057 0.02698863640662766
2 1.0760760760760761 0.03534883722483324
2 1.095095095095095 0.04341864716345443
2 1.1141141141141142 0.05121293796881425
2 1.1331331331331331 0.05874558312429362
2 1.1521521521521523 0.06602953954130981
2 1.1711711711711712 0.07307692318901739
2 1.1901901901901901 0.0798990749788101
2 1.2092092092092093 0.08650662253020579
2 1.2282282282282282 0.09290953551051072
2 1.2472472472472473 0.09911717499937521
2 1.2662662662662663 0.1051383399931317
2 1.2852852852852852 0.11098130850225701
2 1.3043043043043043 0.11665387583314202
2 1.3233233233233235 0.122163388873766
2 1.3423423423423424 0.12751677856140922
2 1.3613613613613613 0.13272058826628091
2 1.3803803803803805 0.13778100072831315
2 1.3993993993993994 0.14270386275312796
2 1.4184184184184185 0.1474947071977845
2 1.4374374374374375 0.15215877443558395
2 1.4564564564564564 0.15670103098813026
2 1.4754754754754755 0.1611261873196647
2 1.4944944944944947 0.1654387140346453
2 1.5135135135135136 0.16964285719791203
2 1.5325325325325325 0.17374265191811397
2 1.5515515515515514 0.17774193552803252
2 1.5705705705705706 0.18164435949928182
2 1.5895895895895897 0.18545340054274537
2 1.6086086086086087 0.1891723708800637
2 1.6276276276276276 0.1928044280593013
2 1.6466466466466467 0.19635258366793049
2 1.6656656656656659 0.1998197115766692
2 1.6846846846846848 0.2032085562063532
2 1.7037037037037037 0.20652173915509514
2 1.7227227227227226 0.20976176642727262
2 1.7417417417417418 0.21293103447862918
2 1.760760760760761 0.21603183637538598
2 1.7797797797797799 0.21906636675528812
2 1.7987987987987988 0.22203672796068202
2 1.817817817817818 0.2249449339752085
2 1.8368368368368369 0.22779291559888337
2 1.855855855855856 0.2305825243402127
2 1.874874874874875 0.23331553660158266
2 1.8938938938938938 0.235993657511136
2 1.912912912912913 0.23861852440679748
2 1.9319319319319321 0.241191709924014
2 1.950950950950951 0.24371472550915618
2 1.96996996996997 0.2461890244120819
2 1.9889889889889891 0.24861600405670675
2 2.008008008008008 0.25099700901335276
2 2.027027027027027 0.25333333338403535
2 2.046046046046046 0.2556262231129692
2 2.065065065065065 0.25787687835127737
2 2.0840840840840844 0.2600864553235418
2 2.103103103103103 0.2622560685468167
2 2.1221221221221223 0.26438679249483005
2 2.141141141141141 0.26647966343374174
2 2.16016016016016 0.26853568118736154
2 2.1791791791791795 0.27055581078713803
2 2.1981981981981984 0.27254098365849244
2 2.2172172172172173 0.274492099351363
2 2.2362362362362362 0.27641002690471567
2 2.255255255255255 0.2782956059093384
2 2.2742742742742745 0.2801496479311239
2 2.2932932932932935 0.28197293761887
2 2.3123123123123124 0.283766233821334
2 2.3313313313313317 0.28553027053568053
2 2.3503503503503502 0.2872657581314343
2 2.3693693693693696 0.28897338407780143
2 2.3883883883883885 0.29065381389979383
2 2.4074074074074074 0.29230769235605414
2 2.426426426426427 0.29393564358947755
2 2.4454454454454453 0.29553827266687405
2 2.4644644644644647 0.2971161656918423
2 2.4834834834834836 0.29866989116419684
2 2.5025025025025025 0.3002000000096606
2 2.521521521521522 0.30170702661531323
2 2.5405405405405403 0.303191489414875
2 2.5595595595595597 0.3046538913263866
2 2.5785785785785786 0.3060947204962421
2 2.5975975975975976 0.307514450900923
2 2.616616616616617 0.30891354250246084
2 2.635635635635636 0.3102924420853549
2 2.6546546546546548 0.3116515837404877
2 2.6736736736736737 0.31299138903089807
2 2.6926926926926926 0.3143122676740343
2 2.711711711711712 0.31561461796642165
2 2.730730730730731 0.31689882699354194
2 2.74974974974975 0.318165271245171
2 2.768768768768769 0.3194143167276363
2 2.7877877877877877 0.3206463196289891
2 2.806806806806807 0.32186162629893966
2 2.825825825825826 0.32306057387428294
2 2.844844844844845 0.32424349052409457
2 2.8638638638638643 0.3254106955985503
2 2.8828828828828827 0.32656250006343274
2 2.901901901901902 0.32769920665964736
2 2.920920920920921 0.32882111037872325
2 2.93993993993994 0.32992849852066286
2 2.9589589589589593 0.33102165090188534
2 2.9779779779779783 0.3321008403116276
2 2.996996996996997 0.33316633273232893
2 3.016016016016016 0.33421838701364837
2 3.035035035035035 0.3352572559332796
2 3.0540540540540544 0.3362831858580448
2 3.0730730730730733 0.33729641697292145
2 3.0920920920920922 0.338297183565551
2 3.111111111111111 0.33928571430429844
2 3.13013013013013 0.340262232189105
2 3.1491491491491495 0.34122695487311105
2 3.1681681681681684 0.3421800948115775
2 3.1871871871871873 0.34312185931395245
2 3.206206206206206 0.344052450811765
2 3.2252252252252256 0.34497206703335775
2 3.2442442442442445 0.34588090099920504
2 3.2632632632632634 0.3467791411288262
2 3.2822822822822824 0.34766697163772303
2 3.3013013013013013 0.34854457247677534
2 3.3203203203203207 0.3494121194196496
2 3.3393393393393396 0.35026978420658067
2 3.3583583583583585 0.3511177347497971
2 3.3773773773773774 0.35195613515109425
2 3.396396396396397 0.35278514589995397
2 3.4154154154154157 0.35360492382069547
2 3.4344344344344346 0.3544156222917247
2 3.4534534534534536 0.3552173913423168
2 3.4724724724724725 0.35601037764309396
2 3.491491491491492 0.35679472478671287
2 3.5105105105105108 0.35757057315978324
2 3.5295295295295297 0.35833806014915426
2 3.5485485485485486 0.3590973202010004
2 3.567567567567568 0.35984848486126836
2 3.586586586586587 0.3605916829608399
2 3.605605605605606 0.36132704054383646
2 3.6246246246246248 0.36205468104947247
2 3.6436436436436437 0.3627747253015471
2 3.662662662662663 0.3634872916333951
2 3.681681681681682 0.36419249593848635
2 3.700700700700701 0.36489045174608503
2 3.71971971971972 0.3655812702023326
2 3.738738738738739 0.3662650602801293
2 3.757757757757758 0.366941928621908
2 3.776776776776777 0.36761197988558697
2 3.795795795795796 0.3682753164610356
2 3.814814814814815 0.36893203886118087
2 3.8338338338338342 0.36958224544622054
2 3.852852852852853 0.37022603277245153
2 3.871871871871872 0.37086349537658914
2 3.890890890890891 0.3714947260375577
2 3.90990990990991 0.3721198156692855
2 3.9289289289289293 0.3727388535187605
2 3.9479479479479482 0.37335192697930464
2 3.966966966966967 0.37395912192358344
2 3.985985985985986 0.3745605223814656
2 4.005005005005005 0.3751562109638809
2 4.024024024024024 0.37574626867393207
2 4.043043043043044 0.3763307749712748
2 4.062062062062062 0.3769098078182424
2 4.081081081081081 0.37748344372196474
2 4.1001001001001 0.3780517578386454
2 4.119119119119119 0.37861482384537837
2 4.138138138138139 0.37917271409449654
2 4.157157157157157 0.3797254996544774
2 4.176176176176177 0.38027325025806297
2 4.195195195195195 0.38081603438134726
2 4.2142142142142145 0.38135391925459494
2 4.233233233233234 0.38188697093198515
2 4.252252252252252 0.38241525424248696
2 4.271271271271272 0.3829388329122969
2 4.29029029029029 0.383457769500736
2 4.3093093093093096 0.3839721254606079
2 4.328328328328329 0.38448196115638483
2 4.347347347347347 0.3849873359688852
2 4.366366366366367 0.38548830814516666
2 4.385385385385385 0.3859849349627445
2 4.404404404404405 0.3864772727457446
2 4.423423423423424 0.38696537679242043
2 4.442442442442443 0.38744930149771756
2 4.461461461461462 0.3879291002923707
2 4.48048048048048 0.38840482576191643
2 4.4994994994995 0.38887652948194185
2 4.518518518518519 0.38934426231497055
2 4.537537537537538 0.3898080741449527
2 4.556556556556557 0.39026801407339123
2 4.575575575575575 0.39072413040478604
2 4.594594594594595 0.3911764705883366
2 4.613613613613614 0.39162508137940083
2 4.6326326326326335 0.3920700086450961
2 4.651651651651652 0.3925112976350336
2 4.67067067067067 0.39294899273207073
2 4.68968968968969 0.3933831377047008
2 4.708708708708709 0.393813775528818
2 4.7277277277277285 0.39424094854267944
2 4.746746746746747 0.39466469846005725
2 4.7657657657657655 0.39508506617892214
2 4.784784784784785 0.3955020920626362
2 4.803803803803804 0.39591581582519936
2 4.822822822822824 0.39632627649102703
2 4.841841841841842 0.3967335125190267
2 4.8608608608608606 0.39713756176278825
2 4.87987987987988 0.39753846155052197
2 4.898898898898899 0.39793624848679154
2 4.917917917917919 0.3983309587029842
2 4.936936936936937 0.3987226277508098
2 4.9559559559559565 0.3991112906631938
2 4.974974974974975 0.3994969819049123
2 4.993993993993994 0.3998797354448648
2 5.013013013013014 0.4002595846851314
2 5.032032032032032 0.4006365625693535
2 5.051051051051052 0.40101070155837604
2 5.07007007007007 0.4013820335687165
2 5.089089089089089 0.4017505900886762
2 5.108108108108109 0.4021164021381941
2 5.127127127127127 0.4024795002127049
2 5.146146146146147 0.4028399144194544
2 5.165165165165165 0.4031976744217569
2 5.1841841841841845 0.4035528094447309
2 5.203203203203204 0.403905348217583
2 5.222222222222222 0.4042553191493209
2 5.241241241241242 0.4046027501977505
2 5.26026026026026 0.40494766890575806
2 5.2792792792792795 0.40529010240486874
2 5.298298298298299 0.405630077476751
2 5.317317317317317 0.4059676204968482
2 5.336336336336337 0.4063027574720055
2 5.355355355355356 0.4066355140348315
2 5.374374374374375 0.40696591545255745
2 5.393393393393394 0.40729398666376443
2 5.412412412412412 0.4076197521742429
2 5.431431431431432 0.4079432362839597
2 5.450450450450451 0.40826446283066337
2 5.46946946946947 0.40858345533318247
2 5.488488488488489 0.4089002371091245
2 5.5075075075075075 0.40921483098385614
2 5.526526526526527 0.4095272595670062
2 5.545545545545546 0.4098375451502986
2 5.564564564564565 0.4101457096833629
2 5.583583583583584 0.41045177485598505
2 5.602602602602603 0.41075576201651587
2 5.621621621621622 0.4110576923073411
2 5.640640640640641 0.4113575865272481
2 5.65965965965966 0.4116554651673674
2 5.678678678678679 0.4119513485078524
2 5.6976976976976985 0.4122452564948131
2 5.716716716716717 0.41253720891911505
2 5.735735735735736 0.4128272251517561
2 5.754754754754755 0.41311532442710586
2 5.773773773773774 0.41340152565890464
2 5.792792792792794 0.41368584760569477
2 5.811811811811812 0.4139683086605109
2 5.830830830830831 0.4142489270433612
2 5.84984984984985 0.41452772074463934
2 5.868868868868869 0.4148047075036176
2 5.887887887887889 0.4150799048076111
2 5.906906906906907 0.4153533299689681
2 5.9259259259259265 0.4156249999977546
2 5.944944944944945 0.4158949318185773
2 5.963963963963964 0.41616314199750204
2 5.982982982982984 0.4164296469908889
2 6.002002002002002 0.4166944629888125
2 6.0210210210210215 0.416957605993997
2 6.04004004004004 0.41721909182850786
2 6.059059059059059 0.41747893608149844
2 6.078078078078079 0.4177371541553515
2 6.097097097097097 0.41799376129358146
2 6.116116116116117 0.4182487725092522
2 6.135135135135136 0.41850220264815924
2 6.1541541541541545 0.4187540663796588
2 6.173173173173174 0.41900437815842
2 6.192192192192192 0.4192531522859446
2 6.211211211211212 0.41950040290652285
2 6.230230230230231 0.41974614397856674
2 6.2492492492492495 0.419990389240369
2 6.268268268268269 0.42023315234895436
2 6.287287287287287 0.42047444676419854
2 6.306306306306307 0.42071428572356295
2 6.325325325325326 0.4209526823975621
2 6.344344344344345 0.42118964973438
2 6.363363363363364 0.42142520057259825
2 6.382382382382382 0.42165934754949197
2 6.401401401401402 0.42189210322789217
2 6.420420420420421 0.4221234798964645
2 6.43943943943944 0.4223534898149341
2 6.458458458458459 0.4225821450891098
2 6.477477477477478 0.4228094575736471
2 6.496496496496497 0.42303543915290265
2 6.515515515515516 0.42326010140642795
2 6.534534534534535 0.42348345588633063
2 6.553553553553554 0.42370551398354844
2 6.572572572572573 0.4239262869456936
2 6.591591591591592 0.4241457858872518
2 6.610610610610611 0.424364021817905
2 6.62962962962963 0.4245810056052777
2 6.648648648648649 0.42479674796701045
2 6.6676676676676685 0.425011259579661
2 6.686686686686687 0.4252245509172221
2 6.705705705705706 0.42543663234402507
2 6.724724724724725 0.42564751413961593
2 6.743743743743744 0.42585720648497777
2 6.762762762762764 0.4260657193574335
2 6.781781781781782 0.4262730627423161
2 6.800800800800801 0.4264792463988105
2 6.81981981981982 0.4266842800618443
2 6.838838838838839 0.4268881733148834
2 6.857857857857859 0.4270909356388482
2 6.876876876876877 0.42729257640741575
2 6.8958958958958965 0.4274931049408927
2 6.914914914914916 0.42769253041580846
2 6.933933933933934 0.42789086184289016
2 6.952952952952954 0.42808810826440846
2 6.971971971971972 0.42828427854522216
2 6.9909909909909915 0.428479381456815
2 7.010010010010011 0.42867342567697964
2 7.029029029029029 0.4288664198315876
2 7.048048048048049 0.42905837238982364
2 7.067067067067067 0.4292492917936357
2 7.086086086086087 0.4294391863303517
2 7.105105105105106 0.42962806425030114
2 7.124124124124124 0.4298159336794125
2 7.143143143143144 0.43000280270492597
2 7.162162162162162 0.43018867926345583
2 7.181181181181182 0.4303735712478244
2 7.200200200200201 0.43055748645012054
2 7.2192192192192195 0.43074043261725414
2 7.238238238238239 0.4309224173784883
2 7.257257257257257 0.43110344827312846
2 7.276276276276277 0.43128353282210463
2 7.295295295295296 0.4314626783816416
2 7.314314314314315 0.4316408923055919
2 7.333333333333334 0.4318181818345675
2 7.352352352352353 0.43199455412901716
2 7.371371371371372 0.43217001631268936
2 7.390390390390391 0.4323445753812842
2 7.40940940940941 0.43251823833180314
2 7.428428428428429 0.4326910120047149
2 7.447447447447448 0.43286290324186
2 7.466466466466467 0.4330339187673687
2 7.485485485485486 0.4332040652828237
2 7.504504504504505 0.43337334934697375
2 7.523523523523524 0.43354177754685147
2 7.542542542542543 0.43370935634516977
2 7.561561561561562 0.433876092141018
2 7.580580580580581 0.43404199129691196
2 7.5995995995996 0.434207060073475
2 7.618618618618619 0.4343713047083269
2 7.6376376376376385 0.43453473133655307
2 7.656656656656657 0.43469734607213356
2 7.675675675675676 0.4348591549426536
2 7.694694694694695 0.4350201639146489
2 7.713713713713714 0.43518037893511713
2 7.7327327327327335 0.43533980584132825
2 7.751751751751752 0.43549845042029894
2 7.770770770770771 0.43565631844007285
2 7.789789789789791 0.43581341558595915
2 7.808808808808809 0.4359697474853487
2 7.827827827827829 0.43612531970739826
2 7.846846846846847 0.43628013778719127
2 7.8658658658658664 0.4364342071959221
2 7.884884884884886 0.43658753333140154
2 7.903903903903904 0.4367401215829586
2 7.922922922922924 0.4368919772634395
2 7.941941941941942 0.43704310563437776
2 7.9609609609609615 0.4371935118811935
2 7.979979979979981 0.4373432012074038
2 7.998998998998999 0.4374921787017303
2 8.018018018018019 0.43764044944374536
2 8.037037037037038 0.4377880184422682
2 8.056056056056057 0.43793489067084074
2 8.075075075075077 0.4380810710360128
2 8.094094094094094 0.4382265644407002
2 8.113113113113114 0.43837137570510454
2 8.132132132132133 0.4385155096052158
2 8.15115115115115 0.43865897091083533
2 8.17017017017017 0.4388017642820307
2 8.18918918918919 0.43894389440528775
2 8.208208208208209 0.4390853658657154
2 8.227227227227228 0.4392261832467953
2 8.246246246246248 0.43936635106678606
2 8.265265265265267 0.43950587382018547
2 8.284284284284285 0.43964475592785823
2 8.303303303303304 0.43978300181953345
2 8.322322322322323 0.4399206158492374
2 8.34134134134134 0.44005760231027247
2 8.36036036036036 0.44019396552906226
2 8.37937937937938 0.44032970972077506
2 8.398398398398399 0.44046483909379364
2 8.417417417417418 0.4405993578377043
2 8.436436436436438 0.44073327005580093
2 8.455455455455457 0.440866579862065
2 8.474474474474475 0.4409992912891468
2 8.493493493493494 0.4411314083818851
2 8.512512512512513 0.4412629351022448
2 8.531531531531531 0.44139387540566827
2 8.55055055055055 0.44152423321640205
2 8.56956956956957 0.4416540123933999
2 8.588588588588589 0.44178321679426813
2 8.607607607607608 0.4419118502300498
2 8.626626626626628 0.44203991646872476
2 8.645645645645647 0.4421674192549203
2 8.664664664664667 0.4422943622986287
2 8.683683683683684 0.44242074928815367
2 8.702702702702704 0.44254658386624735
2 8.721721721721721 0.4426718696317288
2 8.74074074074074 0.4427966101752212
2 8.75975975975976 0.4429208090605464
2 8.77877877877878 0.44304446979910683
2 8.797797797797799 0.44316759587903176
2 8.816816816816818 0.4432901907520263
2 8.835835835835837 0.4434122578519777
2 8.854854854854857 0.443533800603066
2 8.873873873873874 0.44365482233337244
2 8.892892892892894 0.4437753264404355
2 8.911911911911913 0.4438953161903977
2 8.93093093093093 0.4440147948983489
2 8.94994994994995 0.4441337658038599
2 8.96896896896897 0.444252232151411
2 8.987987987987989 0.4443701971360201
2 9.007007007007008 0.4444876639393663
2 9.026026026026027 0.4446046356970304
2 9.045045045045045 0.4447211155439323
2 9.064064064064064 0.44483710657487835
2 9.083083083083084 0.44495261186667984
2 9.102102102102103 0.44506763445463954
2 9.121121121121122 0.44518217735679133
2 9.14014014014014 0.44529624357842507
2 9.15915915915916 0.44540983607838963
2 9.178178178178179 0.44552295780053985
2 9.197197197197198 0.44563561167421123
2 9.216216216216218 0.44574780059777314
2 9.235235235235235 0.4458595274250732
2 9.254254254254255 0.44597079503755965
2 9.273273273273274 0.4460816062217858
2 9.292292292292293 0.44619196381405685
2 9.311311311311313 0.44630187056459153
2 9.33033033033033 0.4464113292638203
2 9.34934934934935 0.44652034263322526
2 9.368368368368369 0.44662891335750854
2 9.387387387387388 0.44673704414444115
2 9.406406406406408 0.44684473769565514
2 9.425425425425425 0.4469519966061813
2 9.444444444444445 0.44705882353373333
2 9.463463463463464 0.4471652210769211
2 9.482482482482483 0.4472711918209257
2 9.501501501501503 0.44737673830706826
2 9.52052052052052 0.4474818631154386
2 9.53953953953954 0.44758656873412034
2 9.558558558558559 0.4476908576926896
2 9.577577577577578 0.44779473244238893
2 9.596596596596598 0.4478981954814134
2 9.615615615615617 0.4480012492189179
2 9.634634634634635 0.44810389611126655
2 9.653653653653654 0.448206138537205
2 9.672672672672673 0.4483079789021709
2 9.691691691691693 0.44840941954743985
2 9.710710710710712 0.44851046284116725
2 9.72972972972973 0.4486111111128272
2 9.74874874874875 0.44871136667063616
2 9.767767767767769 0.44881123181048616
2 9.786786786786788 0.4489107088201779
2 9.805805805805807 0.44900979992449847
2 9.824824824824825 0.44910850738222685
2 9.843843843843844 0.4492068334429773
2 9.862862862862864 0.44930478026799775
2 9.881881881881883 0.44940235009681234
2 9.900900900900902 0.4494995450428918
2 9.91991991991992 0.44959636730211583
2 9.93893893893894 0.4496928190265299
2 9.957957957957959 0.4497889022983489
2 9.976976976976978 0.44988461924843476
2 9.995995995995997 0.44997997196199074
2 10.015015015015015 0.4500749625225779
2 10.034034034034034 0.45016959298670134
2 10.053053053053054 0.450263865382369
2 10.072072072072073 0.450357781758694
2 10.091091091091092 0.4504513441258747
2 10.11011011011011 0.450544554456758
2 10.12912912912913 0.45063741477097025
2 10.148148148148149 0.45072992701946496
2 10.167167167167168 0.45082209313767396
2 10.186186186186188 0.4509139150970225
2 10.205205205205205 0.4510053948133724
2 10.224224224224224 0.4510965341736986
2 10.243243243243244 0.45118733509064546
2 10.262262262262263 0.45127779946376173
2 10.281281281281283 0.4513679291267901
2 10.3003003003003 0.451457725954455
2 10.31931931931932 0.4515471917839692
2 10.338338338338339 0.45163632843399415
2 10.357357357357358 0.4517251377268868
2 10.376376376376378 0.45181362145221887
2 10.395395395395397 0.4519017814221683
2 10.414414414414415 0.451989619387605
2 10.433433433433434 0.45207713711165676
2 10.452452452452453 0.45216433633762704
2 10.471471471471473 0.4522512188217567
2 10.490490490490492 0.45233778626118015
2 10.50950950950951 0.4524240403880203
2 10.528528528528529 0.4525099828969273
2 10.547547547547548 0.4525956154562058
2 10.566566566566568 0.4526809397556367
2 10.585585585585587 0.45276595745333503
2 10.604604604604605 0.4528506702012644
2 10.623623623623624 0.452935079623378
2 10.642642642642643 0.45301918736654584
2 10.661661661661663 0.453102995028047
2 10.680680680680682 0.45318650422414397
2 10.6996996996997 0.45326971652782266
2 10.71871871871872 0.45335263355503386
2 10.737737737737739 0.4534352568323209
2 10.756756756756758 0.45351758794557534
2 10.775775775775777 0.45359962843187307
2 10.794794794794795 0.45368137982258366
2 10.813813813813814 0.453762843666833
2 10.832832832832834 0.45384402144814273
2 10.851851851851853 0.45392491467224916
2 10.870870870870872 0.4540055248752765
2 10.88988988988989 0.4540858534888266
2 10.90890890890891 0.4541659019946168
2 10.927927927927929 0.4542456718898329
2 10.946946946946948 0.45432516459847544
2 10.965965965965967 0.45440438155931007
2 10.984984984984985 0.4544833242283949
2 11.004004004004004 0.45456199400242336
2 11.023023023023024 0.4546403923105746
2 11.042042042042043 0.45471852053631134
2 11.061061061061062 0.4547963800930384
2 11.08008008008008 0.4548739723556069
2 11.0990990990991 0.4549512987016771
2 11.118118118118119 0.4550283604916749
2 11.137137137137138 0.455105159085543
2 11.156156156156158 0.45518169583314305
2 11.175175175175177 0.4552579720564623
2 11.194194194194194 0.4553339890898787
2 11.213213213213214 0.4554097482708697
2 11.232232232232233 0.45548525087072284
2 11.251251251251253 0.455560498228325
2 11.270270270270272 0.45563549161571276
2 11.28928928928929 0.4557102323141296
2 11.308308308308309 0.4557847216189377
2 11.327327327327328 0.45585896077044136
2 11.346346346346348 0.4559329510416579
2 11.365365365365367 0.4560066936798407
2 11.384384384384385 0.4560801899228182
2 11.403403403403404 0.456153441023099
2 11.422422422422423 0.4562264481666826
2 11.441441441441443 0.45629921259934986
2 11.460460460460462 0.45637173554296445
2 11.47947947947948 0.4564440181453799
2 11.498498498498499 0.45651606163278413
2 11.517517517517518 0.4565878672013603
2 11.536536536536538 0.4566594360086911
2 11.555555555555557 0.4567307692427426
2 11.574574574574575 0.45680186802876416
2 11.593593593593594 0.4568727335525466
2 11.612612612612613 0.45694336695737825
2 11.631631631631633 0.4570137693694881
2 11.650650650650652 0.45708394191802226
2 11.66966966966967 0.4571538857563986
2 11.68868868868869 0.4572236019615236
2 11.707707707707709 0.4572930916649642
2 11.726726726726728 0.45736235596368835
2 11.745745745745747 0.4574313959470986
2 11.764764764764765 0.45750021270898966
2 11.783783783783784 0.45756880734601474
2 11.802802802802804 0.4576371808954308
2 11.821821821821823 0.4577053344715676
2 11.840840840840842 0.45777326909171007
2 11.85985985985986 0.4578409858315421
2 11.87887887887888 0.45790848572498893
2 11.897897897897899 0.4579757698244925
2 11.916916916916918 0.458042839151839
2 11.935935935935937 0.45810969472413987
2 11.954954954954957 0.4581763376031323
2 11.973973973973974 0.4582427687804887
2 11.992992992992994 0.45830898923523056
2 12.012012012012013 0.4583750000044155
2 12.031031031031032 0.45844080207081683
2 12.050050050050052 0.45850639641852825
2 12.06906906906907 0.4585717840284888
2 12.088088088088089 0.4586369658850972
2 12.107107107107108 0.4587019429581304
2 12.126126126126128 0.45876671620590437
2 12.145145145145147 0.4588312865784742
2 12.164164164164164 0.458895655036089
2 12.183183183183184 0.45895982253170947
2 12.202202202202203 0.45902378999649274
2 12.221221221221223 0.45908755836685955
2 12.240240240240242 0.45915112856753065
2 12.25925925925926 0.4592145015071201
2 12.278278278278279 0.45927767814045733
2 12.297297297297298 0.459340659342532
2 12.316316316316318 0.4594034460312502
2 12.335335335335337 0.45946603912342626
2 12.354354354354355 0.4595284394809299
2 12.373373373373374 0.45959064801764055
2 12.392392392392393 0.45965266559688484
2 12.411411411411413 0.4597144931098505
2 12.430430430430432 0.4597761314258772
2 12.44944944944945 0.4598375814199838
2 12.468468468468469 0.45989884393435404
2 12.487487487487488 0.4599599198557305
2 12.506506506506508 0.4600208099943792
2 12.525525525525527 0.46008151523150514
2 12.544544544544545 0.4601420363962293
2 12.563563563563564 0.46020237431594724
2 12.582582582582583 0.4602625298438535
2 12.601601601601603 0.4603225037753665
2 12.620620620620622 0.4603822969587218
2 12.63963963963964 0.46044191019240677
2 12.65865865865866 0.46050134429957756
2 12.677677677677679 0.4605606000876952
2 12.696696696696698 0.46061967834090506
2 12.715715715715717 0.4606785798648638
2 12.734734734734735 0.46073730546096786
2 12.753753753753754 0.46079585590414524
2 12.772772772772774 0.4608542319750577
2 12.791791791791793 0.4609124344621932
2 12.810810810810812 0.46097046414560533
2 12.829829829829832 0.46102832175457426
2 12.84884884884885 0.46108600810531464
2 12.867867867867869 0.4611435239275522
2 12.886886886886888 0.46120086996574927
2 12.905905905905907 0.4612580470075221
2 12.924924924924927 0.46131505576401743
2 12.943943943943944 0.46137189700505965
2 12.962962962962964 0.4614285714308088
2 12.981981981981983 0.4614850798096266
2 13.001001001001002 0.4615414228563824
2 13.020020020020022 0.461597601293636
2 13.03903903903904 0.4616536158489587
2 13.058058058058059 0.4617094672346806
2 13.077077077077078 0.461765156160864
2 13.096096096096097 0.4618206833404997
2 13.115115115115117 0.4618760494627737
2 13.134134134134134 0.4619312552445695
2 13.153153153153154 0.4619863013730264
2 13.172172172172173 0.4620411885428197
2 13.191191191191193 0.46209591744790257
2 13.210210210210212 0.4621504887498253
2 13.22922922922923 0.46220490314699136
2 13.248248248248249 0.4622591613226947
2 13.267267267267268 0.46231326392943967
2 13.286286286286288 0.46236721163556993
2 13.305305305305307 0.46242100512297984
2 13.324324324324325 0.46247464503696717
2 13.343343343343344 0.4625281320420102
2 13.362362362362363 0.46258146678627254
2 13.381381381381383 0.46263464990936265
2 13.400400400400402 0.4626876820796686
2 13.41941941941942 0.46274056392873036
2 13.438438438438439 0.46279329609651565
2 13.457457457457458 0.4628458792097324
2 13.476476476476478 0.4628983138951413
2 13.495495495495497 0.46295060081713374
2 13.514514514514515 0.46300274054196744
2 13.533533533533534 0.4630547337362575
2 13.552552552552553 0.4631065809892116
2 13.571571571571573 0.46315828294133415
2 13.590590590590592 0.4632098401756722
2 13.609609609609612 0.46326125331162915
2 13.62862862862863 0.46331252295597214
2 13.647647647647648 0.46336364969890687
2 13.666666666666668 0.4634146341441571
2 13.685685685685687 0.46346547689295553
2 13.704704704704707 0.463516178517848
2 13.723723723723724 0.46356673961474
2 13.742742742742744 0.4636171607589662
2 13.761761761761763 0.46366744254203085
2 13.780780780780782 0.4637175855261391
2 13.799799799799802 0.4637675903146382
2 13.81881881881882 0.46381745745232317
2 13.837837837837839 0.46386718750505307
2 13.856856856856858 0.46391678104767403
2 13.875875875875877 0.4639662386462723
2 13.894894894894897 0.46401556084491713
2 13.913913913913914 0.4640647482082912
2 13.932932932932934 0.46411380128836655
2 13.951951951951953 0.46416272062304076
2 13.970970970970972 0.4642115067838049
2 13.989989989989992 0.4642601602761945
2 14.00900900900901 0.4643086816742061
2 14.028028028028029 0.4643570715035622
2 14.047047047047048 0.46440533029547665
2 14.066066066066067 0.4644534585881353
2 14.085085085085087 0.4645014568986342
2 14.104104104104104 0.46454932576796765
2 14.123123123123124 0.46459706571248116
2 14.142142142142143 0.4646446772441067
2 14.161161161161163 0.46469216088249066
2 14.180180180180182 0.46473951715617895
2 14.1991991991992 0.46478674656998276
2 14.218218218218219 0.4648338496286843
2 14.237237237237238 0.4648808268372829
2 14.256256256256258 0.4649276787006305
2 14.275275275275277 0.464974405725641
2 14.294294294294295 0.46502100841039273
2 14.313313313313314 0.4650674872356349
2 14.332332332332333 0.46511384271423933
2 14.351351351351353 0.46516007534111137
2 14.370370370370372 0.46520618557574456
2 14.38938938938939 0.4652521739192213
2 14.408408408408409 0.4652980408576812
2 14.427427427427428 0.4653437868626517
2 14.446446446446448 0.46538941242285037
2 14.465465465465467 0.4654349180024053
2 14.484484484484486 0.465480304075587
2 14.503503503503504 0.4655255711272214
2 14.522522522522523 0.46557071960767177
2 14.541541541541543 0.46561574998638494
2 14.560560560560562 0.4656606627291538
2 14.579579579579582 0.46570545829758225
2 14.598598598598599 0.4657501371416323
2 14.617617617617618 0.4657946997236227
2 14.636636636636638 0.465839146496852
2 14.655655655655657 0.46588347790389395
2 14.674674674674677 0.4659276944119421
2 14.693693693693694 0.465971796443017
2 14.712712712712714 0.4660157844621876
2 14.731731731731733 0.4660596588999557
2 14.750750750750752 0.4661034202019176
2 14.769769769769772 0.4661470687933284
2 14.78878878878879 0.46619060512239774
2 14.807807807807809 0.46623402961370364
2 14.826826826826828 0.4662773427024281
2 14.845845845845847 0.4663205448072069
2 14.864864864864867 0.46636363637050476
2 14.883883883883884 0.4664066177984359
2 14.902902902902904 0.4664494895232982
2 14.921921921921923 0.46649225196675426
2 14.940940940940942 0.4665349055297148
2 14.959959959959962 0.46657745065932754
2 14.97897897897898 0.4666198877378833
2 14.997997997997999 0.46666221718550366
2 15.017017017017018 0.46670443941103823
2 15.036036036036037 0.46674655482649713
2 15.055055055055057 0.46678856383476475
2 15.074074074074074 0.46683046683109347
2 15.093093093093094 0.46687226423274986
2 15.112112112112113 0.46691395642155986
2 15.131131131131133 0.46695554379339865
2 15.150150150150152 0.4669970267606912
2 15.16916916916917 0.46703840570376165
2 15.188188188188189 0.4670796810202768
2 15.207207207207208 0.46712085308417134
2 15.226226226226228 0.46716192229779807
2 15.245245245245247 0.4672028890434905
2 15.264264264264266 0.4672437536966472
2 15.283283283283284 0.46728451664074344
2 15.302302302302303 0.46732517826160713
2 15.321321321321323 0.467365738925188
2 15.340340340340342 0.46740619902700936
2 15.359359359359361 0.4674465589158006
2 15.378378378378379 0.4674868189785642
2 15.397397397397398 0.46752697958993555
2 15.416416416416418 0.46756704110432606
2 15.435435435435437 0.4676070038881092
2 15.454454454454456 0.46764686832373875
2 15.473473473473474 0.46768663476140754
2 15.492492492492493 0.4677263035554094
2 15.511511511511513 0.46776587506757483
2 15.530530530530532 0.46780534966769083
2 15.549549549549551 0.46784472769800334
2 15.568568568568569 0.4678840095194067
2 15.587587587587588 0.46792319548322264
2 15.606606606606608 0.46796228593841777
2 15.625625625625627 0.4680012812338286
2 15.644644644644647 0.46804018171270867
2 15.663663663663664 0.4680789877368663
2 15.682682682682684 0.46811769962936484
2 15.701701701701703 0.468156317740435
2 15.720720720720722 0.4681948424119947
2 15.739739739739742 0.4682332739842347
2 15.75875875875876 0.46827161278699003
2 15.777777777777779 0.4683098591597546
2 15.796796796796798 0.4683480134396074
2 15.815815815815817 0.46838607594708953
2 15.834834834834837 0.46842404703847335
2 15.853853853853854 0.4684619270229971
2 15.872872872872874 0.468499716212649
2 15.891891891891893 0.4685374149749099
2 15.910910910910912 0.4685750235908527
2 15.929929929929932 0.46861254242530603
2 15.94894894894895 0.4686499717636506
2 15.967967967967969 0.46868731194453633
2 15.986986986986988 0.468724563263665
2 16.006006006006007 0.4687617260831797
2 16.025025025025027 0.4687988006824998
2 16.044044044044046 0.4688357873752126
2 16.063063063063062 0.4688726864882962
2 16.08208208208208 0.46890949832514
2 16.1011011011011 0.4689462231927079
2 16.12012012012012 0.46898286140145207
2 16.13913913913914 0.469019413266844
2 16.15815815815816 0.4690558790786451
2 16.177177177177178 0.469092259144434
2 16.196196196196198 0.4691285537698919
2 16.215215215215217 0.46916476326112255
2 16.234234234234236 0.4692008879066071
2 16.253253253253256 0.4692369280062433
2 16.272272272272275 0.46927288386588045
2 16.291291291291294 0.4693087557663026
2 16.310310310310314 0.46934454401146336
2 16.329329329329333 0.4693802488883221
2 16.34834834834835 0.46941587068925894
2 16.36736736736737 0.4694514096985627
2 16.386386386386388 0.46948686621884916
2 16.405405405405407 0.46952224052926084
2 16.424424424424426 0.4695575329168484
2 16.443443443443442 0.46959274366157067
2 16.46246246246246 0.46962787304660286
2 16.48148148148148 0.4696629213493474
2 16.5005005005005 0.46969788886900943
2 16.51951951951952 0.46973277586131734
2 16.53853853853854 0.4697675826214808
2 16.55755755755756 0.46980230941412193
2 16.576576576576578 0.46983695652849616
2 16.595595595595597 0.4698715242215049
2 16.614614614614617 0.46990601277647676
2 16.633633633633636 0.4699404224634832
2 16.652652652652655 0.46997475355055535
2 16.671671671671675 0.47000900630830866
2 16.690690690690694 0.470043181008058
2 16.709709709709713 0.47007727790367027
2 16.72872872872873 0.4701112972725549
2 16.74774774774775 0.4701452393812024
2 16.766766766766768 0.4701791044851208
2 16.785785785785787 0.4702128928382793
2 16.804804804804807 0.47024660472447827
2 16.823823823823826 0.4702802403812492
2 16.842842842842842 0.47031380007597756
2 16.86186186186186 0.4703472840571995
2 16.88088088088088 0.4703806926070823
2 16.8998998998999 0.47041402595110965
2 16.91891891891892 0.4704472843465468
2 16.93793793793794 0.4704804680542903
2 16.956956956956958 0.4705135773374193
2 16.975975975975977 0.47054661242692447
2 16.994994994994997 0.4705795735688484
2 17.014014014014016 0.47061246102717763
2 17.033033033033036 0.47064527503981884
2 17.052052052052055 0.47067801585499325
2 17.07107107107107 0.47071068371337366
2 17.09009009009009 0.4707432788684775
2 17.10910910910911 0.470775801546032
2 17.12812812812813 0.47080825200495563
2 17.147147147147148 0.47084063047922836
2 17.166166166166168 0.47087293720084644
2 17.185185185185187 0.47090517242026125
2 17.204204204204206 0.4709373363667433
2 17.223223223223226 0.4709694292683425
2 17.242242242242245 0.4710014513859544
2 17.261261261261264 0.4710334029264868
2 17.28028028028028 0.47106528414337645
2 17.2992992992993 0.4710970952502474
2 17.31831831831832 0.47112883649111575
2 17.33733733733734 0.4711605080915932
2 17.356356356356358 0.4711921102738424
2 17.375375375375377 0.4712236432798565
2 17.394394394394396 0.47125510732884834
2 17.413413413413416 0.47128650265202743
2 17.432432432432435 0.4713178294622083
2 17.451451451451454 0.47134908798291403
2 17.47047047047047 0.4713802784677057
2 17.48948948948949 0.47141140109854257
2 17.50850850850851 0.4714424561211598
2 17.52752752752753 0.4714734437490611
2 17.546546546546548 0.47150436420087377
2 17.565565565565567 0.4715352176913065
2 17.584584584584587 0.47156600444284447
2 17.603603603603606 0.4715967246721604
2 17.622622622622625 0.47162737858805
2 17.641641641641645 0.4716579664095332
2 17.66066066066066 0.47168848835195876
2 17.67967967967968 0.4717189446280257
2 17.6986986986987 0.47174933544626474
2 17.71771771771772 0.471779661022213
2 17.736736736736738 0.471809921555715
2 17.755755755755757 0.4718401172632741
2 17.774774774774777 0.471870248356556
2 17.793793793793796 0.4719003150412068
2 17.812812812812815 0.47193031751242626
2 17.831831831831835 0.4719602559846839
2 17.85085085085085 0.4719901306612349
2 17.86986986986987 0.47201994174849193
2 17.88888888888889 0.47204968944528963
2 17.90790790790791 0.4720793739557826
2 17.926926926926928 0.47210899547534735
2 17.945945945945947 0.47213855421748335
2 17.964964964964967 0.47216805037336834
2 17.983983983983986 0.4721974841383561
2 18.003003003003005 0.47222685571705564
2 18.022022022022025 0.4722561652985044
2 18.04104104104104 0.47228541308639693
2 18.06006006006006 0.47231459927552055
2 18.07907907907908 0.4723437240513223
2 18.0980980980981 0.4723727876131102
2 18.117117117117118 0.47240179015825184
2 18.136136136136138 0.47243073187075024
2 18.155155155155157 0.4724596129444283
2 18.174174174174176 0.47248843357646936
2 18.193193193193196 0.4725171939469695
2 18.212212212212215 0.4725458942521529
2 18.231231231231234 0.4725745346790307
2 18.25025025025025 0.4726031154039547
2 18.26926926926927 0.4726316366203103
2 18.28828828828829 0.4726600985253506
2 18.30730730730731 0.4726885012919133
2 18.326326326326328 0.47271684509785333
2 18.345345345345347 0.47274513014140945
2 18.364364364364366 0.4727733565915494
2 18.383383383383386 0.47280152464068936
2 18.402402402402405 0.47282963447557513
2 18.421421421421424 0.47285768624425434
2 18.44044044044044 0.4728856801678825
2 18.45945945945946 0.4729136164003554
2 18.47847847847848 0.4729414951299183
2 18.4974974974975 0.4729693165272737
2 18.516516516516518 0.47299708076964014
2 18.535535535535537 0.47302478803749465
2 18.554554554554556 0.47305243849909034
2 18.573573573573576 0.4730800323425716
2 18.592592592592595 0.4731075697269986
2 18.611611611611615 0.4731350508306849
2 18.63063063063063 0.47316247582675375
2 18.64964964964965 0.47318984488131716
2 18.66866866866867 0.4732171581812005
2 18.68768768768769 0.4732444158807238
2 18.706706706706708 0.47327161815428065
2 18.725725725725727 0.47329876517036784
2 18.744744744744747 0.47332585709437
2 18.763763763763766 0.47335289410326276
2 18.782782782782785 0.4733798763639454
2 18.801801801801805 0.4734068040276999
2 18.82082082082082 0.473433677273047
2 18.83983983983984 0.4734604962542889
2 18.85885885885886 0.4734872611508501
2 18.87787787787788 0.47351397211303703
2 18.896896896896898 0.47354062930633944
2 18.915915915915917 0.473567232897734
2 18.934934934934937 0.47359378304834104
2 18.953953953953956 0.4736202799078517
2 18.972972972972975 0.4736467236426589
2 18.991991991991995 0.47367311442766086
2 19.011011011011014 0.4736994524035173
2 19.03003003003003 0.4737257377366588
2 19.04904904904905 0.47375197057758106
2 19.06806806806807 0.47377815108995996
2 19.087087087087088 0.4738042794233118
2 19.106106106106107 0.4738303557436645
2 19.125125125125127 0.47385638020173737
2 19.144144144144146 0.4738823529442759
2 19.163163163163166 0.4739082741389601
2 19.182182182182185 0.4739341439256195
2 19.201201201201204 0.47395996246411304
2 19.22022022022022 0.47398572991072263
2 19.23923923923924 0.47401144641733184
2 19.25825825825826 0.4740371121201317
2 19.27727727727728 0.4740627271836936
2 19.296296296296298 0.47408829175417644
2 19.315315315315317 0.4741138059734465
2 19.334334334334336 0.47413927000062756
2 19.353353353353356 0.4741646839804257
2 19.372372372372375 0.4741900480560938
2 19.391391391391394 0.4742153623813283
2 19.41041041041041 0.47424062709276654
2 19.42942942942943 0.4742658423530155
2 19.44844844844845 0.47429100828353593
2 19.46746746746747 0.47431612505815257
2 19.486486486486488 0.47434119279396997
2 19.505505505505507 0.474366211640154
2 19.524524524524526 0.47439118175174333
2 19.543543543543546 0.4744161032584448
2 19.562562562562565 0.47444097630877385
2 19.581581581581585 0.47446580104486713
2 19.6006006006006 0.4744905776064447
2 19.61961961961962 0.4745153061242087
2 19.63863863863864 0.47453998675091424
2 19.65765765765766 0.47456461961904783
2 19.676676676676678 0.47458920486765155
2 19.695695695695697 0.4746137426308034
2 19.714714714714717 0.47463823306026504
2 19.733733733733736 0.47466267627458764
2 19.752752752752755 0.4746870724217823
2 19.771771771771775 0.47471142163202834
2 19.790790790790794 0.4747357240418477
2 19.80980980980981 0.47475997979435525
2 19.82882882882883 0.4747841890062593
2 19.84784784784785 0.47480835182916653
2 19.866866866866868 0.4748324683859064
2 19.885885885885887 0.4748565388157653
2 19.904904904904907 0.474880563241985
2 19.923923923923926 0.4749045417975178
2 19.942942942942945 0.4749284746312217
2 19.961961961961965 0.47495236184834755
2 19.980980980980984 0.4749762036009386
2 20.0 0.47500000000381637
