1.1 0.12500000000000008
1.1020202020202021 0.12709731543624173
1.1040404040404042 0.12918060200668907
1.1060606060606062 0.13125000000000014
1.1080808080808082 0.1333056478405317
1.1101010101010103 0.13534768211920545
1.1121212121212123 0.13737623762376255
1.1141414141414143 0.13939144736842124
1.1161616161616164 0.141393442622951
1.1181818181818182 0.14338235294117646
1.1202020202020202 0.1453583061889251
1.1222222222222222 0.14732142857142858
1.1242424242424243 0.1492718446601942
1.1262626262626263 0.15120967741935487
1.1282828282828283 0.1531350482315113
1.1303030303030304 0.15504807692307698
1.1323232323232324 0.15694888178913746
1.1343434343434344 0.15883757961783448
1.1363636363636365 0.1607142857142858
1.1383838383838385 0.16257911392405075
1.1404040404040405 0.16443217665615154
1.1424242424242426 0.1662735849056605
1.1444444444444446 0.1681034482758622
1.1464646464646466 0.16992187500000014
1.1484848484848487 0.171728971962617
1.1505050505050507 0.17352484472049706
1.1525252525252525 0.1753095975232198
1.1545454545454545 0.17708333333333334
1.1565656565656566 0.17884615384615385
1.1585858585858586 0.18059815950920247
1.1606060606060606 0.18233944954128442
1.1626262626262627 0.18407012195121955
1.1646464646464647 0.18579027355623107
1.1666666666666667 0.18750000000000006
1.1686868686868688 0.18919939577039283
1.1707070707070708 0.19088855421686754
1.1727272727272728 0.19256756756756765
1.1747474747474749 0.19423652694610788
1.176767676767677 0.19589552238805982
1.178787878787879 0.197544642857143
1.180808080808081 0.19918397626112774
1.1828282828282828 0.20081360946745558
1.1848484848484848 0.20243362831858405
1.1868686868686869 0.20404411764705882
1.1888888888888889 0.20564516129032256
1.190909090909091 0.20723684210526316
1.192929292929293 0.20881924198250731
1.194949494949495 0.21039244186046513
1.196969696969697 0.21195652173913046
1.198989898989899 0.21351156069364166
1.201010101010101 0.21505763688760812
1.2030303030303031 0.21659482758620696
1.2050505050505051 0.2181232091690545
1.2070707070707072 0.21964285714285722
1.2090909090909092 0.22115384615384626
1.2111111111111112 0.2226562500000001
1.2131313131313133 0.2241501416430596
1.2151515151515153 0.2256355932203391
1.2171717171717171 0.227112676056338
1.2191919191919192 0.22858146067415727
1.2212121212121212 0.23004201680672268
1.2232323232323232 0.23149441340782123
1.2252525252525253 0.23293871866295265
1.2272727272727273 0.23437500000000003
1.2292929292929293 0.23580332409972302
1.2313131313131314 0.2372237569060774
1.2333333333333334 0.23863636363636367
1.2353535353535354 0.24004120879120885
1.2373737373737375 0.2414383561643836
1.2393939393939395 0.24282786885245908
1.2414141414141415 0.24420980926430524
1.2434343434343436 0.24558423913043487
1.2454545454545456 0.2469512195121952
1.2474747474747476 0.2483108108108109
1.2494949494949497 0.24966307277628044
1.2515151515151515 0.251008064516129
1.2535353535353535 0.2523458445040214
1.2555555555555555 0.2536764705882353
1.2575757575757576 0.255
1.2595959595959596 0.25631648936170215
1.2616161616161616 0.2576259946949602
1.2636363636363637 0.25892857142857145
1.2656565656565657 0.2602242744063325
1.2676767676767677 0.2615131578947369
1.2696969696969698 0.2627952755905512
1.2717171717171718 0.2640706806282723
1.2737373737373738 0.2653394255874674
1.2757575757575759 0.26660156250000006
1.277777777777778 0.26785714285714296
1.27979797979798 0.2691062176165804
1.2818181818181817 0.2703488372093023
1.283838383838384 0.27158505154639184
1.2858585858585858 0.2728149100257069
1.2878787878787878 0.2740384615384615
1.2898989898989899 0.27525575447570333
1.291919191919192 0.27646683673469385
1.293939393939394 0.2776717557251908
1.295959595959596 0.2788705583756345
1.297979797979798 0.2800632911392405
1.3 0.28125
