1.1 0.16000000000000011
1.1020202020202021 0.16257545271629792
1.1040404040404042 0.16513026052104224
1.1060606060606062 0.1676646706586828
1.1080808080808082 0.17017892644135207
1.1101010101010103 0.17267326732673288
1.1121212121212123 0.17514792899408305
1.1141414141414143 0.17760314341846778
1.1161616161616164 0.18003913894324877
1.1181818181818182 0.18245614035087718
1.1202020202020202 0.18485436893203883
1.1222222222222222 0.1872340425531915
1.1242424242424243 0.1895953757225434
1.1262626262626263 0.1919385796545106
1.1282828282828283 0.19426386233269602
1.1303030303030304 0.19657142857142865
1.1323232323232324 0.19886148007590143
1.1343434343434344 0.2011342155009453
1.1363636363636365 0.20338983050847467
1.1383838383838385 0.2056285178236399
1.1404040404040405 0.2078504672897198
1.1424242424242426 0.21005586592178785
1.1444444444444446 0.21224489795918383
1.1464646464646466 0.2144177449168209
1.1484848484848487 0.21657458563535933
1.1505050505050507 0.21871559633027543
1.1525252525252525 0.22084095063985373
1.1545454545454545 0.22295081967213115
1.1565656565656566 0.2250453720508167
1.1585858585858586 0.227124773960217
1.1606060606060606 0.22918918918918924
1.1626262626262627 0.23123877917414729
1.1646464646464647 0.23327370304114498
1.1666666666666667 0.23529411764705888
1.1686868686868688 0.23730017761989353
1.1707070707070708 0.2392920353982302
1.1727272727272728 0.24126984126984138
1.1747474747474749 0.24323374340949044
1.176767676767677 0.2451838879159371
1.178787878787879 0.2471204188481677
1.180808080808081 0.24904347826086973
1.1828282828282828 0.25095320623916806
1.1848484848484848 0.25284974093264245
1.1868686868686869 0.25473321858864023
1.1888888888888889 0.25660377358490566
1.190909090909091 0.25846153846153846
1.192929292929293 0.26030664395229985
1.194949494949495 0.26213921901528014
1.196969696969697 0.2639593908629442
1.198989898989899 0.2657672849915684
1.201010101010101 0.2675630252100841
1.2030303030303031 0.2693467336683418
1.2050505050505051 0.2711185308848081
1.2070707070707072 0.2728785357737106
1.2090909090909092 0.2746268656716419
1.2111111111111112 0.2763636363636365
1.2131313131313133 0.2780889621087316
1.2151515151515153 0.2798029556650248
1.2171717171717171 0.2815057283142389
1.2191919191919192 0.28319738988580745
1.2212121212121212 0.2848780487804878
1.2232323232323232 0.28654781199351703
1.2252525252525253 0.2882067851373183
1.2272727272727273 0.2898550724637681
1.2292929292929293 0.29149277688603537
1.2313131313131314 0.29312000000000005
1.2333333333333334 0.2947368421052632
1.2353535353535354 0.2963434022257552
1.2373737373737375 0.29793977812995254
1.2393939393939395 0.299526066350711
1.2414141414141415 0.30110236220472447
1.2434343434343436 0.302668759811617
1.2454545454545456 0.30422535211267615
1.2474747474747476 0.3057722308892357
1.2494949494949497 0.3073094867807155
1.2515151515151515 0.30883720930232555
1.2535353535353535 0.310355486862442
1.2555555555555555 0.311864406779661
1.2575757575757576 0.31336405529953915
1.2595959595959596 0.31485451761102606
1.2616161616161616 0.3163358778625955
1.2636363636363637 0.3178082191780822
1.2656565656565657 0.31927162367223066
1.2676767676767677 0.3207261724659607
1.2696969696969698 0.32217194570135754
1.2717171717171718 0.323609022556391
1.2737373737373738 0.3250374812593704
1.2757575757575759 0.3264573991031391
1.277777777777778 0.3278688524590165
1.27979797979798 0.32927191679049045
1.2818181818181817 0.3306666666666666
1.283838383838384 0.33205317577548016
1.2858585858585858 0.33343151693667156
1.2878787878787878 0.3348017621145374
1.2898989898989899 0.33616398243045387
1.291919191919192 0.3375182481751825
1.293939393939394 0.3388646288209607
1.295959595959596 0.3402031930333817
1.297979797979798 0.34153400868306805
1.3 0.3428571428571429
