5 1.0 0.0
5 1.019019019019019 0.03631151457238396
5 1.038038038038038 0.06946983546617921
5 1.057057057057057 0.09986859395532184
5 1.0760760760760761 0.12783851976450808
5 1.095095095095095 0.1536595228467448
5 1.1141141141141142 0.17757009345794403
5 1.1331331331331331 0.19977469019902366
5 1.1521521521521523 0.2204496011602612
5 1.1711711711711712 0.23974763406940067
5 1.1901901901901901 0.2578018995929443
5 1.2092092092092093 0.274728885967795
5 1.2282282282282282 0.2906309751434034
5 1.2472472472472473 0.30559851531085686
5 1.2662662662662663 0.31971153846153844
5 1.2852852852852852 0.3330411919368974
5 1.3043043043043043 0.34565093803297325
5 1.3233233233233235 0.35759756435095497
5 1.3423423423423424 0.3689320388349515
5 1.3613613613613613 0.37970023665527214
5 1.3803803803803805 0.38994356080041054
5 1.3993993993993994 0.39969947407963935
5 1.4184184184184185 0.40900195694716246
5 1.4374374374374375 0.41788190294047334
5 1.4564564564564564 0.426367461430575
5 1.4754754754754755 0.43448433569631834
5 1.4944944944944947 0.4422560429722472
5 1.5135135135135136 0.4497041420118343
5 1.5325325325325325 0.45684843280377846
5 1.5515515515515514 0.4637071323374711
5 1.5705705705705706 0.4702970297029703
5 1.5895895895895897 0.4766336233056849
5 1.6086086086086087 0.48273124255657
5 1.6276276276276276 0.4886031560490941
5 1.6466466466466467 0.49426166794185156
5 1.6656656656656659 0.49971820402028944
5 1.6846846846846848 0.5049833887043189
5 1.7037037037037037 0.5100671140939597
5 1.7227227227227226 0.514978601997147
5 1.7417417417417418 0.5197264597580221
5 1.760760760760761 0.5243187305967576
5 1.7797797797797799 0.5287629390802647
5 1.7987987987987988 0.533066132264529
5 1.817817817817818 0.5372349169817525
5 1.8368368368368369 0.5412754936872775
5 1.855855855855856 0.54519368723099
5 1.874874874874875 0.5489949748743719
5 1.8938938938938938 0.5526845118366084
5 1.912912912912913 0.5562671546203111
5 1.9319319319319321 0.5597474823387946
5 1.950950950950951 0.5631298162418495
5 1.96996996996997 0.5664182376150811
5 1.9889889889889891 0.5696166042087056
5 2.008008008008008 0.57272856533485
5 2.027027027027027 0.5757575757575758
5 2.046046046046046 0.5787069084867784
5 2.065065065065065 0.5815796665755671
5 2.0840840840840844 0.5843787940105221
5 2.103103103103103 0.5871070857751731
5 2.1221221221221223 0.5897671971590162
5 2.141141141141141 0.5923616523772409
5 2.16016016016016 0.5948928525599897
5 2.1791791791791795 0.5973630831643002
5 2.1981981981981984 0.5997745208568207
5 2.2172172172172173 0.602129239910869
5 2.2362362362362362 0.6044292181573474
5 2.255255255255255 0.6066763425253991
5 2.2742742742742745 0.6088724142054287
5 2.2932932932932935 0.6110191534641759
5 2.3123123123123124 0.6131182041388987
5 2.3313313313313317 0.6151711378353377
5 2.3503503503503502 0.6171794578519959
5 2.3693693693693696 0.6191446028513239
5 2.3883883883883885 0.6210679502966528
5 2.4074074074074074 0.6229508196721311
5 2.426426426426427 0.6247944755014797
5 2.4454454454454453 0.6266001301800824
5 2.4644644644644647 0.6283689466337378
5 2.4834834834834836 0.6301020408163265
5 2.5025025025025025 0.6318004840576661
5 2.521521521521522 0.6334653052719318
5 2.5405405405405403 0.6350974930362117
5 2.5595595595595597 0.636697997548018
5 2.5785785785785786 0.6382677324698978
5 2.5975975975975976 0.639807576668671
5 2.616616616616617 0.6413183758562494
5 2.635635635635636 0.6428009441384737
5 2.6546546546546548 0.6442560654779305
5 2.6736736736736737 0.6456844950762696
5 2.6926926926926926 0.6470869606811442
5 2.711711711711712 0.6484641638225257
5 2.730730730730731 0.6498167809828056
5 2.74974974974975 0.6511454647047867
5 2.768768768768769 0.6524508446413736
5 2.7877877877877877 0.6537335285505124
5 2.806806806806807 0.6549941032386827
5 2.825825825825826 0.6562331354560174
5 2.844844844844845 0.6574511727459199
5 2.8638638638638643 0.6586487442518572
5 2.8828828828828827 0.6598263614838201
5 2.901901901901902 0.6609845190467908
5 2.920920920920921 0.6621236953333909
5 2.93993993993994 0.6632443531827515
5 2.9589589589589593 0.6643469405075109
5 2.9779779779779783 0.6654318908907223
5 2.996996996996997 0.6664996241543473
5 3.016016016016016 0.667550546900895
5 3.035035035035035 0.6685850530296802
5 3.0540540540540544 0.6696035242290749
5 3.0730730730730733 0.6706063304460455
5 3.0920920920920922 0.6715938303341903
5 3.111111111111111 0.672566371681416
5 3.13013013013013 0.6735242918183256
5 3.1491491491491495 0.6744679180083248
5 3.1681681681681684 0.6753975678203928
5 3.1871871871871873 0.6763135494854136
5 3.206206206206206 0.6772161622369027
5 3.2252252252252256 0.6781056966369252
5 3.2442442442442445 0.6789824348879467
5 3.2632632632632634 0.6798466511313237
5 3.2822822822822824 0.6806986117330945
5 3.3013013013013013 0.6815385755576966
5 3.3203203203203207 0.6823667942302032
5 3.3393393393393396 0.6831835123876343
5 3.3583583583583585 0.6839889679198723
5 3.3773773773773774 0.6847833922006775
5 3.396396396396397 0.6855670103092784
5 3.4154154154154157 0.6863400412429781
5 3.4344344344344346 0.6871026981212036
5 3.4534534534534536 0.6878551883813934
5 3.4724724724724725 0.6885977139671035
5 3.491491491491492 0.6893304715086894
5 3.5105105105105108 0.6900536524969046
5 3.5295295295295297 0.690767443449737
5 3.5485485485485486 0.6914720260727865
5 3.567567567567568 0.692167577413479
5 3.586586586586587 0.6928542700093846
5 3.605605605605606 0.6935322720309066
5 3.6246246246246248 0.6942017474185862
5 3.6436436436436437 0.6948628560152601
5 3.662662662662663 0.6955157536932932
5 3.681681681681682 0.6961605924771
5 3.700700700700701 0.6967975206611571
5 3.71971971971972 0.6974266829236989
5 3.738738738738739 0.6980482204362801
5 3.757757757757758 0.698662270969378
5 3.776776776776777 0.6992689689942021
5 3.795795795795796 0.6998684457808683
5 3.814814814814815 0.7004608294930875
5 3.8338338338338342 0.7010462452795145
5 3.852852852852853 0.7016248153618907
5 3.871871871871872 0.7021966591201126
5 3.890890890890891 0.702761893174352
5 3.90990990990991 0.7033206314643441
5 3.9289289289289293 0.7038729853259562
5 3.9479479479479482 0.7044190635651498
5 3.966966966966967 0.7049589725294327
5 3.985985985985986 0.7054928161769054
5 4.005005005005005 0.7060206961429916
5 4.024024024024024 0.7065427118049465
5 4.043043043043044 0.7070589603442262
5 4.062062062062062 0.7075695368068005
5 4.081081081081081 0.7080745341614907
5 4.1001001001001 0.7085740433564034
5 4.119119119119119 0.7090681533735351
5 4.138138138138139 0.709556951281616
5 4.157157157157157 0.710040522287258
5 4.176176176176177 0.7105189497844707
5 4.195195195195195 0.710992315402606
5 4.2142142142142145 0.711460699052789
5 4.233233233233234 0.7119241789728895
5 4.252252252252252 0.7123828317710903
5 4.271271271271272 0.7128367324680991
5 4.29029029029029 0.7132859545380568
5 4.3093093093093096 0.7137305699481865
5 4.328328328328329 0.7141706491972293
5 4.347347347347347 0.7146062613527085
5 4.366366366366367 0.7150374740870674
5 4.385385385385385 0.7154643537127142
5 4.404404404404405 0.7158869652160186
5 4.423423423423424 0.7163053722902922
5 4.442442442442443 0.7167196373677904
5 4.461461461461462 0.7171298216507673
5 4.48048048048048 0.717535985141619
5 4.4994994994995 0.7179381866721429
5 4.518518518518519 0.718336483931947
5 4.537537537537538 0.7187309334960342
5 4.556556556556557 0.7191215908515913
5 4.575575575575575 0.7195085104240104
5 4.594594594594595 0.7198917456021651
5 4.613613613613614 0.7202713487629688
5 4.6326326326326335 0.720647371295239
5 4.651651651651652 0.7210198636228877
5 4.67067067067067 0.7213888752274628
5 4.68968968968969 0.7217544546700607
5 4.708708708708709 0.7221166496126298
5 4.7277277277277285 0.7224755068386847
5 4.746746746746747 0.7228310722734514
5 4.7657657657657655 0.7231833910034603
5 4.784784784784785 0.7235325072956036
5 4.803803803803804 0.7238784646156777
5 4.822822822822824 0.7242213056464231
5 4.841841841841842 0.7245610723050784
5 4.8608608608608606 0.7248978057604661
5 4.87987987987988 0.7252315464496211
5 4.898898898898899 0.7255623340939785
5 4.917917917917919 0.7258902077151336
5 4.936936936936937 0.7262152056501869
5 4.9559559559559565 0.7265373655666881
5 4.974974974974975 0.7268567244771884
5 4.993993993993994 0.7271733187534171
5 5.013013013013014 0.7274871841400897
5 5.032032032032032 0.7277983557683622
5 5.051051051051052 0.7281068681689381
5 5.07007007007007 0.7284127552848442
5 5.089089089089089 0.7287160504838782
5 5.108108108108109 0.7290167865707434
5 5.127127127127127 0.7293149957988767
5 5.146146146146147 0.7296107098819798
5 5.165165165165165 0.7299039600052625
5 5.1841841841841845 0.730194776836405
5 5.203203203203204 0.7304831905362502
5 5.222222222222222 0.7307692307692308
5 5.241241241241242 0.7310529267135402
5 5.26026026026026 0.7313343070710542
5 5.2792792792792795 0.7316134000770119
5 5.298298298298299 0.7318902335094597
5 5.317317317317317 0.7321648346984679
5 5.336336336336337 0.7324372305351255
5 5.355355355355356 0.7327074474803182
5 5.374374374374375 0.7329755115732975
5 5.393393393393394 0.733241448440045
5 5.412412412412412 0.7335052833014394
5 5.431431431431432 0.733767040981229
5 5.450450450450451 0.7340267459138188
5 5.46946946946947 0.7342844221518727
5 5.488488488488489 0.7345400933737407
5 5.5075075075075075 0.7347937828907111
5 5.526526526526527 0.7350455136540962
5 5.545545545545546 0.7352953082621544
5 5.564564564564565 0.7355431889668522
5 5.583583583583584 0.7357891776804725
5 5.602602602602603 0.7360332959820715
5 5.621621621621622 0.736275565123789
5 5.640640640640641 0.7365160060370165
5 5.65965965965966 0.7367546393384244
5 5.678678678678679 0.7369914853358562
5 5.6976976976976985 0.7372265640340887
5 5.716716716716717 0.7374598951404648
5 5.735735735735736 0.7376914980704011
5 5.754754754754755 0.737921391952773
5 5.773773773773774 0.7381495956351817
5 5.792792792792794 0.7383761276891048
5 5.811811811811812 0.7386010064149349
5 5.830830830830831 0.7388242498469075
5 5.84984984984985 0.7390458757579225
5 5.868868868868869 0.7392659016642602
5 5.887887887887889 0.7394843448301973
5 5.906906906906907 0.7397012222725214
5 5.9259259259259265 0.7399165507649513
5 5.944944944944945 0.7401303468424602
5 5.963963963963964 0.740342626805509
5 5.982982982982984 0.7405534067241892
5 6.002002002002002 0.7407627024422785
5 6.0210210210210215 0.7409705295812099
5 6.04004004004004 0.741176903543959
5 6.059059059059059 0.74138183951885
5 6.078078078078079 0.7415853524832804
5 6.097097097097097 0.7417874572073713
5 6.116116116116117 0.74198816825754
5 6.135135135135136 0.7421875
5 6.1541541541541545 0.7423854666041884
5 6.173173173173174 0.742582082046124
5 6.192192192192192 0.7427773601116958
5 6.211211211211212 0.7429713143998858
5 6.230230230230231 0.7431639583259254
5 6.2492492492492495 0.7433553051243887
5 6.268268268268269 0.7435453678522234
5 6.287287287287287 0.7437341593917206
5 6.306306306306307 0.743921692453426
5 6.325325325325326 0.7441079795789916
5 6.344344344344345 0.7442930331439724
5 6.363363363363364 0.744476865360567
5 6.382382382382382 0.7446594882803033
5 6.401401401401402 0.7448409137966734
5 6.420420420420421 0.7450211536477144
5 6.43943943943944 0.7452002194185409
5 6.458458458458459 0.7453781225438266
5 6.477477477477478 0.7455548743102391
5 6.496496496496497 0.745730485858826
5 6.515515515515516 0.7459049681873562
5 6.534534534534535 0.7460783321526161
5 6.553553553553554 0.7462505884726612
5 6.572572572572573 0.7464217477290249
5 6.591591591591592 0.7465918203688854
5 6.610610610610611 0.7467608167071912
5 6.62962962962963 0.7469287469287469
5 6.648648648648649 0.7470956210902592
5 6.6676676676676685 0.7472614491223439
5 6.686686686686687 0.7474262408314969
5 6.705705705705706 0.7475900059020264
5 6.724724724724725 0.7477527538979506
5 6.743743743743744 0.7479144942648592
5 6.762762762762764 0.7480752363317416
5 6.781781781781782 0.7482349893127793
5 6.800800800800801 0.7483937623091079
5 6.81981981981982 0.7485515643105446
5 6.838838838838839 0.7487084041972852
5 6.857857857857859 0.7488642907415701
5 6.876876876876877 0.7490192326093197
5 6.8958958958958965 0.74917323836174
5 6.914914914914916 0.7493263164569001
5 6.933933933933934 0.7494784752512801
5 6.952952952952954 0.749629723001292
5 6.971971971971972 0.7497800678647731
5 6.9909909909909915 0.7499295179024528
5 7.010010010010011 0.7500780810793929
5 7.029029029029029 0.7502257652664029
5 7.048048048048049 0.7503725782414308
5 7.067067067067067 0.7505185276909265
5 7.086086086086087 0.7506636212111859
5 7.105105105105106 0.7508078663096667
5 7.124124124124124 0.7509512704062845
5 7.143143143143144 0.7510938408346848
5 7.162162162162162 0.7512355848434927
5 7.181181181181182 0.751376509597542
5 7.200200200200201 0.7515166221790827
5 7.2192192192192195 0.7516559295889665
5 7.238238238238239 0.7517944387478135
5 7.257257257257257 0.7519321564971582
5 7.276276276276277 0.7520690896005758
5 7.295295295295296 0.7522052447447897
5 7.314314314314315 0.7523406285407597
5 7.333333333333334 0.7524752475247525
5 7.352352352352353 0.7526091081593927
5 7.371371371371372 0.7527422168346983
5 7.390390390390391 0.7528745798690961
5 7.40940940940941 0.7530062035104226
5 7.428428428428429 0.7531370939369062
5 7.447447447447448 0.7532672572581354
5 7.466466466466467 0.7533966995160067
5 7.485485485485486 0.7535254266856628
5 7.504504504504505 0.7536534446764093
5 7.523523523523524 0.7537807593326201
5 7.542542542542543 0.7539073764346271
5 7.561561561561562 0.7540333016995945
5 7.580580580580581 0.7541585407823792
5 7.5995995995996 0.7542830992763779
5 7.618618618618619 0.754406982714359
5 7.6376376376376385 0.7545301965692829
5 7.656656656656657 0.7546527462551067
5 7.675675675675676 0.7547746371275784
5 7.694694694694695 0.754895874485016
5 7.713713713713714 0.7550164635690766
5 7.7327327327327335 0.7551364095655102
5 7.751751751751752 0.7552557176049044
5 7.770770770770771 0.7553743927634151
5 7.789789789789791 0.7554924400634868
5 7.808808808808809 0.7556098644745612
5 7.827827827827829 0.7557266709137744
5 7.846846846846847 0.7558428642466435
5 7.8658658658658664 0.7559584492877415
5 7.884884884884886 0.756073430801363
5 7.903903903903904 0.7561878135021791
5 7.922922922922924 0.7563016020558806
5 7.941941941941942 0.7564148010798134
5 7.9609609609609615 0.7565274151436031
5 7.979979979979981 0.7566394487697691
5 7.998998998998999 0.7567509064343309
5 8.018018018018019 0.7568617925674035
5 8.037037037037038 0.7569721115537849
5 8.056056056056057 0.7570818677335338
5 8.075075075075077 0.757191065402539
5 8.094094094094094 0.7572997088130793
5 8.113113113113114 0.7574078021743764
5 8.132132132132133 0.7575153496531377
5 8.15115115115115 0.7576223553740918
5 8.17017017017017 0.7577288234205168
5 8.18918918918919 0.7578347578347577
5 8.208208208208209 0.7579401626187408
5 8.227227227227228 0.7580450417344742
5 8.246246246246248 0.758149399104548
5 8.265265265265267 0.7582532386126201
5 8.284284284284285 0.7583565641039002
5 8.303303303303304 0.758459379385623
5 8.322322322322323 0.7585616882275167
5 8.34134134134134 0.7586634943622633
5 8.36036036036036 0.758764801485953
5 8.37937937937938 0.7588656132585311
5 8.398398398398399 0.7589659333042384
5 8.417417417417418 0.7590657652120467
5 8.436436436436438 0.7591651125360857
5 8.455455455455457 0.759263978796065
5 8.474474474474475 0.7593623674776905
5 8.493493493493494 0.7594602820330729
5 8.512512512512513 0.7595577258811325
5 8.531531531531531 0.7596547024079965
5 8.55055055055055 0.759751214967391
5 8.56956956956957 0.759847266881029
5 8.588588588588589 0.7599428614389895
5 8.607607607607608 0.7600380019000951
5 8.626626626626628 0.7601326914922804
5 8.645645645645647 0.7602269334129592
5 8.664664664664667 0.7603207308293821
5 8.683683683683684 0.7604140868789936
5 8.702702702702704 0.7605070046697799
5 8.721721721721721 0.7605994872806152
5 8.74074074074074 0.7606915377616015
5 8.75975975975976 0.7607831591344031
5 8.77877877877878 0.7608743543925782
5 8.797797797797799 0.7609651265019048
5 8.816816816816818 0.7610554784007018
5 8.835835835835837 0.7611454130001458
5 8.854854854854857 0.7612349331845851
5 8.873873873873874 0.7613240418118467
5 8.892892892892894 0.7614127417135408
5 8.911911911911913 0.761501035695361
5 8.93093093093093 0.7615889265373802
5 8.94994994994995 0.7616764169943415
5 8.96896896896897 0.7617635097959478
5 8.987987987987989 0.761850207647143
5 9.007007007007008 0.7619365132283953
5 9.026026026026027 0.7620224291959703
5 9.045045045045045 0.7621079581822061
5 9.064064064064064 0.7621931027957803
5 9.083083083083084 0.7622778656219763
5 9.102102102102103 0.7623622492229444
5 9.121121121121122 0.7624462561379602
5 9.14014014014014 0.7625298888836795
5 9.15915915915916 0.7626131499543891
5 9.178178178178179 0.7626960418222554
5 9.197197197197198 0.7627785669375684
5 9.216216216216218 0.7628607277289837
5 9.235235235235235 0.7629425266037604
5 9.254254254254255 0.7630239659479966
5 9.273273273273274 0.763105048126861
5 9.292292292292293 0.7631857754848219
5 9.311311311311313 0.7632661503458736
5 9.33033033033033 0.763346175013759
5 9.34934934934935 0.7634258517721895
5 9.368368368368369 0.7635051828850633
5 9.387387387387388 0.7635841705966783
5 9.406406406406408 0.7636628171319452
5 9.425425425425425 0.763741124696595
5 9.444444444444445 0.7638190954773869
5 9.463463463463464 0.7638967316423102
5 9.482482482482483 0.7639740353407862
5 9.501501501501503 0.7640510087038662
5 9.52052052052052 0.7641276538444275
5 9.53953953953954 0.7642039728573669
5 9.558558558558559 0.7642799678197908
5 9.577577577577578 0.7643556407912049
5 9.596596596596598 0.7644309938136988
5 9.615615615615617 0.7645060289121312
5 9.634634634634635 0.7645807480943095
5 9.653653653653654 0.7646551533511708
5 9.672672672672673 0.7647292466569575
5 9.691691691691693 0.764803029969392
5 9.710710710710712 0.7648765052298496
5 9.72972972972973 0.7649496743635288
5 9.74874874874875 0.7650225392796183
5 9.767767767767769 0.7650951018714651
5 9.786786786786788 0.7651673640167364
5 9.805805805805807 0.7652393275775831
5 9.824824824824825 0.7653109944007986
5 9.843843843843844 0.7653823663179781
5 9.862862862862864 0.765453445145673
5 9.881881881881883 0.7655242326855467
5 9.900900900900902 0.7655947307245254
5 9.91991991991992 0.7656649410349494
5 9.93893893893894 0.7657348653747214
5 9.957957957957959 0.7658045054874527
5 9.976976976976978 0.765873863102609
5 9.995995995995997 0.765942939935653
5 10.015015015015015 0.7660117376881858
5 10.034034034034034 0.7660802580480869
5 10.053053053053054 0.7661485026896522
5 10.072072072072073 0.7662164732737302
5 10.091091091091092 0.7662841714478569
5 10.11011011011011 0.7663515988463886
5 10.12912912912913 0.7664187570906341
5 10.148148148148149 0.7664856477889836
5 10.167167167167168 0.7665522725370386
5 10.186186186186188 0.7666186329177369
5 10.205205205205205 0.7666847305014799
5 10.224224224224224 0.7667505668462546
5 10.243243243243244 0.7668161434977578
5 10.262262262262263 0.7668814619895158
5 10.281281281281283 0.7669465238430043
5 10.3003003003003 0.7670113305677667
5 10.31931931931932 0.7670758836615309
5 10.338338338338339 0.7671401846103242
5 10.357357357357358 0.7672042348885879
5 10.376376376376378 0.7672680359592898
5 10.395395395395397 0.7673315892740353
5 10.414414414414415 0.7673948962731779
5 10.433433433433434 0.7674579583859278
5 10.452452452452453 0.7675207770304594
5 10.471471471471473 0.767583353614018
5 10.490490490490492 0.7676456895330243
5 10.50950950950951 0.7677077861731787
5 10.528528528528529 0.7677696449095639
5 10.547547547547548 0.7678312671067461
5 10.566566566566568 0.767892654118876
5 10.585585585585587 0.767953807289787
5 10.604604604604605 0.7680147279530947
5 10.623623623623624 0.7680754174322921
5 10.642642642642643 0.7681358770408468
5 10.661661661661663 0.7681961080822954
5 10.680680680680682 0.7682561118503367
5 10.6996996996997 0.7683158896289248
5 10.71871871871872 0.7683754426923609
5 10.737737737737739 0.7684347723053833
5 10.756756756756758 0.768493879723257
5 10.775775775775777 0.7685527661918627
5 10.794794794794795 0.7686114329477839
5 10.813813813813814 0.7686698812183935
5 10.832832832832834 0.7687281122219396
5 10.851851851851853 0.7687861271676301
5 10.870870870870872 0.768843927255716
5 10.88988988988989 0.7689015136775751
5 10.90890890890891 0.7689588876157923
5 10.927927927927929 0.7690160502442429
5 10.946946946946948 0.7690730027281698
5 10.965965965965967 0.7691297462242652
5 10.984984984984985 0.7691862818807472
5 11.004004004004004 0.7692426108374385
5 11.023023023023024 0.7692987342258418
5 11.042042042042043 0.7693546531692167
5 11.061061061061062 0.7694103687826537
5 11.08008008008008 0.7694658821731489
5 11.0990990990991 0.7695211944396774
5 11.118118118118119 0.769576306673265
5 11.137137137137138 0.7696312199570612
5 11.156156156156158 0.7696859353664087
5 11.175175175175177 0.7697404539689151
5 11.194194194194194 0.7697947768245209
5 11.213213213213214 0.7698489049855696
5 11.232232232232233 0.7699028394968743
5 11.251251251251253 0.7699565813957859
5 11.270270270270272 0.7700101317122594
5 11.28928928928929 0.7700634914689192
5 11.308308308308309 0.7701166616811247
5 11.327327327327328 0.770169643357035
5 11.346346346346348 0.7702224374976713
5 11.365365365365367 0.7702750450969819
5 11.384384384384385 0.7703274671419025
5 11.403403403403404 0.7703797046124197
5 11.422422422422423 0.7704317584816309
5 11.441441441441443 0.7704836297158052
5 11.460460460460462 0.7705353192744433
5 11.47947947947948 0.7705868281103362
5 11.498498498498499 0.7706381571696241
5 11.517517517517518 0.7706893073918545
5 11.536536536536538 0.7707402797100388
5 11.555555555555557 0.77079107505071
5 11.574574574574575 0.7708416943339779
5 11.593593593593594 0.7708921384735855
5 11.612612612612613 0.7709424083769634
5 11.631631631631633 0.7709925049452843
5 11.650650650650652 0.7710424290735172
5 11.66966966966967 0.7710921816504801
5 11.68868868868869 0.7711417635588936
5 11.707707707707709 0.771191175675432
5 11.726726726726728 0.7712404188707762
5 11.745745745745747 0.7712894940096635
5 11.764764764764765 0.7713384019509396
5 11.783783783783784 0.7713871435476075
5 11.802802802802804 0.7714357196468781
5 11.821821821821823 0.7714841310902182
5 11.840840840840842 0.7715323787134003
5 11.85985985985986 0.7715804633465498
5 11.87887887887888 0.7716283858141929
5 11.897897897897899 0.7716761469353038
5 11.916916916916918 0.7717237475233513
5 11.935935935935937 0.7717711883863447
5 11.954954954954957 0.7718184703268803
5 11.973973973973974 0.7718655941421857
5 11.992992992992994 0.7719125606241652
5 12.012012012012013 0.7719593705594442
5 12.031031031031032 0.7720060247294126
5 12.050050050050052 0.7720525239102687
5 12.06906906906907 0.7720988688730623
5 12.088088088088089 0.7721450603837374
5 12.107107107107108 0.7721910992031733
5 12.126126126126128 0.7722369860872285
5 12.145145145145147 0.7722827217867795
5 12.164164164164164 0.7723283070477641
5 12.183183183183184 0.7723737426112206
5 12.202202202202203 0.7724190292133281
5 12.221221221221223 0.7724641675854466
5 12.240240240240242 0.7725091584541561
5 12.25925925925926 0.772554002541296
5 12.278278278278279 0.7725987005640033
5 12.297297297297298 0.7726432532347505
5 12.316316316316318 0.7726876612613844
5 12.335335335335337 0.772731925347163
5 12.354354354354355 0.7727760461907924
5 12.373373373373374 0.7728200244864644
5 12.392392392392393 0.7728638609238918
5 12.411411411411413 0.7729075561883454
5 12.430430430430432 0.772951110960689
5 12.44944944944945 0.7729945259174157
5 12.468468468468469 0.7730378017306816
5 12.487487487487488 0.7730809390683419
5 12.506506506506508 0.7731239385939838
5 12.525525525525527 0.7731668009669622
5 12.544544544544545 0.7732095268424317
5 12.563563563563564 0.7732521168713813
5 12.582582582582583 0.7732945717006666
5 12.601601601601603 0.7733368919730433
5 12.620620620620622 0.7733790783271989
5 12.63963963963964 0.7734211313977851
5 12.65865865865866 0.77346305181545
5 12.677677677677679 0.7735048402068692
5 12.696696696696698 0.7735464971947769
5 12.715715715715717 0.7735880233979973
5 12.734734734734735 0.7736294194314751
5 12.753753753753754 0.7736706859063056
5 12.772772772772774 0.773711823429765
5 12.791791791791793 0.77375283260534
5 12.810810810810812 0.7737937140327579
5 12.829829829829832 0.7738344683080146
5 12.84884884884885 0.7738750960234052
5 12.867867867867869 0.7739155977675511
5 12.886886886886888 0.7739559741254298
5 12.905905905905907 0.7739962256784018
5 12.924924924924927 0.7740363530042396
5 12.943943943943944 0.7740763566771547
5 12.962962962962964 0.7741162372678251
5 12.981981981981983 0.7741559953434226
5 13.001001001001002 0.7741956314676396
5 13.020020020020022 0.7742351462007158
5 13.03903903903904 0.7742745400994641
5 13.058058058058059 0.7743138137172977
5 13.077077077077078 0.7743529676042552
5 13.096096096096097 0.7743920023070269
5 13.115115115115117 0.7744309183689793
5 13.134134134134134 0.7744697163301815
5 13.153153153153154 0.7745083967274293
5 13.172172172172173 0.7745469600942705
5 13.191191191191193 0.7745854069610291
5 13.210210210210212 0.7746237378548295
5 13.22922922922923 0.7746619532996211
5 13.248248248248249 0.7747000538162019
5 13.267267267267268 0.7747380399222417
5 13.286286286286288 0.7747759121323066
5 13.305305305305307 0.7748136709578809
5 13.324324324324325 0.7748513169073917
5 13.343343343343344 0.77488885048623
5 13.362362362362363 0.7749262721967748
5 13.381381381381383 0.7749635825384146
5 13.400400400400402 0.7750007820075699
5 13.41941941941942 0.7750378710977152
5 13.438438438438439 0.7750748502994012
5 13.457457457457458 0.7751117201002757
5 13.476476476476478 0.7751484809851052
5 13.495495495495497 0.7751851334357971
5 13.514514514514515 0.7752216779314194
5 13.533533533533534 0.7752581149482222
5 13.552552552552553 0.7752944449596586
5 13.571571571571573 0.7753306684364052
5 13.590590590590592 0.7753667858463815
5 13.609609609609612 0.7754027976547713
5 13.62862862862863 0.7754387043240418
5 13.647647647647648 0.7754745063139644
5 13.666666666666668 0.7755102040816326
5 13.685685685685687 0.7755457980814835
5 13.704704704704707 0.7755812887653152
5 13.723723723723724 0.7756166765823074
5 13.742742742742744 0.7756519619790397
5 13.761761761761763 0.7756871453995101
5 13.780780780780782 0.7757222272851545
5 13.799799799799802 0.7757572080748638
5 13.81881881881882 0.775792088205004
5 13.837837837837839 0.7758268681094325
5 13.856856856856858 0.7758615482195172
5 13.875875875875877 0.7758961289641548
5 13.894894894894897 0.7759306107697869
5 13.913913913913914 0.7759649940604184
5 13.932932932932934 0.7759992792576353
5 13.951951951951953 0.7760334667806217
5 13.970970970970972 0.7760675570461759
5 13.989989989989992 0.7761015504687291
5 14.00900900900901 0.7761354474603601
5 14.028028028028029 0.7761692484308141
5 14.047047047047048 0.7762029537875179
5 14.066066066066067 0.776236563935596
5 14.085085085085087 0.7762700792778884
5 14.104104104104104 0.7763035002149645
5 14.123123123123124 0.7763368271451412
5 14.142142142142143 0.7763700604644974
5 14.161161161161163 0.77640320056689
5 14.180180180180182 0.7764362478439698
5 14.1991991991992 0.776469202685196
5 14.218218218218219 0.776502065477853
5 14.237237237237238 0.7765348366070642
5 14.256256256256258 0.7765675164558077
5 14.275275275275277 0.7766001054049306
5 14.294294294294295 0.7766326038331652
5 14.313313313313314 0.7766650121171421
5 14.332332332332333 0.7766973306314056
5 14.351351351351353 0.7767295597484277
5 14.370370370370372 0.7767616998386229
5 14.38938938938939 0.7767937512703621
5 14.408408408408409 0.7768257144099866
5 14.427427427427428 0.7768575896218219
5 14.446446446446448 0.7768893772681926
5 14.465465465465467 0.7769210777094343
5 14.484484484484486 0.776952691303909
5 14.503503503503504 0.7769842184080176
5 14.522522522522523 0.7770156593762132
5 14.541541541541543 0.7770470145610155
5 14.560560560560562 0.7770782843130225
5 14.579579579579582 0.7771094689809246
5 14.598598598598599 0.777140568911517
5 14.617617617617618 0.777171584449713
5 14.636636636636638 0.7772025159385564
5 14.655655655655657 0.7772333637192342
5 14.674674674674677 0.7772641281310897
5 14.693693693693694 0.7772948095116339
5 14.712712712712714 0.7773254081965586
5 14.731731731731733 0.7773559245197483
5 14.750750750750752 0.7773863588132932
5 14.769769769769772 0.7774167114074995
5 14.78878878878879 0.7774469826309032
5 14.807807807807809 0.7774771728102807
5 14.826826826826828 0.7775072822706612
5 14.845845845845847 0.7775373113353383
5 14.864864864864867 0.777567260325881
5 14.883883883883884 0.777597129562146
5 14.902902902902904 0.7776269193622889
5 14.921921921921923 0.7776566300427744
5 14.940940940940942 0.7776862619183896
5 14.959959959959962 0.7777158153022529
5 14.97897897897898 0.7777452905058269
5 14.997997997997999 0.7777746878389277
5 15.017017017017018 0.777804007609737
5 15.036036036036037 0.7778332501248127
5 15.055055055055057 0.7778624156890989
5 15.074074074074074 0.7778915046059366
5 15.093093093093094 0.7779205171770751
5 15.112112112112113 0.7779494537026819
5 15.131131131131133 0.7779783144813524
5 15.150150150150152 0.7780070998101214
5 15.16916916916917 0.7780358099844723
5 15.188188188188189 0.7780644452983476
5 15.207207207207208 0.7780930060441594
5 15.226226226226228 0.778121492512798
5 15.245245245245247 0.7781499049936434
5 15.264264264264266 0.778178243774574
5 15.283283283283284 0.7782065091419766
5 15.302302302302303 0.7782347013807566
5 15.321321321321323 0.7782628207743462
5 15.340340340340342 0.7782908676047157
5 15.359359359359361 0.7783188421523811
5 15.378378378378379 0.7783467446964154
5 15.397397397397398 0.7783745755144562
5 15.416416416416418 0.7784023348827155
5 15.435435435435437 0.7784300230759889
5 15.454454454454456 0.7784576403676648
5 15.473473473473474 0.7784851870297337
5 15.492492492492493 0.7785126633327956
5 15.511511511511513 0.778540069546071
5 15.530530530530532 0.7785674059374078
5 15.549549549549551 0.7785946727732916
5 15.568568568568569 0.778621870318853
5 15.587587587587588 0.7786489988378772
5 15.606606606606608 0.778676058592812
5 15.625625625625627 0.7787030498447763
5 15.644644644644647 0.778729972853569
5 15.663663663663664 0.7787568278776763
5 15.682682682682684 0.7787836151742812
5 15.701701701701703 0.7788103349992709
5 15.720720720720722 0.778836987607245
5 15.739739739739742 0.778863573251524
5 15.75875875875876 0.7788900921841571
5 15.777777777777779 0.7789165446559297
5 15.796796796796798 0.7789429309163725
5 15.815815815815817 0.7789692512137678
5 15.834834834834837 0.7789955057951589
5 15.853853853853854 0.7790216949063562
5 15.872872872872874 0.7790478187919464
5 15.891891891891893 0.7790738776952987
5 15.910910910910912 0.7790998718585738
5 15.929929929929932 0.7791258015227299
5 15.94894894894895 0.7791516669275317
5 15.967967967967969 0.7791774683115564
5 15.986986986986988 0.7792032059122017
5 16.006006006006007 0.7792288799656933
5 16.025025025025027 0.7792544907070916
5 16.044044044044046 0.7792800383702994
5 16.063063063063062 0.7793055231880681
5 16.08208208208208 0.779330945392006
5 16.1011011011011 0.7793563052125845
5 16.12012012012012 0.7793816028791456
5 16.13913913913914 0.7794068386199078
5 16.15815815815816 0.7794320126619741
5 16.177177177177178 0.7794571252313386
5 16.196196196196198 0.7794821765528926
5 16.215215215215217 0.7795071668504321
5 16.234234234234236 0.7795320963466636
5 16.253253253253256 0.7795569652632117
5 16.272272272272275 0.7795817738206252
5 16.291291291291294 0.7796065222383833
5 16.310310310310314 0.7796312107349025
5 16.329329329329333 0.7796558395275429
5 16.34834834834835 0.779680408832615
5 16.36736736736737 0.7797049188653852
5 16.386386386386388 0.7797293698400821
5 16.405405405405407 0.7797537619699043
5 16.424424424424426 0.7797780954670243
5 16.443443443443442 0.7798023705425965
5 16.46246246246246 0.7798265874067623
5 16.48148148148148 0.7798507462686567
5 16.5005005005005 0.779874847336414
5 16.51951951951952 0.7798988908171735
5 16.53853853853854 0.7799228769170863
5 16.55755755755756 0.7799468058413208
5 16.576576576576578 0.7799706777940679
5 16.595595595595597 0.7799944929785476
5 16.614614614614617 0.7800182515970147
5 16.633633633633636 0.7800419538507641
5 16.652652652652655 0.780065599940137
5 16.671671671671675 0.7800891900645258
5 16.690690690690694 0.7801127244223806
5 16.709709709709713 0.7801362032112144
5 16.72872872872873 0.7801596266276083
5 16.74774774774775 0.7801829948672171
5 16.766766766766768 0.7802063081247755
5 16.785785785785787 0.7802295665941025
5 16.804804804804807 0.7802527704681073
5 16.823823823823826 0.7802759199387941
5 16.842842842842842 0.7802990151972686
5 16.86186186186186 0.7803220564337421
5 16.88088088088088 0.7803450438375368
5 16.8998998998999 0.7803679775970915
5 16.91891891891892 0.7803908578999669
5 16.93793793793794 0.7804136849328498
5 16.956956956956958 0.7804364588815588
5 16.975975975975977 0.7804591799310496
5 16.994994994994997 0.7804818482654196
5 17.014014014014016 0.7805044640679124
5 17.033033033033036 0.780527027520924
5 17.052052052052055 0.7805495388060064
5 17.07107107107107 0.7805719981038737
5 17.09009009009009 0.7805944055944056
5 17.10910910910911 0.7806167614566533
5 17.12812812812813 0.7806390658688438
5 17.147147147147148 0.7806613190083844
5 17.166166166166168 0.7806835210518683
5 17.185185185185187 0.7807056721750781
5 17.204204204204206 0.7807277725529914
5 17.223223223223226 0.7807498223597846
5 17.242242242242245 0.7807718217688384
5 17.261261261261264 0.7807937709527414
5 17.28028028028028 0.7808156700832953
5 17.2992992992993 0.7808375193315191
5 17.31831831831832 0.7808593188676534
5 17.33733733733734 0.7808810688611652
5 17.356356356356358 0.7809027694807522
5 17.375375375375377 0.7809244208943469
5 17.394394394394396 0.7809460232691208
5 17.413413413413416 0.7809675767714894
5 17.432432432432435 0.7809890815671162
5 17.451451451451454 0.7810105378209166
5 17.47047047047047 0.7810319456970617
5 17.48948948948949 0.7810533053589844
5 17.50850850850851 0.7810746169693812
5 17.52752752752753 0.781095880690218
5 17.546546546546548 0.7811170966827332
5 17.565565565565567 0.7811382651074426
5 17.584584584584587 0.7811593861241425
5 17.603603603603606 0.7811804598919149
5 17.622622622622625 0.7812014865691301
5 17.641641641641645 0.7812224663134524
5 17.66066066066066 0.7812433992818419
5 17.67967967967968 0.7812642856305604
5 17.6986986986987 0.7812851255151742
5 17.71771771771772 0.7813059190905582
5 17.736736736736738 0.7813266665108999
5 17.755755755755757 0.7813473679297025
5 17.774774774774777 0.7813680234997901
5 17.793793793793796 0.7813886333733102
5 17.812812812812815 0.7814091977017377
5 17.831831831831835 0.7814297166358789
5 17.85085085085085 0.781450190325875
5 17.86986986986987 0.7814706189212061
5 17.88888888888889 0.7814910025706941
5 17.90790790790791 0.781511341422507
5 17.926926926926928 0.7815316356241624
5 17.945945945945947 0.7815518853225304
5 17.964964964964967 0.7815720906638383
5 17.983983983983986 0.7815922517936729
5 18.003003003003005 0.7816123688569852
5 18.022022022022025 0.7816324419980925
5 18.04104104104104 0.7816524713606832
5 18.06006006006006 0.7816724570878194
5 18.07907907907908 0.7816923993219407
5 18.0980980980981 0.7817122982048672
5 18.117117117117118 0.7817321538778029
5 18.136136136136138 0.7817519664813398
5 18.155155155155157 0.7817717361554603
5 18.174174174174176 0.7817914630395407
5 18.193193193193196 0.7818111472723549
5 18.212212212212215 0.781830788992077
5 18.231231231231234 0.7818503883362856
5 18.25025025025025 0.7818699454419655
5 18.26926926926927 0.781889460445512
5 18.28828828828829 0.781908933482734
5 18.30730730730731 0.7819283646888567
5 18.326326326326328 0.781947754198525
5 18.345345345345347 0.7819671021458066
5 18.364364364364366 0.7819864086641949
5 18.383383383383386 0.7820056738866124
5 18.402402402402405 0.7820248979454135
5 18.421421421421424 0.7820440809723875
5 18.44044044044044 0.7820632230987622
5 18.45945945945946 0.7820823244552059
5 18.47847847847848 0.7821013851718307
5 18.4974974974975 0.7821204053781963
5 18.516516516516518 0.7821393852033119
5 18.535535535535537 0.7821583247756396
5 18.554554554554556 0.7821772242230969
5 18.573573573573576 0.7821960836730601
5 18.592592592592595 0.7822149032523672
5 18.611611611611615 0.78223368308732
5 18.63063063063063 0.7822524233036874
5 18.64964964964965 0.7822711240267087
5 18.66866866866867 0.7822897853810953
5 18.68768768768769 0.7823084074910347
5 18.706706706706708 0.7823269904801919
5 18.725725725725727 0.7823455344717136
5 18.744744744744747 0.7823640395882294
5 18.763763763763766 0.7823825059518561
5 18.782782782782785 0.7824009336841989
5 18.801801801801805 0.7824193229063552
5 18.82082082082082 0.7824376737389165
5 18.83983983983984 0.7824559863019713
5 18.85885885885886 0.782474260715108
5 18.87787787787788 0.7824924970974172
5 18.896896896896898 0.7825106955674943
5 18.915915915915917 0.7825288562434418
5 18.934934934934937 0.7825469792428725
5 18.953953953953956 0.782565064682912
5 18.972972972972975 0.7825831126802001
5 18.991991991991995 0.7826011233508947
5 19.011011011011014 0.7826190968106738
5 19.03003003003003 0.7826370331747377
5 19.04904904904905 0.7826549325578115
5 19.06806806806807 0.7826727950741479
5 19.087087087087088 0.7826906208375297
5 19.106106106106107 0.7827084099612713
5 19.125125125125127 0.7827261625582225
5 19.144144144144146 0.7827438787407694
5 19.163163163163166 0.7827615586208384
5 19.182182182182185 0.7827792023098967
5 19.201201201201204 0.7827968099189565
5 19.22022022022022 0.7828143815585755
5 19.23923923923924 0.7828319173388613
5 19.25825825825826 0.7828494173694716
5 19.27727727727728 0.7828668817596175
5 19.296296296296298 0.7828843106180665
5 19.315315315315317 0.7829017040531433
5 19.334334334334336 0.782919062172733
5 19.353353353353356 0.7829363850842825
5 19.372372372372375 0.7829536728948041
5 19.391391391391394 0.7829709257108765
5 19.41041041041041 0.7829881436386471
5 19.42942942942943 0.7830053267838346
5 19.44844844844845 0.7830224752517313
5 19.46746746746747 0.7830395891472045
5 19.486486486486488 0.7830566685746995
5 19.505505505505507 0.7830737136382409
5 19.524524524524526 0.7830907244414353
5 19.543543543543546 0.7831077010874734
5 19.562562562562565 0.7831246436791318
5 19.581581581581585 0.7831415523187748
5 19.6006006006006 0.7831584271083576
5 19.61961961961962 0.783175268149427
5 19.63863863863864 0.783192075543124
5 19.65765765765766 0.7832088493901862
5 19.676676676676678 0.7832255897909496
5 19.695695695695697 0.7832422968453499
5 19.714714714714717 0.7832589706529253
5 19.733733733733736 0.7832756113128184
5 19.752752752752755 0.7832922189237781
5 19.771771771771775 0.783308793584161
5 19.790790790790794 0.7833253353919339
5 19.80980980980981 0.783341844444676
5 19.82882882882883 0.7833583208395802
5 19.84784784784785 0.7833747646734552
5 19.866866866866868 0.7833911760427273
5 19.885885885885887 0.7834075550434431
5 19.904904904904907 0.7834239017712697
5 19.923923923923926 0.7834402163214985
5 19.942942942942945 0.7834564987890454
5 19.961961961961965 0.7834727492684541
5 19.980980980980984 0.7834889678538963
5 20.0 0.7835051546391752
