1.1 0.04545454545454549
1.1020202020202021 0.04628780934922094
1.1040404040404042 0.04711802378774021
1.1060606060606062 0.04794520547945211
1.1080808080808082 0.04876937101185056
1.1101010101010103 0.04959053685168341
1.1121212121212123 0.05040871934604911
1.1141414141414143 0.05122393472348149
1.1161616161616164 0.0520361990950227
1.1181818181818182 0.05284552845528455
1.1202020202020202 0.05365193868349864
1.1222222222222222 0.05445544554455446
1.1242424242424243 0.05525606469002697
1.1262626262626263 0.05605381165919284
1.1282828282828283 0.05684870188003583
1.1303030303030304 0.05764075067024131
1.1323232323232324 0.05842997323818023
1.1343434343434344 0.05921638468388249
1.1363636363636365 0.06000000000000004
1.1383838383838385 0.06078083407275958
1.1404040404040405 0.06155890168290527
1.1424242424242426 0.06233421750663135
1.1444444444444446 0.06310679611650491
1.1464646464646466 0.06387665198237892
1.1484848484848487 0.06464379947229558
1.1505050505050507 0.06540825285338023
1.1525252525252525 0.06617002629272567
1.1545454545454545 0.06692913385826771
1.1565656565656566 0.06768558951965066
1.1585858585858586 0.06843940714908457
1.1606060606060606 0.06919060052219322
1.1626262626262627 0.0699391833188532
1.1646464646464647 0.07068516912402431
1.1666666666666667 0.07142857142857145
1.1686868686868688 0.07216940363007782
1.1707070707070708 0.07290767903364974
1.1727272727272728 0.07364341085271323
1.1747474747474749 0.07437661220980228
1.176767676767677 0.0751072961373391
1.178787878787879 0.07583547557840623
1.180808080808081 0.07656116338751075
1.1828282828282828 0.07728437233134072
1.1848484848484848 0.07800511508951405
1.1868686868686869 0.07872340425531914
1.1888888888888889 0.0794392523364486
1.190909090909091 0.0801526717557252
1.192929292929293 0.0808636748518205
1.194949494949495 0.0815722738799662
1.196969696969697 0.08227848101265825
1.198989898989899 0.08298230834035386
1.201010101010101 0.0836837678721615
1.2030303030303031 0.08438287153652396
1.2050505050505051 0.08507963118189442
1.2070707070707072 0.0857740585774059
1.2090909090909092 0.08646616541353387
1.2111111111111112 0.08715596330275234
1.2131313131313133 0.08784346378018323
1.2151515151515153 0.08852867830423945
1.2171717171717171 0.0892116182572614
1.2191919191919192 0.08989229494614746
1.2212121212121212 0.09057071960297766
1.2232323232323232 0.09124690338563171
1.2252525252525253 0.09192085737840067
1.2272727272727273 0.0925925925925926
1.2292929292929293 0.09326211996713231
1.2313131313131314 0.09392945036915507
1.2333333333333334 0.09459459459459461
1.2353535353535354 0.09525756336876536
1.2373737373737375 0.0959183673469388
1.2393939393939395 0.09657701711491445
1.2414141414141415 0.09723352318958506
1.2434343434343436 0.09788789601949638
1.2454545454545456 0.0985401459854015
1.2474747474747476 0.09919028340080976
1.2494949494949497 0.09983831851253036
1.2515151515151515 0.10048426150121063
1.2535353535353535 0.10112812248186945
1.2555555555555555 0.10176991150442477
1.2575757575757576 0.10240963855421686
1.2595959595959596 0.10304731355252607
1.2616161616161616 0.10368294635708568
1.2636363636363637 0.10431654676258993
1.2656565656565657 0.10494812450119714
1.2676767676767677 0.1055776892430279
1.2696969696969698 0.10620525059665874
1.2717171717171718 0.10683081810961083
1.2737373737373738 0.1074544012688343
1.2757575757575759 0.10807600950118769
1.277777777777778 0.10869565217391308
1.27979797979798 0.1093133385951066
1.2818181818181817 0.10992907801418438
1.283838383838384 0.11054287962234466
1.2858585858585858 0.11115475255302434
1.2878787878787878 0.11176470588235293
1.2898989898989899 0.11237274862960062
1.291919191919192 0.11297888975762314
1.293939393939394 0.11358313817330211
1.295959595959596 0.1141855027279813
1.297979797979798 0.11478599221789884
1.3 0.11538461538461539
