4 1.0 0.0
4 1.019019019019019 0.02748312439729977
4 1.038038038038038 0.05302325581395353
4 1.057057057057057 0.07681940700808618
4 1.0760760760760761 0.09904430929626419
4 1.095095095095095 0.1198486122792262
4 1.1141141141141142 0.1393643031784842
4 1.1331331331331331 0.15770750988142293
4 1.1521521521521523 0.17498081350729097
4 1.1711711711711712 0.19127516778523493
4 1.1901901901901901 0.20667150108774468
4 1.2092092092092093 0.22124206069160202
4 1.2282282282282282 0.23505154639175255
4 1.2472472472472473 0.24815807099799067
4 1.2662662662662663 0.2606139777922926
4 1.2852852852852852 0.27246653919694064
4 1.3043043043043043 0.283758556316117
4 1.3233233233233235 0.29452887537993927
4 1.3423423423423424 0.304812834224599
4 1.3613613613613613 0.3146426496223126
4 1.3803803803803805 0.3240477544059125
4 1.3993993993993994 0.3330550918196995
4 1.4184184184184185 0.3416893732970028
4 1.4374374374374375 0.34997330485851574
4 1.4564564564564564 0.35792778649921503
4 1.4754754754754755 0.36557208825038484
4 1.4944944944944947 0.37292400603925524
4 1.5135135135135136 0.38
4 1.5325325325325325 0.38681531749878817
4 1.5515515515515514 0.39338410280818653
4 1.5705705705705706 0.3997194950911641
4 1.5895895895895897 0.40583371612310526
4 1.6086086086086087 0.41173814898419864
4 1.6276276276276276 0.4174434087882823
4 1.6466466466466467 0.422959406372763
4 1.6656656656656659 0.42829540575354236
4 1.6846846846846848 0.4334600760456274
4 1.7037037037037037 0.43846153846153846
4 1.7227227227227226 0.44330740892345477
4 1.7417417417417418 0.4480048367593712
4 1.760760760760761 0.45256053989678446
4 1.7797797797797799 0.45698083691826363
4 1.7987987987987988 0.461271676300578
4 1.817817817817818 0.46543866312191423
4 1.8368368368368369 0.4694870834893298
4 1.855855855855856 0.47342192691029905
4 1.874874874874875 0.4772479068074263
4 1.8938938938938938 0.4809694793536804
4 1.912912912912913 0.4845908607863975
4 1.9319319319319321 0.488116043341489
4 1.950950950950951 0.49154880993446015
4 1.96996996996997 0.49489274770173647
4 1.9889889889889891 0.49815126050420167
4 2.008008008008008 0.5013275804845668
4 2.027027027027027 0.504424778761062
4 2.046046046046046 0.5074457753318226
4 2.065065065065065 0.5103933482571155
4 2.0840840840840844 0.5132701421800948
4 2.103103103103103 0.516078676241024
4 2.1221221221221223 0.5188213514347424
4 2.141141141141141 0.5215004574565416
4 2.16016016016016 0.5241181790774796
4 2.1791791791791795 0.5266766020864382
4 2.1981981981981984 0.5291777188328912
4 2.2172172172172173 0.5316234334013408
4 2.2362362362362362 0.5340155664456616
4 2.255255255255255 0.5363558597091531
4 2.2742742742742745 0.5386459802538788
4 2.2932932932932935 0.5408875244208764
4 2.3123123123123124 0.5430820215410108
4 2.3313313313313317 0.5452309374145942
4 2.3503503503503502 0.5473356775764133
4 2.3693693693693696 0.5493975903614458
4 2.3883883883883885 0.5514179697853167
4 2.4074074074074074 0.5533980582524272
4 2.426426426426427 0.5553390491036633
4 2.4454454454454453 0.5572420890146642
4 2.4644644644644647 0.5591082802547771
4 2.4834834834834836 0.5609386828160484
4 2.5025025025025025 0.5627343164208948
4 2.521521521521522 0.5644961624164397
4 2.5405405405405403 0.5662251655629139
4 2.5595595595595597 0.5679222357229647
4 2.5785785785785786 0.569588249458223
4 2.5975975975975976 0.5712240515390121
4 2.616616616616617 0.5728304563726649
4 2.635635635635636 0.5744082493555192
4 2.6546546546546548 0.5759581881533101
4 2.6736736736736737 0.5774810039143449
4 2.6926926926926926 0.5789774024195389
4 2.711711711711712 0.5804480651731161
4 2.730730730730731 0.5818936504375141
4 2.74974974974975 0.5833147942157954
4 2.768768768768769 0.5847121111846459
4 2.7877877877877877 0.5860861955808357
4 2.806806806806807 0.5874376220438273
4 2.825825825825826 0.5887669464170433
4 2.844844844844845 0.5900747065101387
4 2.8638638638638643 0.591361422824476
4 2.8828828828828827 0.5926275992438563
4 2.901901901901902 0.593873723692436
4 2.920920920920921 0.5951002687616291
4 2.93993993993994 0.5963076923076923
4 2.9589589589589593 0.5974964380215755
4 2.9779779779779783 0.5986669359725307
4 2.996996996996997 0.5998196031268791
4 3.016016016016016 0.6009548438432465
4 3.035035035035035 0.6020730503455084
4 3.0540540540540544 0.6031746031746031
4 3.0730730730730733 0.6042598716203073
4 3.0920920920920922 0.6053292141340028
4 3.111111111111111 0.6063829787234043
4 3.13013013013013 0.6074215033301618
4 3.1491491491491495 0.6084451161911959
4 3.1681681681681684 0.6094541361845808
4 3.1871871871871873 0.6104488731607376
4 3.206206206206206 0.6114296282596634
4 3.2252252252252256 0.6123966942148761
4 3.2442442442442445 0.6133503556447201
4 3.2632632632632634 0.6142908893316428
4 3.2822822822822824 0.6152185644900162
4 3.3013013013013013 0.6161336430230481
4 3.3203203203203207 0.617036379769299
4 3.3393393393393396 0.6179270227392913
4 3.3583583583583585 0.618805813342672
4 3.3773773773773774 0.6196729866063663
4 3.396396396396397 0.6205287713841369
4 3.4154154154154157 0.6213733905579399
4 3.4344344344344346 0.6222070612314515
4 3.4534534534534536 0.6230299949161159
4 3.4724724724724725 0.6238423977100522
4 3.491491491491492 0.6246444704701355
4 3.5105105105105108 0.6254364089775561
4 3.5295295295295297 0.6262184040971419
4 3.5485485485485486 0.6269906419307174
4 3.567567567567568 0.6277533039647577
4 3.586586586586587 0.6285065672125831
4 3.605605605605606 0.6292506043513296
4 3.6246246246246248 0.6299855838539163
4 3.6436436436436437 0.6307116701162235
4 3.662662662662663 0.6314290235796803
4 3.681681681681682 0.6321378008494574
4 3.700700700700701 0.6328381548084442
4 3.71971971971972 0.633530234727188
4 3.738738738738739 0.6342141863699583
4 3.757757757757758 0.6348901520970963
4 3.776776776776777 0.6355582709638001
4 3.795795795795796 0.6362186788154898
4 3.814814814814815 0.6368715083798883
4 3.8338338338338342 0.6375168893559525
4 3.852852852852853 0.638154948499776
4 3.871871871871872 0.638785809707585
4 3.890890890890891 0.639409594095941
4 3.90990990990991 0.6400264200792602
4 3.9289289289289293 0.6406364034447526
4 3.9479479479479482 0.6412396574248802
4 3.966966966966967 0.6418362927674317
4 3.985985985985986 0.6424264178033022
4 4.005005005005005 0.6430101385120662
4 4.024024024024024 0.6435875585854283
4 4.043043043043044 0.6441587794886283
4 4.062062062062062 0.644723900519882
4 4.081081081081081 0.6452830188679245
4 4.1001001001001 0.6458362296677325
4 4.119119119119119 0.6463836260544876
4 4.138138138138139 0.6469252992158482
4 4.157157157157157 0.6474613384425892
4 4.176176176176177 0.6479918311776718
4 4.195195195195195 0.6485168630637952
4 4.2142142142142145 0.6490365179894892
4 4.233233233233234 0.6495508781337981
4 4.252252252252252 0.6500600240096039
4 4.271271271271272 0.6505640345056404
4 4.29029029029029 0.6510629869272415
4 4.3093093093093096 0.6515569570358691
4 4.328328328328329 0.6520460190874624
4 4.347347347347347 0.65253024586965
4 4.366366366366367 0.653009708737864
4 4.385385385385385 0.6534844776503929
4 4.404404404404405 0.65395462120241
4 4.423423423423424 0.6544202066590127
4 4.442442442442443 0.6548812999873048
4 4.461461461461462 0.6553379658875553
4 4.48048048048048 0.6557902678234628
4 4.4994994994995 0.656238268051558
4 4.518518518518519 0.6566820276497696
4 4.537537537537538 0.6571216065451841
4 4.556556556556557 0.6575570635410241
4 4.575575575575575 0.6579884563428712
4 4.594594594594595 0.6584158415841584
4 4.613613613613614 0.6588392748509552
4 4.6326326326326335 0.6592588107060676
4 4.651651651651652 0.6596745027124774
4 4.67067067067067 0.6600864034561382
4 4.68968968968969 0.6604945645681519
4 4.708708708708709 0.6608990367463432
4 4.7277277277277285 0.661299869776252
4 4.746746746746747 0.6616971125515615
4 4.7657657657657655 0.662090813093981
4 4.784784784784785 0.6624810185725967
4 4.803803803803804 0.6628677753227119
4 4.822822822822824 0.663251128864189
4 4.841841841841842 0.6636311239193085
4 4.8608608608608606 0.6640078044301618
4 4.87987987987988 0.6643812135755913
4 4.898898898898899 0.6647513937876892
4 4.917917917917919 0.6651183867678713
4 4.936936936936937 0.665482233502538
4 4.9559559559559565 0.665842974278333
4 4.974974974974975 0.6662006486970138
4 4.993993993993994 0.6665552956899432
4 5.013013013013014 0.666906953532217
4 5.032032032032032 0.667255659856433
4 5.051051051051052 0.6676014516661168
4 5.07007007007007 0.6679443653488117
4 5.089089089089089 0.6682844366888429
4 5.108108108108109 0.6686217008797654
4 5.127127127127127 0.6689561925365062
4 5.146146146146147 0.6692879457072067
4 5.165165165165165 0.6696169938847764
4 5.1841841841841845 0.6699433700181643
4 5.203203203203204 0.6702671065233585
4 5.222222222222222 0.6705882352941177
4 5.241241241241242 0.6709067877124459
4 5.26026026026026 0.6712227946588161
4 5.2792792792792795 0.6715362865221489
4 5.298298298298299 0.6718472932095546
4 5.317317317317317 0.6721558441558441
4 5.336336336336337 0.6724619683328159
4 5.355355355355356 0.6727656942583239
4 5.374374374374375 0.673067050005134
4 5.393393393393394 0.6733660632095735
4 5.412412412412412 0.6736627610799797
4 5.431431431431432 0.6739571704049528
4 5.450450450450451 0.6742493175614195
4 5.46946946946947 0.6745392285225098
4 5.488488488488489 0.6748269288652553
4 5.5075075075075075 0.6751124437781109
4 5.526526526526527 0.6753957980683063
4 5.545545545545546 0.6756770161690309
4 5.564564564564565 0.6759561221464572
4 5.583583583583584 0.6762331397066063
4 5.602602602602603 0.6765080922020599
4 5.621621621621622 0.6767810026385225
4 5.640640640640641 0.6770518936812385
4 5.65965965965966 0.6773207876612669
4 5.678678678678679 0.6775877065816178
4 5.6976976976976985 0.6778526721232547
4 5.716716716716717 0.6781157056509641
4 5.735735735735736 0.6783768282190995
4 5.754754754754755 0.6786360605771978
4 5.773773773773774 0.6788934231754769
4 5.792792792792794 0.6791489361702128
4 5.811811811811812 0.6794026194290023
4 5.830830830830831 0.6796544925359121
4 5.84984984984985 0.6799045747965198
4 5.868868868868869 0.6801528852428451
4 5.887887887887889 0.6803994426381793
4 5.906906906906907 0.6806442654818106
4 5.9259259259259265 0.6808873720136518
4 5.944944944944945 0.6811287802187701
4 5.963963963963964 0.6813685078318219
4 5.982982982982984 0.6816065723413967
4 6.002002002002002 0.6818429909942691
4 6.0210210210210215 0.6820777807995649
4 6.04004004004004 0.6823109585328394
4 6.059059059059059 0.6825425407400738
4 6.078078078078079 0.6827725437415881
4 6.097097097097097 0.6830009836358758
4 6.116116116116117 0.6832278763033598
4 6.135135135135136 0.6834532374100719
4 6.1541541541541545 0.6836770824112597
4 6.173173173173174 0.6838994265549184
4 6.192192192192192 0.6841202848852546
4 6.211211211211212 0.6843396722460784
4 6.230230230230231 0.6845576032841296
4 6.2492492492492495 0.6847740924523374
4 6.268268268268269 0.6849891540130152
4 6.287287287287287 0.6852028020409928
4 6.306306306306307 0.6854150504266873
4 6.325325325325326 0.6856259128791133
4 6.344344344344345 0.6858354029288345
4 6.363363363363364 0.6860435339308579
4 6.382382382382382 0.6862503190674721
4 6.401401401401402 0.6864557713510305
4 6.420420420420421 0.6866599036266803
4 6.43943943943944 0.68686272857504
4 6.458458458458459 0.6870642587148257
4 6.477477477477478 0.6872645064054258
4 6.496496496496497 0.6874634838494282
4 6.515515515515516 0.6876612030950994
4 6.534534534534535 0.6878576760388155
4 6.553553553553554 0.6880529144274493
4 6.572572572572573 0.6882469298607103
4 6.591591591591592 0.6884397337934435
4 6.610610610610611 0.688631337537882
4 6.62962962962963 0.6888217522658611
4 6.648648648648649 0.689010989010989
4 6.6676676676676685 0.6891990586707782
4 6.686686686686687 0.6893859720087371
4 6.705705705705706 0.6895717396564238
4 6.724724724724725 0.689756372115462
4 6.743743743743744 0.6899398797595191
4 6.762762762762764 0.6901222728362504
4 6.781781781781782 0.6903035614692057
4 6.800800800800801 0.690483755659703
4 6.81981981981982 0.6906628652886672
4 6.838838838838839 0.6908409001184367
4 6.857857857857859 0.6910178697945367
4 6.876876876876877 0.6911937838474217
4 6.8958958958958965 0.6913686516941857
4 6.914914914914916 0.6915424826402434
4 6.933933933933934 0.6917152858809801
4 6.952952952952954 0.6918870705033738
4 6.971971971971972 0.692057845487588
4 6.9909909909909915 0.6922276197085357
4 7.010010010010011 0.6923964019374184
4 7.029029029029029 0.692564200843235
4 7.048048048048049 0.6927310249942674
4 7.067067067067067 0.6928968828595381
4 7.086086086086087 0.6930617828102439
4 7.105105105105106 0.6932257331211639
4 7.124124124124124 0.6933887419720439
4 7.143143143143144 0.6935508174489566
4 7.162162162162162 0.693711967545639
4 7.181181181181182 0.6938722001648064
4 7.200200200200201 0.6940315231194443
4 7.2192192192192195 0.6941899441340782
4 7.238238238238239 0.6943474708460224
4 7.257257257257257 0.6945041108066069
4 7.276276276276277 0.6946598714823842
4 7.295295295295296 0.6948147602563158
4 7.314314314314315 0.6949687844289386
4 7.333333333333334 0.6951219512195121
4 7.352352352352353 0.6952742677671463
4 7.371371371371372 0.6954257411319106
4 7.390390390390391 0.6955763782959251
4 7.40940940940941 0.6957261861644332
4 7.428428428428429 0.6958751715668569
4 7.447447447447448 0.6960233412578345
4 7.466466466466467 0.6961707019182413
4 7.485485485485486 0.696317260156194
4 7.504504504504505 0.6964630225080386
4 7.523523523523524 0.6966079954393216
4 7.542542542542543 0.6967521853457467
4 7.561561561561562 0.6968955985541144
4 7.580580580580581 0.6970382413232488
4 7.5995995995996 0.6971801198449066
4 7.618618618618619 0.6973212402446741
4 7.6376376376376385 0.6974616085828483
4 7.656656656656657 0.6976012308553046
4 7.675675675675676 0.6977401129943502
4 7.694694694694695 0.6978782608695652
4 7.713713713713714 0.6980156802886283
4 7.7327327327327335 0.6981523769981316
4 7.751751751751752 0.6982883566843813
4 7.770770770770771 0.6984236249741861
4 7.789789789789791 0.6985581874356334
4 7.808808808808809 0.6986920495788537
4 7.827827827827829 0.6988252168567721
4 7.846846846846847 0.6989576946658491
4 7.8658658658658664 0.6990894883468098
4 7.884884884884886 0.6992206031853608
4 7.903903903903904 0.6993510444128981
4 7.922922922922924 0.6994808172072012
4 7.941941941941942 0.6996099266931199
4 7.9609609609609615 0.6997383779432482
4 7.979979979979981 0.6998661759785882
4 7.998998998998999 0.6999933257692051
4 8.018018018018019 0.7001198322348712
4 8.037037037037038 0.7002457002457002
4 8.056056056056057 0.7003709346227728
4 8.075075075075077 0.7004955401387513
4 8.094094094094094 0.7006195215184867
4 8.113113113113114 0.700742883439616
4 8.132132132132133 0.7008656305331497
4 8.15115115115115 0.7009877673840518
4 8.17017017017017 0.7011092985318108
4 8.18918918918919 0.7012302284710018
4 8.208208208208209 0.7013505616518408
4 8.227227227227228 0.7014703024807306
4 8.246246246246248 0.7015894553207986
4 8.265265265265267 0.7017080244924266
4 8.284284284284285 0.7018260142737736
4 8.303303303303304 0.7019434289012892
4 8.322322322322323 0.7020602725702221
4 8.34134134134134 0.7021765494351184
4 8.36036036036036 0.7022922636103152
4 8.37937937937938 0.7024074191704249
4 8.398398398398399 0.7025220201508142
4 8.417417417417418 0.7026360705480751
4 8.436436436436438 0.7027495743204893
4 8.455455455455457 0.702862535388487
4 8.474474474474475 0.7029749576350969
4 8.493493493493494 0.7030868449063928
4 8.512512512512513 0.7031982010119308
4 8.531531531531531 0.7033090297251823
4 8.55055055055055 0.7034193347839602
4 8.56956956956957 0.7035291198908392
4 8.588588588588589 0.7036383887135698
4 8.607607607607608 0.7037471448854867
4 8.626626626626628 0.7038553920059124
4 8.645645645645647 0.703963133640553
4 8.664664664664667 0.7040703733218905
4 8.683683683683684 0.7041771145495689
4 8.702702702702704 0.7042833607907744
4 8.721721721721721 0.7043891154806112
4 8.74074074074074 0.7044943820224719
4 8.75975975975976 0.7045991637884021
4 8.77877877877878 0.7047034641194607
4 8.797797797797799 0.7048072863260751
4 8.816816816816818 0.7049106336883915
4 8.835835835835837 0.7050135094566197
4 8.854854854854857 0.7051159168513749
4 8.873873873873874 0.7052178590640129
4 8.892892892892894 0.7053193392569622
4 8.911911911911913 0.7054203605640507
4 8.93093093093093 0.7055209260908282
4 8.94994994994995 0.7056210389148848
4 8.96896896896897 0.7057207020861651
4 8.987987987987989 0.7058199186272776
4 9.007007007007008 0.7059186915338
4 9.026026026026027 0.7060170237745818
4 9.045045045045045 0.7061149182920401
4 9.064064064064064 0.7062123780024546
4 9.083083083083084 0.7063094057962565
4 9.102102102102103 0.7064060045383139
4 9.121121121121122 0.7065021770682148
4 9.14014014014014 0.7065979262005445
4 9.15915915915916 0.7066932547251604
4 9.178178178178179 0.7067881654074629
4 9.197197197197198 0.7068826609886631
4 9.216216216216218 0.7069767441860465
4 9.235235235235235 0.7070704176932332
4 9.254254254254255 0.7071636841804356
4 9.273273273273274 0.7072565462947116
4 9.292292292292293 0.7073490066602152
4 9.311311311311313 0.7074410678784436
4 9.33033033033033 0.7075327325284816
4 9.34934934934935 0.7076240031672417
4 9.368368368368369 0.7077148823297026
4 9.387387387387388 0.7078053725291434
4 9.406406406406408 0.7078954762573757
4 9.425425425425425 0.7079851959849718
4 9.444444444444445 0.7080745341614907
4 9.463463463463464 0.7081634932157016
4 9.482482482482483 0.7082520755558033
4 9.501501501501503 0.7083402835696414
4 9.52052052052052 0.7084281196249237
4 9.53953953953954 0.7085155860694313
4 9.558558558558559 0.7086026852312283
4 9.577577577577578 0.7086894194188675
4 9.596596596596598 0.7087757909215956
4 9.615615615615617 0.7088618020095536
4 9.634634634634635 0.7089474549339762
4 9.653653653653654 0.709032751927388
4 9.672672672672673 0.7091176952037976
4 9.691691691691693 0.7092022869588891
4 9.710710710710712 0.7092865293702113
4 9.72972972972973 0.7093704245973645
4 9.74874874874875 0.7094539747821852
4 9.767767767767769 0.709537182048928
4 9.786786786786788 0.7096200485044463
4 9.805805805805807 0.7097025762383693
4 9.824824824824825 0.7097847673232784
4 9.843843843843844 0.7098666238148803
4 9.862862862862864 0.7099481477521784
4 9.881881881881883 0.710029341157642
4 9.900900900900902 0.7101102060373743
4 9.91991991991992 0.7101907443812763
4 9.93893893893894 0.7102709581632112
4 9.957957957957959 0.7103508493411652
4 9.976976976976978 0.710430419857407
4 9.995995995995997 0.7105096716386444
4 10.015015015015015 0.7105886065961811
4 10.034034034034034 0.7106672266260695
4 10.053053053053054 0.7107455336092628
4 10.072072072072073 0.7108235294117646
4 10.091091091091092 0.710901215884778
4 10.11011011011011 0.7109785948648508
4 10.12912912912913 0.7110556681740215
4 10.148148148148149 0.7111324376199616
4 10.167167167167168 0.711208904996117
4 10.186186186186188 0.7112850720818478
4 10.205205205205205 0.7113609406425662
4 10.224224224224224 0.7114365124298729
4 10.243243243243244 0.7115117891816921
4 10.262262262262263 0.7115867726224046
4 10.281281281281283 0.7116614644629792
4 10.3003003003003 0.7117358664011031
4 10.31931931931932 0.711809980121311
4 10.338338338338339 0.7118838072951111
4 10.357357357357358 0.711957349581112
4 10.376376376376378 0.7120306086251457
4 10.395395395395397 0.7121035860603915
4 10.414414414414415 0.7121762835074965
4 10.433433433433434 0.7122487025746964
4 10.452452452452453 0.7123208448579331
4 10.471471471471473 0.7123927119409728
4 10.490490490490492 0.7124643053955212
4 10.50950950950951 0.7125356267813391
4 10.528528528528529 0.7126066776463542
4 10.547547547547548 0.7126774595267746
4 10.566566566566568 0.7127479739471984
4 10.585585585585587 0.7128182224207236
4 10.604604604604605 0.7128882064490565
4 10.623623623623624 0.7129579275226183
4 10.642642642642643 0.7130273871206514
4 10.661661661661663 0.7130965867113235
4 10.680680680680682 0.7131655277518313
4 10.6996996996997 0.7132342116885029
4 10.71871871871872 0.7133026399568987
4 10.737737737737739 0.7133708139819115
4 10.756756756756758 0.7134387351778656
4 10.775775775775777 0.7135064049486143
4 10.794794794794795 0.7135738246876366
4 10.813813813813814 0.7136409957781336
4 10.832832832832834 0.7137079195931217
4 10.851851851851853 0.7137745974955277
4 10.870870870870872 0.71384103083828
4 10.88988988988989 0.713907220964401
4 10.90890890890891 0.7139731692070972
4 10.927927927927929 0.7140388768898488
4 10.946946946946948 0.7141043453264984
4 10.965965965965967 0.7141695758213381
4 10.984984984984985 0.7142345696691966
4 11.004004004004004 0.7142993281555249
4 11.023023023023024 0.7143638525564804
4 11.042042042042043 0.7144281441390116
4 11.061061061061062 0.7144922041609403
4 11.08008008008008 0.714556033871044
4 11.0990990990991 0.7146196345091372
4 11.118118118118119 0.7146830073061513
4 11.137137137137138 0.714746153484214
4 11.156156156156158 0.7148090742567282
4 11.175175175175177 0.7148717708284495
4 11.194194194194194 0.7149342443955632
4 11.213213213213214 0.7149964961457603
4 11.232232232232233 0.7150585272583126
4 11.251251251251253 0.7151203389041478
4 11.270270270270272 0.7151819322459222
4 11.28928928928929 0.7152433084380944
4 11.308308308308309 0.715304468626997
4 11.327327327327328 0.7153654139509084
4 11.346346346346348 0.7154261455401227
4 11.365365365365367 0.7154866645170206
4 11.384384384384385 0.7155469719961375
4 11.403403403403404 0.7156070690842323
4 11.422422422422423 0.7156669568803556
4 11.441441441441443 0.7157266364759161
4 11.460460460460462 0.7157861089547468
4 11.47947947947948 0.7158453753931714
4 11.498498498498499 0.7159044368600682
4 11.517517517517518 0.7159632944169354
4 11.536536536536538 0.7160219491179538
4 11.555555555555557 0.7160804020100503
4 11.574574574574575 0.7161386541329597
4 11.593593593593594 0.7161967065192871
4 11.612612612612613 0.7162545601945682
4 11.631631631631633 0.7163122161773301
4 11.650650650650652 0.7163696754791508
4 11.66966966966967 0.7164269391047183
4 11.68868868868869 0.71648400805189
4 11.707707707707709 0.7165408833117491
4 11.726726726726728 0.716597565868664
4 11.745745745745747 0.7166540567003427
4 11.764764764764765 0.7167103567778914
4 11.783783783783784 0.7167664670658683
4 11.802802802802804 0.7168223885223398
4 11.821821821821823 0.7168781220989346
4 11.840840840840842 0.7169336687408977
4 11.85985985985986 0.7169890293871437
4 11.87887887887888 0.7170442049703101
4 11.897897897897899 0.7170991964168094
4 11.916916916916918 0.717154004646881
4 11.935935935935937 0.7172086305746422
4 11.954954954954957 0.71726307510814
4 11.973973973973974 0.7173173391494002
4 11.992992992992994 0.717371423594478
4 12.012012012012013 0.7174253293335072
4 12.031031031031032 0.7174790572507487
4 12.050050050050052 0.7175326082246393
4 12.06906906906907 0.7175859831278389
4 12.088088088088089 0.7176391828272795
4 12.107107107107108 0.7176922081842093
4 12.126126126126128 0.7177450600542427
4 12.145145145145147 0.7177977392874026
4 12.164164164164164 0.71785024672817
4 12.183183183183184 0.717902583215525
4 12.202202202202203 0.7179547495829948
4 12.221221221221223 0.718006746658696
4 12.240240240240242 0.7180585752653792
4 12.25925925925926 0.7181102362204724
4 12.278278278278279 0.7181617303361237
4 12.297297297297298 0.718213058419244
4 12.316316316316318 0.718264221271549
4 12.335335335335337 0.7183152196896012
4 12.354354354354355 0.7183660544648511
4 12.373373373373374 0.7184167263836783
4 12.392392392392393 0.7184672362274315
4 12.411411411411413 0.7185175847724694
4 12.430430430430432 0.7185677727902001
4 12.44944944944945 0.7186178010471205
4 12.468468468468469 0.718667670304855
4 12.487487487487488 0.7187173813201955
4 12.506506506506508 0.7187669348451373
4 12.525525525525527 0.7188163316269198
4 12.544544544544545 0.7188655724080616
4 12.563563563563564 0.7189146579263992
4 12.582582582582583 0.7189635889151237
4 12.601601601601603 0.7190123661028165
4 12.620620620620622 0.7190609902134865
4 12.63963963963964 0.7191094619666049
4 12.65865865865866 0.7191577820771415
4 12.677677677677679 0.7192059512555998
4 12.696696696696698 0.7192539702080513
4 12.715715715715717 0.71930183963617
4 12.734734734734735 0.7193495602372673
4 12.753753753753754 0.7193971327043254
4 12.772772772772774 0.7194445577260307
4 12.791791791791793 0.7194918359868072
4 12.810810810810812 0.7195389681668496
4 12.829829829829832 0.7195859549421555
4 12.84884884884885 0.7196327969845581
4 12.867867867867869 0.7196794949617579
4 12.886886886886888 0.7197260495373551
4 12.905905905905907 0.7197724613708798
4 12.924924924924927 0.7198187311178248
4 12.943943943943944 0.7198648594296747
4 12.962962962962964 0.7199108469539376
4 12.981981981981983 0.7199566943341754
4 13.001001001001002 0.7200024022100333
4 13.020020020020022 0.7200479712172697
4 13.03903903903904 0.7200934019877859
4 13.058058058058059 0.7201386951496552
4 13.077077077077078 0.7201838513271519
4 13.096096096096097 0.7202288711407796
4 13.115115115115117 0.7202737552073002
4 13.134134134134134 0.7203185041397615
4 13.153153153153154 0.7203631185475258
4 13.172172172172173 0.7204075990362968
4 13.191191191191193 0.7204519462081476
4 13.210210210210212 0.7204961606615475
4 13.22922922922923 0.7205402429913891
4 13.248248248248249 0.7205841937890151
4 13.267267267267268 0.7206280136422438
4 13.286286286286288 0.7206717031353975
4 13.305305305305307 0.7207152628493257
4 13.324324324324325 0.7207586933614332
4 13.343343343343344 0.7208019952457037
4 13.362362362362363 0.7208451690727266
4 13.381381381381383 0.7208882154097215
4 13.400400400400402 0.7209311348205626
4 13.41941941941942 0.720973927865804
4 13.438438438438439 0.721016595102704
4 13.457457457457458 0.7210591370852486
4 13.476476476476478 0.7211015543641763
4 13.495495495495497 0.7211438474870018
4 13.514514514514515 0.7211860169980386
4 13.533533533533534 0.7212280634384239
4 13.552552552552553 0.7212699873461406
4 13.571571571571573 0.7213117892560401
4 13.590590590590592 0.7213534696998661
4 13.609609609609612 0.7213950292062764
4 13.62862862862863 0.7214364683008653
4 13.647647647647648 0.7214777875061861
4 13.666666666666668 0.7215189873417721
4 13.685685685685687 0.7215600683241602
4 13.704704704704707 0.7216010309669104
4 13.723723723723724 0.7216418757806291
4 13.742742742742744 0.7216826032729884
4 13.761761761761763 0.7217232139487489
4 13.780780780780782 0.7217637083097795
4 13.799799799799802 0.7218040868550785
4 13.81881881881882 0.7218443500807936
4 13.837837837837839 0.7218844984802432
4 13.856856856856858 0.7219245325439353
4 13.875875875875877 0.7219644527595884
4 13.894894894894897 0.7220042596121511
4 13.913913913913914 0.7220439535838215
4 13.932932932932934 0.7220835351540668
4 13.951951951951953 0.7221230047996428
4 13.970970970970972 0.7221623629946127
4 13.989989989989992 0.7222016102103662
4 14.00900900900901 0.7222407469156387
4 14.028028028028029 0.7222797735765288
4 14.047047047047048 0.7223186906565191
4 14.066066066066067 0.7223574986164913
4 14.085085085085087 0.7223961979147479
4 14.104104104104104 0.722434789007027
4 14.123123123123124 0.7224732723465227
4 14.142142142142143 0.7225116483839015
4 14.161161161161163 0.72254991756732
4 14.180180180180182 0.7225880803424433
4 14.1991991991992 0.7226261371524606
4 14.218218218218219 0.7226640884381043
4 14.237237237237238 0.7227019346376653
4 14.256256256256258 0.7227396761870111
4 14.275275275275277 0.7227773135196018
4 14.294294294294295 0.722814847066507
4 14.313313313313314 0.7228522772564223
4 14.332332332332333 0.7228896045156855
4 14.351351351351353 0.7229268292682927
4 14.370370370370372 0.7229639519359146
4 14.38938938938939 0.7230009729379121
4 14.408408408408409 0.7230378926913528
4 14.427427427427428 0.7230747116110252
4 14.446446446446448 0.7231114301094563
4 14.465465465465467 0.723148048596925
4 14.484484484484486 0.7231845674814789
4 14.503503503503504 0.7232209871689482
4 14.522522522522523 0.7232573080629618
4 14.541541541541543 0.7232935305649617
4 14.560560560560562 0.7233296550742178
4 14.579579579579582 0.7233656819878427
4 14.598598598598599 0.7234016117008059
4 14.617617617617618 0.7234374446059488
4 14.636636636636638 0.7234731810939989
4 14.655655655655657 0.7235088215535834
4 14.674674674674677 0.723544366371244
4 14.693693693693694 0.7235798159314503
4 14.712712712712714 0.7236151706166144
4 14.731731731731733 0.7236504308071039
4 14.750750750750752 0.7236855968812559
4 14.769769769769772 0.7237206692153906
4 14.78878878878879 0.7237556481838242
4 14.807807807807809 0.7237905341588835
4 14.826826826826828 0.723825327510917
4 14.845845845845847 0.7238600286083104
4 14.864864864864867 0.7238946378174976
4 14.883883883883884 0.7239291555029751
4 14.902902902902904 0.7239635820273135
4 14.921921921921923 0.7239979177511713
4 14.940940940940942 0.7240321630333068
4 14.959959959959962 0.7240663182305909
4 14.97897897897898 0.7241003836980193
4 14.997997997997999 0.7241343597887251
4 15.017017017017018 0.7241682468539907
4 15.036036036036037 0.72420204524326
4 15.055055055055057 0.7242357553041505
4 15.074074074074074 0.724269377382465
4 15.093093093093094 0.7243029118222039
4 15.112112112112113 0.7243363589655762
4 15.131131131131133 0.724369719153012
4 15.150150150150152 0.7244029927231731
4 15.16916916916917 0.7244361800129654
4 15.188188188188189 0.7244692813575493
4 15.207207207207208 0.7245022970903523
4 15.226226226226228 0.7245352275430785
4 15.245245245245247 0.7245680730457216
4 15.264264264264266 0.7246008339265737
4 15.283283283283284 0.7246335105122389
4 15.302302302302303 0.7246661031276416
4 15.321321321321323 0.7246986120960389
4 15.340340340340342 0.7247310377390308
4 15.359359359359361 0.7247633803765705
4 15.378378378378379 0.7247956403269755
4 15.397397397397398 0.7248278179069377
4 15.416416416416418 0.7248599134315338
4 15.435435435435437 0.7248919272142355
4 15.454454454454456 0.72492385956692
4 15.473473473473474 0.7249557107998796
4 15.492492492492493 0.7249874812218328
4 15.511511511511513 0.7250191711399326
4 15.530530530530532 0.7250507808597783
4 15.549549549549551 0.7250823106854235
4 15.568568568568569 0.7251137609193876
4 15.587587587587588 0.7251451318626637
4 15.606606606606608 0.7251764238147302
4 15.625625625625627 0.7252076370735581
4 15.644644644644647 0.7252387719356225
4 15.663663663663664 0.7252698286959105
4 15.682682682682684 0.7253008076479315
4 15.701701701701703 0.7253317090837257
4 15.720720720720722 0.725362533293874
4 15.739739739739742 0.7253932805675064
4 15.75875875875876 0.7254239511923115
4 15.777777777777779 0.7254545454545455
4 15.796796796796798 0.7254850636390406
4 15.815815815815817 0.7255155060292148
4 15.834834834834837 0.7255458729070792
4 15.853853853853854 0.7255761645532484
4 15.872872872872874 0.7256063812469478
4 15.891891891891893 0.7256365232660228
4 15.910910910910912 0.7256665908869474
4 15.929929929929932 0.7256965843848324
4 15.94894894894895 0.7257265040334338
4 15.967967967967969 0.725756350105161
4 15.986986986986988 0.7257861228710855
4 16.006006006006007 0.725815822600949
4 16.025025025025027 0.7258454495631709
4 16.044044044044046 0.7258750040248576
4 16.063063063063062 0.7259044862518089
4 16.08208208208208 0.7259338965085279
4 16.1011011011011 0.7259632350582272
4 16.12012012012012 0.7259925021628376
4 16.13913913913914 0.726021698083016
4 16.15815815815816 0.7260508230781525
4 16.177177177177178 0.7260798774063787
4 16.196196196196198 0.7261088613245751
4 16.215215215215217 0.7261377750883786
4 16.234234234234236 0.7261666189521901
4 16.253253253253256 0.7261953931691819
4 16.272272272272275 0.7262240979913052
4 16.291291291291294 0.7262527336692973
4 16.310310310310314 0.7262813004526892
4 16.329329329329333 0.7263097985898125
4 16.34834834834835 0.7263382283278067
4 16.36736736736737 0.7263665899126266
4 16.386386386386388 0.7263948835890488
4 16.405405405405407 0.7264231096006798
4 16.424424424424426 0.7264512681899613
4 16.443443443443442 0.7264793595981792
4 16.46246246246246 0.7265073840654689
4 16.48148148148148 0.7265353418308227
4 16.5005005005005 0.7265632331320967
4 16.51951951951952 0.7265910582060174
4 16.53853853853854 0.7266188172881884
4 16.55755755755756 0.7266465106130973
4 16.576576576576578 0.7266741384141217
4 16.595595595595597 0.7267017009235361
4 16.614614614614617 0.7267291983725191
4 16.633633633633636 0.7267566309911587
4 16.652652652652655 0.7267839990084591
4 16.671671671671675 0.7268113026523475
4 16.690690690690694 0.72683854214968
4 16.709709709709713 0.7268657177262482
4 16.72872872872873 0.7268928296067849
4 16.74774774774775 0.7269198780149708
4 16.766766766766768 0.7269468631734409
4 16.785785785785787 0.7269737853037892
4 16.804804804804807 0.7270006446265771
4 16.823823823823826 0.7270274413613368
4 16.842842842842842 0.7270541757265795
4 16.86186186186186 0.7270808479398
4 16.88088088088088 0.727107458217483
4 16.8998998998999 0.7271340067751091
4 16.91891891891892 0.7271604938271605
4 16.93793793793794 0.7271869195871267
4 16.956956956956958 0.7272132842675101
4 16.975975975975977 0.7272395880798324
4 16.994994994994997 0.7272658312346391
4 17.014014014014016 0.7272920139415063
4 17.033033033033036 0.7273181364090455
4 17.052052052052055 0.7273441988449094
4 17.07107107107107 0.7273702014557974
4 17.09009009009009 0.7273961444474614
4 17.10910910910911 0.7274220280247099
4 17.12812812812813 0.7274478523914156
4 17.147147147147148 0.7274736177505186
4 17.166166166166168 0.7274993243040332
4 17.185185185185187 0.7275249722530521
4 17.204204204204206 0.7275505617977529
4 17.223223223223226 0.7275760931374016
4 17.242242242242245 0.7276015664703597
4 17.261261261261264 0.7276269819940876
4 17.28028028028028 0.7276523399051511
4 17.2992992992993 0.7276776403992253
4 17.31831831831832 0.7277028836711008
4 17.33733733733734 0.7277280699146874
4 17.356356356356358 0.7277531993230203
4 17.375375375375377 0.7277782720882641
4 17.394394394394396 0.7278032884017183
4 17.413413413413416 0.7278282484538218
4 17.432432432432435 0.727853152434158
4 17.451451451451454 0.7278780005314595
4 17.47047047047047 0.7279027929336125
4 17.48948948948949 0.7279275298276624
4 17.50850850850851 0.7279522113998175
4 17.52752752752753 0.7279768378354546
4 17.546546546546548 0.7280014093191226
4 17.565565565565567 0.7280259260345485
4 17.584584584584587 0.7280503881646403
4 17.603603603603606 0.7280747958914934
4 17.622622622622625 0.728099149396393
4 17.641641641641645 0.7281234488598208
4 17.66066066066066 0.7281476944614577
4 17.67967967967968 0.7281718863801894
4 17.6986986986987 0.7281960247941099
4 17.71771771771772 0.7282201098805268
4 17.736736736736738 0.7282441418159644
4 17.755755755755757 0.7282681207761696
4 17.774774774774777 0.7282920469361147
4 17.793793793793796 0.7283159204700026
4 17.812812812812815 0.7283397415512706
4 17.831831831831835 0.7283635103525946
4 17.85085085085085 0.7283872270458939
4 17.86986986986987 0.7284108918023339
4 17.88888888888889 0.7284345047923323
4 17.90790790790791 0.7284580661855611
4 17.926926926926928 0.7284815761509521
4 17.945945945945947 0.7285050348567002
4 17.964964964964967 0.728528442470268
4 17.983983983983986 0.7285517991583889
4 18.003003003003005 0.7285751050870722
4 18.022022022022025 0.7285983604216059
4 18.04104104104104 0.7286215653265615
4 18.06006006006006 0.7286447199657974
4 18.07907907907908 0.7286678245024628
4 18.0980980980981 0.7286908790990018
4 18.117117117117118 0.7287138839171567
4 18.136136136136138 0.7287368391179726
4 18.155155155155157 0.7287597448618002
4 18.174174174174176 0.7287826013083001
4 18.193193193193196 0.7288054086164465
4 18.212212212212215 0.7288281669445308
4 18.231231231231234 0.7288508764501651
4 18.25025025025025 0.7288735372902863
4 18.26926926926927 0.7288961496211587
4 18.28828828828829 0.7289187135983793
4 18.30730730730731 0.7289412293768796
4 18.326326326326328 0.7289636971109302
4 18.345345345345347 0.7289861169541438
4 18.364364364364366 0.7290084890594795
4 18.383383383383386 0.7290308135792448
4 18.402402402402405 0.7290530906651012
4 18.421421421421424 0.7290753204680649
4 18.44044044044044 0.7290975031385131
4 18.45945945945946 0.7291196388261851
4 18.47847847847848 0.729141727680187
4 18.4974974974975 0.7291637698489947
4 18.516516516516518 0.7291857654804567
4 18.535535535535537 0.7292077147217982
4 18.554554554554556 0.7292296177196241
4 18.573573573573576 0.7292514746199219
4 18.592592592592595 0.7292732855680655
4 18.611611611611615 0.7292950507088181
4 18.63063063063063 0.7293167701863353
4 18.64964964964965 0.729338444144169
4 18.66866866866867 0.7293600727252693
4 18.68768768768769 0.7293816560719888
4 18.706706706706708 0.7294031943260851
4 18.725725725725727 0.7294246876287245
4 18.744744744744747 0.7294461361204838
4 18.763763763763766 0.7294675399413555
4 18.782782782782785 0.7294888992307481
4 18.801801801801805 0.7295102141274921
4 18.82082082082082 0.7295314847698402
4 18.83983983983984 0.7295527112954725
4 18.85885885885886 0.7295738938414983
4 18.87787787787788 0.7295950325444592
4 18.896896896896898 0.7296161275403324
4 18.915915915915917 0.7296371789645332
4 18.934934934934937 0.7296581869519181
4 18.953953953953956 0.7296791516367878
4 18.972972972972975 0.7297000731528895
4 18.991991991991995 0.7297209516334209
4 19.011011011011014 0.7297417872110316
4 19.03003003003003 0.7297625800178267
4 19.04904904904905 0.7297833301853701
4 19.06806806806807 0.7298040378446858
4 19.087087087087088 0.7298247031262622
4 19.106106106106107 0.7298453261600537
4 19.125125125125127 0.7298659070754844
4 19.144144144144146 0.7298864460014496
4 19.163163163163166 0.7299069430663199
4 19.182182182182185 0.7299273983979425
4 19.201201201201204 0.7299478121236451
4 19.22022022022022 0.7299681843702377
4 19.23923923923924 0.7299885152640154
4 19.25825825825826 0.7300088049307613
4 19.27727727727728 0.7300290534957486
4 19.296296296296298 0.7300492610837438
4 19.315315315315317 0.7300694278190089
4 19.334334334334336 0.7300895538253036
4 19.353353353353356 0.7301096392258887
4 19.372372372372375 0.7301296841435277
4 19.391391391391394 0.7301496887004901
4 19.41041041041041 0.7301696530185534
4 19.42942942942943 0.7301895772190052
4 19.44844844844845 0.7302094614226472
4 19.46746746746747 0.7302293057497955
4 19.486486486486488 0.7302491103202847
4 19.505505505505507 0.7302688752534695
4 19.524524524524526 0.7302886006682276
4 19.543543543543546 0.7303082866829614
4 19.562562562562565 0.7303279334156012
4 19.581581581581585 0.7303475409836065
4 19.6006006006006 0.7303671095039698
4 19.61961961961962 0.7303866390932174
4 19.63863863863864 0.7304061298674128
4 19.65765765765766 0.7304255819421585
4 19.676676676676678 0.7304449954325982
4 19.695695695695697 0.7304643704534195
4 19.714714714714717 0.730483707118856
4 19.733733733733736 0.7305030055426891
4 19.752752752752755 0.730522265838251
4 19.771771771771775 0.7305414881184262
4 19.790790790790794 0.7305606724956543
4 19.80980980980981 0.7305798190819316
4 19.82882882882883 0.7305989279888138
4 19.84784784784785 0.7306179993274181
4 19.866866866866868 0.7306370332084248
4 19.885885885885887 0.7306560297420804
4 19.904904904904907 0.7306749890381986
4 19.923923923923926 0.7306939112061636
4 19.942942942942945 0.7307127963549308
4 19.961961961961965 0.7307316445930307
4 19.980980980980984 0.7307504560285691
4 20.0 0.7307692307692307
