3 1.0 0.0
3 1.019019019019019 0.018491484184914753
3 1.038038038038038 0.03598484848484851
3 1.057057057057057 0.05255878284923923
3 1.0760760760760761 0.06828391734052117
3 1.095095095095095 0.0832238282961016
3 1.1141141141141142 0.0974358974358975
3 1.1331331331331331 0.1109720483938256
3 1.1521521521521523 0.12387938060309707
3 1.1711711711711712 0.13620071684587814
3 1.1901901901901901 0.1479750778816199
3 1.2092092092092093 0.1592380952380953
3 1.2282282282282282 0.1700223713646532
3 1.2472472472472473 0.1803577948156262
3 1.2662662662662663 0.19027181688125894
3 1.2852852852852852 0.1997896950578338
3 1.3043043043043043 0.2089347079037801
3 1.3233233233233235 0.21772834512976078
3 1.3423423423423424 0.22619047619047622
3 1.3613613613613613 0.23433950016228497
3 1.3803803803803805 0.24219247928616955
3 1.3993993993993994 0.24976525821596246
3 1.4184184184184185 0.25707257072570733
3 1.4374374374374375 0.26412813538833485
3 1.4564564564564564 0.2709447415329768
3 1.4754754754754755 0.27753432661408123
3 1.4944944944944947 0.2839080459770116
3 1.5135135135135136 0.29007633587786263
3 1.5325325325325325 0.29604897050639956
3 1.5515515515515514 0.30183511366748833
3 1.5705705705705706 0.3074433656957929
3 1.5895895895895897 0.31288180610889776
3 1.6086086086086087 0.31815803244374674
3 1.6276276276276276 0.32327919566898683
3 1.6466466466466467 0.32825203252032525
3 1.6656656656656659 0.3330828950663662
3 1.6846846846846848 0.3377777777777778
3 1.7037037037037037 0.3423423423423424
3 1.7227227227227226 0.34678194044188276
3 1.7417417417417418 0.35110163468372424
3 1.760760760760761 0.35530621785881256
3 1.7797797797797799 0.3594002306805075
3 1.7987987987987988 0.3633879781420765
3 1.817817817817818 0.3672735446167678
3 1.8368368368368369 0.3710608078118065
3 1.855855855855856 0.37475345167652857
3 1.874874874874875 0.3783549783549784
3 1.8938938938938938 0.3818687192644858
3 1.912912912912913 0.385297845373891
3 1.9319319319319321 0.3886453767480693
3 1.950950950950951 0.3919141914191419
3 1.96996996996997 0.39510703363914373
3 1.9889889889889891 0.39822652156388555
3 2.008008008008008 0.4012751544132297
3 2.027027027027027 0.4042553191489362
3 2.046046046046046 0.4071692967075784
3 2.065065065065065 0.410019267822736
3 2.0840840840840844 0.41280731846769586
3 2.103103103103103 0.4155354449472096
3 2.1221221221221223 0.4182055586644283
3 2.141141141141141 0.4208194905869324
3 2.16016016016016 0.42337899543378993
3 2.1791791791791795 0.42588575560375996
3 2.1981981981981984 0.42834138486312406
3 2.2172172172172173 0.4307474318101311
3 2.2362362362362362 0.43310538313168506
3 2.255255255255255 0.4354166666666667
3 2.2742742742742745 0.43768265428915254
3 2.2932932932932935 0.4399046646237658
3 2.3123123123123124 0.4420839656044512
3 2.3313313313313317 0.4442217768871076
3 2.3503503503503502 0.4463192721257237
3 2.3693693693693696 0.448377581120944
3 2.3883883883883885 0.4503977918493262
3 2.4074074074074074 0.4523809523809524
3 2.426426426426427 0.45432807269249165
3 2.4454454454454453 0.4562401263823065
3 2.4644644644644647 0.45811805229372166
3 2.4834834834834836 0.45996275605214154
3 2.5025025025025025 0.4617751115213044
3 2.521521521521522 0.4635559621835926
3 2.5405405405405403 0.46530612244897956
3 2.5595595595595597 0.46702637889688253
3 2.5785785785785786 0.4687174914548968
3 2.5975975975975976 0.47038019451812557
3 2.616616616616617 0.47201519801256764
3 2.635635635635636 0.4736231884057971
3 2.6546546546546548 0.47520482966796035
3 2.6736736736736737 0.4767607641859139
3 2.6926926926926926 0.4782916136331495
3 2.711711711711712 0.47979797979797983
3 2.730730730730731 0.4812804453723034
3 2.74974974974975 0.4827395747031207
3 2.768768768768769 0.48417591450883685
3 2.7877877877877877 0.4855899945622621
3 2.806806806806807 0.48698232834210176
3 2.825825825825826 0.48835341365461843
3 2.844844844844845 0.4897037332270493
3 2.8638638638638643 0.49103375527426163
3 2.8828828828828827 0.4923439340400471
3 2.901901901901902 0.4936347103143674
3 2.920920920920921 0.4949065119277885
3 2.93993993993994 0.49615975422427033
3 2.9589589589589593 0.49739484051340704
3 2.9779779779779783 0.4986121625031542
3 2.996996996996997 0.49981210071401727
3 3.016016016016016 0.5009950248756219
3 3.035035035035035 0.5021612943065333
3 3.0540540540540544 0.5033112582781457
3 3.0730730730730733 0.504445256363415
3 3.0920920920920922 0.5055636187711658
3 3.111111111111111 0.5066666666666666
3 3.13013013013013 0.507754712479122
3 3.1491491491491495 0.5088280601967058
3 3.1681681681681684 0.5098870056497176
3 3.1871871871871873 0.5109318367824156
3 3.206206206206206 0.5119628339140534
3 3.2252252252252256 0.5129802699896158
3 3.2442442442442445 0.5139844108207244
3 3.2632632632632634 0.5149755153171621
3 3.2822822822822824 0.5159538357094364
3 3.3013013013013013 0.516919617762788
3 3.3203203203203207 0.5178731009830205
3 3.3393393393393396 0.5188145188145188
3 3.3583583583583585 0.5197440988307964
3 3.3773773773773774 0.5206620629178998
3 3.396396396396397 0.5215686274509804
3 3.4154154154154157 0.5224640034643282
3 3.4344344344344346 0.5233483968151496
3 3.4534534534534536 0.5242220083413539
3 3.4724724724724725 0.5250850340136054
3 3.491491491491492 0.5259376650818806
3 3.5105105105105108 0.5267800882167611
3 3.5295295295295297 0.5276124856456833
3 3.5485485485485486 0.5284350352843504
3 3.567567567567568 0.5292479108635098
3 3.586586586586587 0.5300512820512822
3 3.605605605605606 0.5308453145712246
3 3.6246246246246248 0.5316301703163017
3 3.6436436436436437 0.5324060074589255
3 3.662662662662663 0.533172980557226
3 3.681681681681682 0.533931240657698
3 3.700700700700701 0.5346809353943718
3 3.71971971971972 0.5354222090846389
3 3.738738738738739 0.5361552028218695
3 3.757757757757758 0.536880054564942
3 3.776776776776777 0.5375968992248062
3 3.795795795795796 0.5383058687481931
3 3.814814814814815 0.5390070921985816
3 3.8338338338338342 0.5397006958345248
3 3.852852852852853 0.5403868031854381
3 3.871871871871872 0.541065535124941
3 3.890890890890891 0.5417370099418496
3 3.90990990990991 0.5424013434089001
3 3.9289289289289293 0.5430586488492948
3 3.9479479479479482 0.5437090372011447
3 3.966966966966967 0.5443526170798899
3 3.985985985985986 0.5449894948387686
3 4.005005005005005 0.5456197746274082
3 4.024024024024024 0.5462435584486032
3 4.043043043043044 0.5468609462133478
3 4.062062062062062 0.5474720357941834
3 4.081081081081081 0.548076923076923
3 4.1001001001001 0.548675702010807
3 4.119119119119119 0.5492684646571478
3 4.138138138138139 0.5498553012365167
3 4.157157157157157 0.5504363001745202
3 4.176176176176177 0.5510115481462187
3 4.195195195195195 0.5515811301192327
3 4.2142142142142145 0.5521451293955808
3 4.233233233233234 0.552703627652293
3 4.252252252252252 0.5532567049808429
3 4.271271271271272 0.5538044399254364
3 4.29029029029029 0.5543469095201956
3 4.3093093093093096 0.5548841893252769
3 4.328328328328329 0.5554163534619561
3 4.347347347347347 0.5559434746467166
3 4.366366366366367 0.5564656242243734
3 4.385385385385385 0.5569828722002635
3 4.404404404404405 0.5574952872715351
3 4.423423423423424 0.5580029368575624
3 4.442442442442443 0.5585058871295169
3 4.461461461461462 0.5590042030391206
3 4.48048048048048 0.5594979483466087
3 4.4994994994995 0.5599871856479257
3 4.518518518518519 0.56047197640118
3 4.537537537537538 0.560952380952381
3 4.556556556556557 0.5614284585604804
3 4.575575575575575 0.5619002674217398
3 4.594594594594595 0.5623678646934461
3 4.613613613613614 0.5628313065169941
3 4.6326326326326335 0.563290648040357
3 4.651651651651652 0.5637459434399629
3 4.67067067067067 0.5641972459419955
3 4.68968968968969 0.5646446078431373
3 4.708708708708709 0.565088080530771
3 4.7277277277277285 0.5655277145026576
3 4.746746746746747 0.5659635593861042
3 4.7657657657657655 0.5663956639566395
3 4.784784784784785 0.5668240761562102
3 4.803803803803804 0.5672488431109121
3 4.822822822822824 0.567670011148272
3 4.841841841841842 0.5680876258140911
3 4.8608608608608606 0.5685017318888643
3 4.87987987987988 0.5689123734037869
3 4.898898898898899 0.5693195936563619
3 4.917917917917919 0.5697234352256186
3 4.936936936936937 0.5701239399869538
3 4.9559559559559565 0.5705211491266061
3 4.974974974974975 0.570915103155776
3 4.993993993993994 0.5713058419243986
3 5.013013013013014 0.5716934046345811
3 5.032032032032032 0.5720778298537139
3 5.051051051051052 0.572459155527265
3 5.07007007007007 0.5728374189912652
3 5.089089089089089 0.5732126569844945
3 5.108108108108109 0.5735849056603773
3 5.127127127127127 0.573954200598594
3 5.146146146146147 0.5743205768164171
3 5.165165165165165 0.5746840687797804
3 5.1841841841841845 0.5750447104140872
3 5.203203203203204 0.5754025351147654
3 5.222222222222222 0.5757575757575757
3 5.241241241241242 0.5761098647086818
3 5.26026026026026 0.5764594338344846
3 5.2792792792792795 0.5768063145112325
3 5.298298298298299 0.5771505376344086
3 5.317317317317317 0.5774921336279039
3 5.336336336336337 0.5778311324529812
3 5.355355355355356 0.5781675636170355
3 5.374374374374375 0.5785014561821552
3 5.393393393393394 0.5788328387734916
3 5.412412412412412 0.5791617395874392
3 5.431431431431432 0.5794881863996335
3 5.450450450450451 0.5798122065727699
3 5.46946946946947 0.58013382706425
3 5.488488488488489 0.580453074433657
3 5.5075075075075075 0.5807699748500678
3 5.526526526526527 0.5810845540992033
3 5.545545545545546 0.5813968375904232
3 5.564564564564565 0.5817068503635667
3 5.583583583583584 0.5820146170956466
3 5.602602602602603 0.5823201621073961
3 5.621621621621622 0.5826235093696763
3 5.640640640640641 0.5829246825097447
3 5.65965965965966 0.5832237048173902
3 5.678678678678679 0.5835205992509364
3 5.6976976976976985 0.5838153884431175
3 5.716716716716717 0.5841080947068303
3 5.735735735735736 0.5843987400407634
3 5.754754754754755 0.584687346134909
3 5.773773773773774 0.5849739343759583
3 5.792792792792794 0.5852585258525853
3 5.811811811811812 0.5855411413606187
3 5.830830830830831 0.5858218014081087
3 5.84984984984985 0.5861005262202867
3 5.868868868868869 0.5863773357444244
3 5.887887887887889 0.5866522496545924
3 5.906906906906907 0.5869252873563219
3 5.9259259259259265 0.58719646799117
3 5.944944944944945 0.587465810441194
3 5.963963963963964 0.5877333333333333
3 5.982982982982984 0.5879990550437042
3 6.002002002002002 0.588262993701807
3 6.0210210210210215 0.5885251671946498
3 6.04004004004004 0.5887855931707887
3 6.059059059059059 0.5890442890442891
3 6.078078078078079 0.589301271998606
3 6.097097097097097 0.5895565589903902
3 6.116116116116117 0.5898101667532168
3 6.135135135135136 0.5900621118012422
3 6.1541541541541545 0.5903124104327888
3 6.173173173173174 0.5905610787338591
3 6.192192192192192 0.590808132581582
3 6.211211211211212 0.5910535876475931
3 6.230230230230231 0.5912974594013467
3 6.2492492492492495 0.5915397631133672
3 6.268268268268269 0.591780513858436
3 6.287287287287287 0.5920197265187178
3 6.306306306306307 0.5922574157868276
3 6.325325325325326 0.5924935961688385
3 6.344344344344345 0.5927282819872328
3 6.363363363363364 0.5929614873837981
3 6.382382382382382 0.5931932263224667
3 6.401401401401402 0.5934235125921038
3 6.420420420420421 0.5936523598092419
3 6.43943943943944 0.593879781420765
3 6.458458458458459 0.5941057907065425
3 6.477477477477478 0.5943304007820137
3 6.496496496496497 0.5945536246007255
3 6.515515515515516 0.5947754749568221
3 6.534534534534535 0.5949959644874899
3 6.553553553553554 0.5952151056753567
3 6.572572572572573 0.5954329108508477
3 6.591591591591592 0.5956493921944978
3 6.610610610610611 0.5958645617392229
3 6.62962962962963 0.596078431372549
3 6.648648648648649 0.5962910128388017
3 6.6676676676676685 0.5965023177412558
3 6.686686686686687 0.5967123575442467
3 6.705705705705706 0.5969211435752435
3 6.724724724724725 0.5971286870268859
3 6.743743743743744 0.5973349989589839
3 6.762762762762764 0.5975400903004826
3 6.781781781781782 0.5977439718513918
3 6.800800800800801 0.5979466542846824
3 6.81981981981982 0.5981481481481481
3 6.838838838838839 0.5983484638662359
3 6.857857857857859 0.5985476117418431
3 6.876876876876877 0.5987456019580848
3 6.8958958958958965 0.5989424445800285
3 6.914914914914916 0.5991381495564005
3 6.933933933933934 0.5993327267212618
3 6.952952952952954 0.5995261857956551
3 6.971971971971972 0.5997185363892239
3 6.9909909909909915 0.5999097880018042
3 7.010010010010011 0.6000999500249875
3 7.029029029029029 0.6002890317436588
3 7.048048048048049 0.6004770423375074
3 7.067067067067067 0.6006639908825133
3 7.086086086086087 0.6008498863524064
3 7.105105105105106 0.6010347376201035
3 7.124124124124124 0.6012185534591195
3 7.143143143143144 0.6014013425449556
3 7.162162162162162 0.6015831134564643
3 7.181181181181182 0.6017638746771914
3 7.200200200200201 0.6019436345966958
3 7.2192192192192195 0.6021224015118477
3 7.238238238238239 0.6023001836281048
3 7.257257257257257 0.6024769890607682
3 7.276276276276277 0.6026528258362168
3 7.295295295295296 0.6028277018931225
3 7.314314314314315 0.6030016250836441
3 7.333333333333334 0.6031746031746033
3 7.352352352352353 0.6033466438486405
3 7.371371371371372 0.6035177547053525
3 7.390390390390391 0.6036879432624114
3 7.40940940940941 0.6038572169566653
3 7.428428428428429 0.6040255831452219
3 7.447447447447448 0.6041930491065147
3 7.466466466466467 0.604359622041351
3 7.485485485485486 0.6045253090739445
3 7.504504504504505 0.6046901172529313
3 7.523523523523524 0.604854053552369
3 7.542542542542543 0.6050171248727205
3 7.561561561561562 0.6051793380418224
3 7.580580580580581 0.6053406998158379
3 7.5995995995996 0.6055012168801946
3 7.618618618618619 0.6056608958505084
3 7.6376376376376385 0.6058197432734914
3 7.656656656656657 0.6059777656278477
3 7.675675675675676 0.6061349693251534
3 7.694694694694695 0.6062913607107244
3 7.713713713713714 0.6064469460644695
3 7.7327327327327335 0.6066017316017317
3 7.751751751751752 0.606755723474115
3 7.770770770770771 0.6069089277703006
3 7.789789789789791 0.6070613505168478
3 7.808808808808809 0.6072129976789858
3 7.827827827827829 0.6073638751613909
3 7.846846846846847 0.6075139888089529
3 7.8658658658658664 0.6076633444075304
3 7.884884884884886 0.6078119476846943
3 7.903903903903904 0.6079598043104588
3 7.922922922922924 0.608106919898004
3 7.941941941941942 0.6082533000043854
3 7.9609609609609615 0.6083989501312336
3 7.979979979979981 0.608543875725444
3 7.998998998998999 0.6086880821798555
3 8.018018018018019 0.6088315748339195
3 8.037037037037038 0.608974358974359
3 8.056056056056057 0.6091164398358176
3 8.075075075075077 0.6092578226014999
3 8.094094094094094 0.6093985124038007
3 8.113113113113114 0.6095385143249271
3 8.132132132132133 0.60967783339751
3 8.15115115115115 0.609816474605207
3 8.17017017017017 0.6099544428832971
3 8.18918918918919 0.6100917431192661
3 8.208208208208209 0.6102283801533833
3 8.227227227227228 0.6103643587792713
3 8.246246246246248 0.6104996837444655
3 8.265265265265267 0.6106343597509676
3 8.284284284284285 0.6107683914557891
3 8.303303303303304 0.6109017834714895
3 8.322322322322323 0.6110345403667042
3 8.34134134134134 0.6111666666666666
3 8.36036036036036 0.6112981668537224
3 8.37937937937938 0.6114290453678362
3 8.398398398398399 0.6115593066070911
3 8.417417417417418 0.6116889549281823
3 8.436436436436438 0.6118179946469013
3 8.455455455455457 0.6119464300386164
3 8.474474474474475 0.6120742653387434
3 8.493493493493494 0.6122015047432123
3 8.512512512512513 0.6123281524089259
3 8.531531531531531 0.6124542124542125
3 8.55055055055055 0.6125796889592724
3 8.56956956956957 0.612704585966618
3 8.588588588588589 0.6128289074815084
3 8.607607607607608 0.6129526574723768
3 8.626626626626628 0.6130758398712532
3 8.645645645645647 0.6131984585741811
3 8.664664664664667 0.6133205174416276
3 8.683683683683684 0.6134420202988892
3 8.702702702702704 0.6135629709364908
3 8.721721721721721 0.6136833731105807
3 8.74074074074074 0.6138032305433186
3 8.75975975975976 0.6139225469232596
3 8.77877877877878 0.6140413259057327
3 8.797797797797799 0.6141595711132135
3 8.816816816816818 0.6142772861356932
3 8.835835835835837 0.6143944745310416
3 8.854854854854857 0.6145111398253651
3 8.873873873873874 0.6146272855133615
3 8.892892892892894 0.6147429150586676
3 8.911911911911913 0.6148580318942046
3 8.93093093093093 0.6149726394225171
3 8.94994994994995 0.615086741016109
3 8.96896896896897 0.6152003400177737
3 8.987987987987989 0.6153134397409207
3 9.007007007007008 0.615426043469898
3 9.026026026026027 0.6155381544603101
3 9.045045045045045 0.6156497759393312
3 9.064064064064064 0.6157609111060154
3 9.083083083083084 0.615871563131602
3 9.102102102102103 0.6159817351598174
3 9.121121121121122 0.6160914303071724
3 9.14014014014014 0.6162006516632568
3 9.15915915915916 0.6163094022910287
3 9.178178178178179 0.6164176852271013
3 9.197197197197198 0.6165255034820252
3 9.216216216216218 0.6166328600405679
3 9.235235235235235 0.6167397578619889
3 9.254254254254255 0.6168461998803112
3 9.273273273273274 0.6169521890045908
3 9.292292292292293 0.6170577281191807
3 9.311311311311313 0.617162820083993
3 9.33033033033033 0.6172674677347575
3 9.34934934934935 0.617371673883276
3 9.368368368368369 0.6174754413176748
3 9.387387387387388 0.6175787728026534
3 9.406406406406408 0.6176816710797294
3 9.425425425425425 0.6177841388674813
3 9.444444444444445 0.6178861788617885
3 9.463463463463464 0.6179877937360669
3 9.482482482482483 0.6180889861415025
3 9.501501501501503 0.6181897587072824
3 9.52052052052052 0.6182901140408222
3 9.53953953953954 0.618390054727991
3 9.558558558558559 0.6184895833333334
3 9.577577577577578 0.6185887024002887
3 9.596596596596598 0.6186874144514084
3 9.615615615615617 0.618785721988569
3 9.634634634634635 0.6188836274931842
3 9.653653653653654 0.6189811334264133
3 9.672672672672673 0.6190782422293677
3 9.691691691691693 0.6191749563233144
3 9.710710710710712 0.6192712781098777
3 9.72972972972973 0.6193672099712368
3 9.74874874874875 0.6194627542703239
3 9.767767767767769 0.6195579133510168
3 9.786786786786788 0.6196526895383312
3 9.805805805805807 0.61974708513861
3 9.824824824824825 0.6198411024397102
3 9.843843843843844 0.6199347437111883
3 9.862862862862864 0.6200280112044818
3 9.881881881881883 0.6201209071530908
3 9.900900900900902 0.6202134337727557
3 9.91991991991992 0.6203055932616338
3 9.93893893893894 0.6203973878004724
3 9.957957957957959 0.6204888195527821
3 9.976976976976978 0.6205798906650059
3 9.995995995995997 0.6206706032666874
3 10.015015015015015 0.6207609594706369
3 10.034034034034034 0.6208509613730954
3 10.053053053053054 0.6209406110538964
3 10.072072072072073 0.6210299105766266
3 10.091091091091092 0.6211188619887841
3 10.11011011011011 0.6212074673219344
3 10.12912912912913 0.6212957285918659
3 10.148148148148149 0.6213836477987421
3 10.167167167167168 0.621471226927253
3 10.186186186186188 0.6215584679467642
3 10.205205205205205 0.6216453728114648
3 10.224224224224224 0.6217319434605134
3 10.243243243243244 0.6218181818181818
3 10.262262262262263 0.621904089793998
3 10.281281281281283 0.6219896692828872
3 10.3003003003003 0.6220749221653108
3 10.31931931931932 0.6221598503074044
3 10.338338338338339 0.6222444555611139
3 10.357357357357358 0.6223287397643299
3 10.376376376376378 0.6224127047410213
3 10.395395395395397 0.6224963523013662
3 10.414414414414415 0.6225796842418827
3 10.433433433433434 0.6226627023455567
3 10.452452452452453 0.6227454083819699
3 10.471471471471473 0.622827804107425
3 10.490490490490492 0.6229098912650701
3 10.50950950950951 0.622991671585022
3 10.528528528528529 0.623073146784487
3 10.547547547547548 0.6231543185678818
3 10.566566566566568 0.6232351886269523
3 10.585585585585587 0.6233157586408905
3 10.604604604604605 0.6233960302764513
3 10.623623623623624 0.6234760051880675
3 10.642642642642643 0.6235556850179629
3 10.661661661661663 0.6236350713962654
3 10.680680680680682 0.6237141659411176
3 10.6996996996997 0.6237929702587872
3 10.71871871871872 0.6238714859437751
3 10.737737737737739 0.6239497145789238
3 10.756756756756758 0.6240276577355229
3 10.775775775775777 0.6241053169734151
3 10.794794794794795 0.6241826938410998
3 10.813813813813814 0.6242597898758357
3 10.832832832832834 0.6243366066037437
3 10.851851851851853 0.6244131455399061
3 10.870870870870872 0.6244894081884678
3 10.88988988988989 0.6245653960427334
3 10.90890890890891 0.6246411105852658
3 10.927927927927929 0.6247165532879818
3 10.946946946946948 0.6247917256122482
3 10.965965965965967 0.624866629008975
3 10.984984984984985 0.6249412649187106
3 11.004004004004004 0.6250156347717323
3 11.023023023023024 0.6250897399881387
3 11.042042042042043 0.6251635819779398
3 11.061061061061062 0.6252371621411464
3 11.08008008008008 0.6253104818678589
3 11.0990990990991 0.6253835425383543
3 11.118118118118119 0.6254563455231731
3 11.137137137137138 0.6255288921832052
3 11.156156156156158 0.6256011838697744
3 11.175175175175177 0.6256732219247223
3 11.194194194194194 0.6257450076804916
3 11.213213213213214 0.625816542460208
3 11.232232232232233 0.6258878275777615
3 11.251251251251253 0.625958864337887
3 11.270270270270272 0.6260296540362439
3 11.28928928928929 0.6261001979594943
3 11.308308308308309 0.6261704973853826
3 11.327327327327328 0.6262405535828097
3 11.346346346346348 0.6263103678119131
3 11.365365365365367 0.6263799413241387
3 11.384384384384385 0.6264492753623188
3 11.403403403403404 0.6265183711607438
3 11.422422422422423 0.6265872299452367
3 11.441441441441443 0.6266558529332251
3 11.460460460460462 0.6267242413338131
3 11.47947947947948 0.6267923963478521
3 11.498498498498499 0.6268603191680114
3 11.517517517517518 0.6269280109788479
3 11.536536536536538 0.626995472956874
3 11.555555555555557 0.6270627062706271
3 11.574574574574575 0.6271297120807362
3 11.593593593593594 0.6271964915399888
3 11.612612612612613 0.6272630457933973
3 11.631631631631633 0.6273293759782641
3 11.650650650650652 0.6273954832242468
3 11.66966966966967 0.6274613686534217
3 11.68868868868869 0.6275270333803479
3 11.707707707707709 0.6275924785121301
3 11.726726726726728 0.62765770514848
3 11.745745745745747 0.6277227143817794
3 11.764764764764765 0.6277875072971395
3 11.783783783783784 0.6278520849724626
3 11.802802802802804 0.6279164484785011
3 11.821821821821823 0.6279805988789172
3 11.840840840840842 0.6280445372303409
3 11.85985985985986 0.6281082645824287
3 11.87887887887888 0.6281717819779203
3 11.897897897897899 0.6282350904526963
3 11.916916916916918 0.6282981910358336
3 11.935935935935937 0.6283610847496621
3 11.954954954954957 0.6284237726098191
3 11.973973973973974 0.6284862556253046
3 11.992992992992994 0.6285485347985348
3 12.012012012012013 0.6286106111253964
3 12.031031031031032 0.6286724855952992
3 12.050050050050052 0.6287341591912289
3 12.06906906906907 0.6287956328897988
3 12.088088088088089 0.6288569076613018
3 12.107107107107108 0.6289179844697614
3 12.126126126126128 0.6289788642729819
3 12.145145145145147 0.629039548022599
3 12.164164164164164 0.6291000366641284
3 12.183183183183184 0.6291603311370163
3 12.202202202202203 0.6292204323746872
3 12.221221221221223 0.6292803413045919
3 12.240240240240242 0.6293400588482555
3 12.25925925925926 0.629399585921325
3 12.278278278278279 0.6294589234336154
3 12.297297297297298 0.6295180722891567
3 12.316316316316318 0.6295770333862389
3 12.335335335335337 0.629635807617459
3 12.354354354354355 0.6296943958697644
3 12.373373373373374 0.6297527990244984
3 12.392392392392393 0.6298110179574445
3 12.411411411411413 0.6298690535388696
3 12.430430430430432 0.6299269066335679
3 12.44944944944945 0.6299845781009032
3 12.468468468468469 0.6300420687948528
3 12.487487487487488 0.6300993795640476
3 12.506506506506508 0.6301565112518159
3 12.525525525525527 0.6302134646962233
3 12.544544544544545 0.6302702407301145
3 12.563563563563564 0.6303268401811535
3 12.582582582582583 0.6303832638718639
3 12.601601601601603 0.6304395126196692
3 12.620620620620622 0.6304955872369314
3 12.63963963963964 0.6305514885309907
3 12.65865865865866 0.6306072173042042
3 12.677677677677679 0.6306627743539842
3 12.696696696696698 0.6307181604728362
3 12.715715715715717 0.6307733764483967
3 12.734734734734735 0.6308284230634703
3 12.753753753753754 0.630883301096067
3 12.772772772772774 0.6309380113194389
3 12.791791791791793 0.6309925545021159
3 12.810810810810812 0.6310469314079423
3 12.829829829829832 0.6311011427961124
3 12.84884884884885 0.6311551894212055
3 12.867867867867869 0.6312090720332216
3 12.886886886886888 0.6312627913776147
3 12.905905905905907 0.6313163481953291
3 12.924924924924927 0.6313697432228317
3 12.943943943943944 0.6314229771921469
3 12.962962962962964 0.6314760508308895
3 12.981981981981983 0.6315289648622981
3 13.001001001001002 0.631581720005268
3 13.020020020020022 0.6316343169743832
3 13.03903903903904 0.6316867564799495
3 13.058058058058059 0.631739039228026
3 13.077077077077078 0.6317911659204566
3 13.096096096096097 0.6318431372549019
3 13.115115115115117 0.6318949539248702
3 13.134134134134134 0.6319466166197477
3 13.153153153153154 0.6319981260248302
3 13.172172172172173 0.6320494828213525
3 13.191191191191193 0.6321006876865188
3 13.210210210210212 0.6321517412935324
3 13.22922922922923 0.6322026443116252
3 13.248248248248249 0.6322533974060869
3 13.267267267267268 0.6323040012382943
3 13.286286286286288 0.6323544564657393
3 13.305305305305307 0.6324047637420583
3 13.324324324324325 0.6324549237170596
3 13.343343343343344 0.632504937036752
3 13.362362362362363 0.6325548043433722
3 13.381381381381383 0.6326045262754123
3 13.400400400400402 0.6326541034676472
3 13.41941941941942 0.6327035365511614
3 13.438438438438439 0.6327528261533761
3 13.457457457457458 0.6328019728980754
3 13.476476476476478 0.6328509774054328
3 13.495495495495497 0.6328998402920374
3 13.514514514514515 0.6329485621709194
3 13.533533533533534 0.6329971436515761
3 13.552552552552553 0.633045585339997
3 13.571571571571573 0.6330938878386894
3 13.590590590590592 0.6331420517467029
3 13.609609609609612 0.6331900776596547
3 13.62862862862863 0.6332379661697536
3 13.647647647647648 0.6332857178658245
3 13.666666666666668 0.6333333333333334
3 13.685685685685687 0.6333808131544093
3 13.704704704704707 0.6334281579078705
3 13.723723723723724 0.6334753681692457
3 13.742742742742744 0.6335224445107992
3 13.761761761761763 0.633569387501553
3 13.780780780780782 0.6336161977073098
3 13.799799799799802 0.6336628756906761
3 13.81881881881882 0.6337094220110847
3 13.837837837837839 0.6337558372248165
3 13.856856856856858 0.6338021218850235
3 13.875875875875877 0.6338482765417498
3 13.894894894894897 0.6338943017419545
3 13.913913913913914 0.6339401980295325
3 13.932932932932934 0.633985965945336
3 13.951951951951953 0.6340316060271959
3 13.970970970970972 0.6340771188099432
3 13.989989989989992 0.6341225048254294
3 14.00900900900901 0.6341677646025472
3 14.028028028028029 0.6342128986672515
3 14.047047047047048 0.634257907542579
3 14.066066066066067 0.6343027917486698
3 14.085085085085087 0.6343475518027855
3 14.104104104104104 0.6343921882193307
3 14.123123123123124 0.6344367015098722
3 14.142142142142143 0.6344810921831582
3 14.161161161161163 0.6345253607451378
3 14.180180180180182 0.6345695076989807
3 14.1991991991992 0.6346135335450958
3 14.218218218218219 0.6346574387811501
3 14.237237237237238 0.6347012239020878
3 14.256256256256258 0.6347448894001486
3 14.275275275275277 0.6347884357648861
3 14.294294294294295 0.6348318634831863
3 14.313313313313314 0.6348751730392859
3 14.332332332332333 0.6349183649147897
3 14.351351351351353 0.634961439588689
3 14.370370370370372 0.6350043975373791
3 14.38938938938939 0.635047239234677
3 14.408408408408409 0.6350899651518384
3 14.427427427427428 0.6351325757575759
3 14.446446446446448 0.6351750715180745
3 14.465465465465467 0.6352174528970109
3 14.484484484484486 0.6352597203555681
3 14.503503503503504 0.6353018743524536
3 14.522522522522523 0.6353439153439153
3 14.541541541541543 0.6353858437837584
3 14.560560560560562 0.6354276601233613
3 14.579579579579582 0.6354693648116919
3 14.598598598598599 0.6355109582953243
3 14.617617617617618 0.6355524410184537
3 14.636636636636638 0.6355938134229128
3 14.655655655655657 0.6356350759481875
3 14.674674674674677 0.6356762290314325
3 14.693693693693694 0.6357172731074864
3 14.712712712712714 0.6357582086088873
3 14.731731731731733 0.635799035965888
3 14.750750750750752 0.6358397556064709
3 14.769769769769772 0.635880367956363
3 14.78878878878879 0.6359208734390509
3 14.807807807807809 0.6359612724757953
3 14.826826826826828 0.6360015654856459
3 14.845845845845847 0.6360417528854554
3 14.864864864864867 0.6360818350898947
3 14.883883883883884 0.6361218125114657
3 14.902902902902904 0.6361616855605176
3 14.921921921921923 0.6362014546452587
3 14.940940940940942 0.6362411201717718
3 14.959959959959962 0.6362806825440277
3 14.97897897897898 0.6363201421638985
3 14.997997997997999 0.6363594994311718
3 15.017017017017018 0.6363987547435636
3 15.036036036036037 0.636437908496732
3 15.055055055055057 0.636476961084291
3 15.074074074074074 0.6365159128978225
3 15.093093093093094 0.6365547643268905
3 15.112112112112113 0.6365935157590535
3 15.131131131131133 0.6366321675798778
3 15.150150150150152 0.6366707201729497
3 15.16916916916917 0.6367091739198883
3 15.188188188188189 0.6367475292003595
3 15.207207207207208 0.6367857863920856
3 15.226226226226228 0.6368239458708609
3 15.245245245245247 0.6368620080105614
3 15.264264264264266 0.636899973183159
3 15.283283283283284 0.6369378417587322
3 15.302302302302303 0.636975614105479
3 15.321321321321323 0.6370132905897281
3 15.340340340340342 0.6370508715759516
3 15.359359359359361 0.6370883574267759
3 15.378378378378379 0.637125748502994
3 15.397397397397398 0.6371630451635768
3 15.416416416416418 0.6372002477656844
3 15.435435435435437 0.6372373566646782
3 15.454454454454456 0.6372743722141313
3 15.473473473473474 0.6373112947658403
3 15.492492492492493 0.6373481246698363
3 15.511511511511513 0.6373848622743961
3 15.530530530530532 0.6374215079260528
3 15.549549549549551 0.6374580619696073
3 15.568568568568569 0.6374945247481384
3 15.587587587587588 0.6375308966030142
3 15.606606606606608 0.6375671778739022
3 15.625625625625627 0.6376033688987803
3 15.644644644644647 0.6376394700139469
3 15.663663663663664 0.637675481554032
3 15.682682682682684 0.6377114038520064
3 15.701701701701703 0.6377472372391931
3 15.720720720720722 0.6377829820452771
3 15.739739739739742 0.637818638598315
3 15.75875875875876 0.6378542072247458
3 15.777777777777779 0.6378896882494005
3 15.796796796796798 0.6379250819955118
3 15.815815815815817 0.6379603887847245
3 15.834834834834837 0.6379956089371045
3 15.853853853853854 0.6380307427711491
3 15.872872872872874 0.6380657906037963
3 15.891891891891893 0.6381007527504343
3 15.910910910910912 0.6381356295249111
3 15.929929929929932 0.6381704212395439
3 15.94894894894895 0.6382051282051282
3 15.967967967967969 0.6382397507309473
3 15.986986986986988 0.6382742891247816
3 16.006006006006007 0.6383087436929169
3 16.025025025025027 0.6383431147401548
3 16.044044044044046 0.6383774025698205
3 16.063063063063062 0.6384116074837725
3 16.08208208208208 0.6384457297824107
3 16.1011011011011 0.638479769764686
3 16.12012012012012 0.6385137277281085
3 16.13913913913914 0.6385476039687566
3 16.15815815815816 0.638581398781285
3 16.177177177177178 0.6386151124589335
3 16.196196196196198 0.6386487452935361
3 16.215215215215217 0.6386822975755284
3 16.234234234234236 0.6387157695939566
3 16.253253253253256 0.6387491616364855
3 16.272272272272275 0.6387824739894074
3 16.291291291291294 0.638815706937649
3 16.310310310310314 0.6388488607647809
3 16.329329329329333 0.6388819357530247
3 16.34834834834835 0.6389149321832615
3 16.36736736736737 0.6389478503350396
3 16.386386386386388 0.6389806904865831
3 16.405405405405407 0.6390134529147982
3 16.424424424424426 0.6390461378952825
3 16.443443443443442 0.6390787457023321
3 16.46246246246246 0.6391112766089493
3 16.48148148148148 0.6391437308868502
3 16.5005005005005 0.6391761088064722
3 16.51951951951952 0.6392084106369821
3 16.53853853853854 0.6392406366462825
3 16.55755755755756 0.6392727871010201
3 16.576576576576578 0.6393048622665927
3 16.595595595595597 0.6393368624071566
3 16.614614614614617 0.6393687877856338
3 16.633633633633636 0.639400638663719
3 16.652652652652655 0.6394324153018872
3 16.671671671671675 0.6394641179594004
3 16.690690690690694 0.6394957468943149
3 16.709709709709713 0.6395273023634882
3 16.72872872872873 0.6395587846225858
3 16.74774774774775 0.6395901939260886
3 16.766766766766768 0.6396215305272989
3 16.785785785785787 0.6396527946783483
3 16.804804804804807 0.6396839866302035
3 16.823823823823826 0.6397151066326737
3 16.842842842842842 0.6397461549344167
3 16.86186186186186 0.6397771317829457
3 16.88088088088088 0.6398080374246365
3 16.8998998998999 0.6398388721047331
3 16.91891891891892 0.6398696360673547
3 16.93793793793794 0.639900329555502
3 16.956956956956958 0.6399309528110636
3 16.975975975975977 0.6399615060748226
3 16.994994994994997 0.6399919895864624
3 17.014014014014016 0.6400224035845735
3 17.033033033033036 0.6400527483066595
3 17.052052052052055 0.6400830239891431
3 17.07107107107107 0.6401132308673724
3 17.09009009009009 0.6401433691756272
3 17.10910910910911 0.640173439147125
3 17.12812812812813 0.6402034410140263
3 17.147147147147148 0.6402333750074418
3 17.166166166166168 0.6402632413574373
3 17.185185185185187 0.6402930402930403
3 17.204204204204206 0.6403227720422451
3 17.223223223223226 0.6403524368320197
3 17.242242242242245 0.64038203488831
3 17.261261261261264 0.6404115664360476
3 17.28028028028028 0.6404410316991533
3 17.2992992992993 0.6404704309005448
3 17.31831831831832 0.6404997642621405
3 17.33733733733734 0.6405290320048664
3 17.356356356356358 0.6405582343486612
3 17.375375375375377 0.6405873715124817
3 17.394394394394396 0.640616443714308
3 17.413413413413416 0.64064545117115
3 17.432432432432435 0.6406743940990517
3 17.451451451451454 0.6407032727130967
3 17.47047047047047 0.6407320872274144
3 17.48948948948949 0.640760837855184
3 17.50850850850851 0.6407895248086413
3 17.52752752752753 0.640818148299082
3 17.546546546546548 0.6408467085368691
3 17.565565565565567 0.6408752057314357
3 17.584584584584587 0.6409036400912924
3 17.603603603603606 0.6409320118240306
3 17.622622622622625 0.6409603211363286
3 17.641641641641645 0.640988568233956
3 17.66066066066066 0.6410167533217793
3 17.67967967967968 0.6410448766037663
3 17.6986986986987 0.6410729382829913
3 17.71771771771772 0.6411009385616399
3 17.736736736736738 0.6411288776410139
3 17.755755755755757 0.641156755721536
3 17.774774774774777 0.6411845730027548
3 17.793793793793796 0.6412123296833496
3 17.812812812812815 0.6412400259611346
3 17.831831831831835 0.6412676620330645
3 17.85085085085085 0.641295238095238
3 17.86986986986987 0.641322754342904
3 17.88888888888889 0.6413502109704641
3 17.90790790790791 0.6413776081714796
3 17.926926926926928 0.6414049461386739
3 17.945945945945947 0.6414322250639387
3 17.964964964964967 0.6414594451383369
3 17.983983983983986 0.6414866065521088
3 18.003003003003005 0.6415137094946748
3 18.022022022022025 0.6415407541546414
3 18.04104104104104 0.641567740719804
3 18.06006006006006 0.6415946693771528
3 18.07907907907908 0.6416215403128761
3 18.0980980980981 0.6416483537123645
3 18.117117117117118 0.6416751097602161
3 18.136136136136138 0.64170180864024
3 18.155155155155157 0.6417284505354602
3 18.174174174174176 0.641755035628121
3 18.193193193193196 0.6417815640996899
3 18.212212212212215 0.6418080361308625
3 18.231231231231234 0.641834451901566
3 18.25025025025025 0.6418608115909641
3 18.26926926926927 0.6418871153774603
3 18.28828828828829 0.6419133634387021
3 18.30730730730731 0.6419395559515854
3 18.326326326326328 0.6419656930922577
3 18.345345345345347 0.6419917750361231
3 18.364364364364366 0.6420178019578452
3 18.383383383383386 0.6420437740313517
3 18.402402402402405 0.6420696914298376
3 18.421421421421424 0.6420955543257701
3 18.44044044044044 0.6421213628908913
3 18.45945945945946 0.6421471172962226
3 18.47847847847848 0.6421728177120686
3 18.4974974974975 0.6421984643080202
3 18.516516516516518 0.642224057252959
3 18.535535535535537 0.6422495967150609
3 18.554554554554556 0.6422750828617994
3 18.573573573573576 0.6423005158599495
3 18.592592592592595 0.6423258958755916
3 18.611611611611615 0.6423512230741146
3 18.63063063063063 0.64237649762022
3 18.64964964964965 0.6424017196779247
3 18.66866866866867 0.6424268894105658
3 18.68768768768769 0.6424520069808027
3 18.706706706706708 0.642477072550622
3 18.725725725725727 0.6425020862813395
3 18.744744744744747 0.6425270483336052
3 18.763763763763766 0.6425519588674052
3 18.782782782782785 0.6425768180420669
3 18.801801801801805 0.6426016260162601
3 18.82082082082082 0.642626382948003
3 18.83983983983984 0.6426510889946632
3 18.85885885885886 0.6426757443129627
3 18.87787787787788 0.6427003490589802
3 18.896896896896898 0.6427249033881549
3 18.915915915915917 0.6427494074552899
3 18.934934934934937 0.6427738614145545
3 18.953953953953956 0.6427982654194889
3 18.972972972972975 0.6428226196230062
3 18.991991991991995 0.6428469241773963
3 19.011011011011014 0.6428711792343283
3 19.03003003003003 0.642895384944855
3 19.04904904904905 0.6429195414594141
3 19.06806806806807 0.6429436489278336
3 19.087087087087088 0.6429677074993327
3 19.106106106106107 0.6429917173225268
3 19.125125125125127 0.6430156785454286
3 19.144144144144146 0.6430395913154534
3 19.163163163163166 0.6430634557794198
3 19.182182182182185 0.6430872720835547
3 19.201201201201204 0.6431110403734945
3 19.22022022022022 0.6431347607942901
3 19.23923923923924 0.6431584334904079
3 19.25825825825826 0.6431820586057336
3 19.27727727727728 0.6432056362835755
3 19.296296296296298 0.6432291666666666
3 19.315315315315317 0.6432526498971681
3 19.334334334334336 0.643276086116672
3 19.353353353353356 0.6432994754662036
3 19.372372372372375 0.643322818086225
3 19.391391391391394 0.6433461141166378
3 19.41041041041041 0.6433693636967852
3 19.42942942942943 0.6433925669654558
3 19.44844844844845 0.6434157240608853
3 19.46746746746747 0.6434388351207604
3 19.486486486486488 0.6434619002822201
3 19.505505505505507 0.6434849196818602
3 19.524524524524526 0.643507893455734
3 19.543543543543546 0.643530821739357
3 19.562562562562565 0.6435537046677078
3 19.581581581581585 0.6435765423752319
3 19.6006006006006 0.6435993349958438
3 19.61961961961962 0.6436220826629298
3 19.63863863863864 0.6436447855093504
3 19.65765765765766 0.6436674436674437
3 19.676676676676678 0.6436900572690264
3 19.695695695695697 0.643712626445398
3 19.714714714714717 0.6437351513273423
3 19.733733733733736 0.6437576320451301
3 19.752752752752755 0.6437800687285223
3 19.771771771771775 0.6438024615067717
3 19.790790790790794 0.6438248105086257
3 19.80980980980981 0.6438471158623289
3 19.82882882882883 0.6438693776956255
3 19.84784784784785 0.6438915961357613
3 19.866866866866868 0.6439137713094872
3 19.885885885885887 0.6439359033430604
3 19.904904904904907 0.6439579923622477
3 19.923923923923926 0.6439800384923271
3 19.942942942942945 0.644002041858091
3 19.961961961961965 0.6440240025838475
3 19.980980980980984 0.6440459207934244
3 20.0 0.6440677966101694
