2 1.0 0.0
2 1.019019019019019 0.00933202357563846
2 1.038038038038038 0.018322082931533284
2 1.057057057057057 0.026988636363636336
2 1.0760760760760761 0.035348837209302354
2 1.095095095095095 0.043418647166361964
2 1.1141141141141142 0.051212938005390875
2 1.1331331331331331 0.05874558303886926
2 1.1521521521521523 0.0660295395308428
2 1.1711711711711712 0.07307692307692308
2 1.1901901901901901 0.07989907485281747
2 1.2092092092092093 0.08650662251655632
2 1.2282282282282282 0.09290953545232272
2 1.2472472472472473 0.09911717495987162
2 1.2662662662662663 0.10513833992094862
2 1.2852852852852852 0.11098130841121492
2 1.3043043043043043 0.11665387567152725
2 1.3233233233233235 0.12216338880484119
2 1.3423423423423424 0.12751677852348994
2 1.3613613613613613 0.13272058823529412
2 1.3803803803803805 0.1377810007251632
2 1.3993993993993994 0.1427038626609442
2 1.4184184184184185 0.1474947071277347
2 1.4374374374374375 0.15215877437325906
2 1.4564564564564564 0.15670103092783502
2 1.4754754754754755 0.16112618724559025
2 1.4944944944944947 0.16543871399866045
2 1.5135135135135136 0.16964285714285715
2 1.5325325325325325 0.1737426518615284
2 1.5515515515515514 0.17774193548387093
2 1.5705705705705706 0.18164435946462715
2 1.5895895895895897 0.18545340050377837
2 1.6086086086086087 0.18917237087741134
2 1.6276276276276276 0.19280442804428044
2 1.6466466466466467 0.19635258358662616
2 1.6656656656656659 0.19981971153846156
2 1.6846846846846848 0.20320855614973263
2 1.7037037037037037 0.20652173913043478
2 1.7227227227227226 0.20976176641487507
2 1.7417417417417418 0.21293103448275863
2 1.760760760760761 0.21603183627060832
2 1.7797797797797799 0.219066366704162
2 1.7987987987987988 0.22203672787979967
2 1.817817817817818 0.22494493392070486
2 1.8368368368368369 0.22779291553133516
2 1.855855855855856 0.23058252427184467
2 1.874874874874875 0.23331553657234383
2 1.8938938938938938 0.2359936575052854
2 1.912912912912913 0.23861852433281006
2 1.9319319319319321 0.24119170984455962
2 1.950950950950951 0.24371472550025655
2 1.96996996996997 0.2461890243902439
2 1.9889889889889891 0.24861600402617012
2 2.008008008008008 0.25099700897308075
2 2.027027027027027 0.25333333333333335
2 2.046046046046046 0.2556262230919765
2 2.065065065065065 0.2578768783325254
2 2.0840840840840844 0.2600864553314121
2 2.103103103103103 0.262256068538791
2 2.1221221221221223 0.2643867924528302
2 2.141141141141141 0.2664796633941094
2 2.16016016016016 0.26853568118628357
2 2.1791791791791795 0.2705558107487368
2 2.1981981981981984 0.2725409836065574
2 2.2172172172172173 0.2744920993227991
2 2.2362362362362362 0.2764100268576544
2 2.255255255255255 0.2782956058588549
2 2.2742742742742745 0.280149647887324
2 2.2932932932932935 0.281972937581842
2 2.3123123123123124 0.2837662337662338
2 2.3313313313313317 0.28553027050236157
2 2.3503503503503502 0.2872657580919932
2 2.3693693693693696 0.2889733840304183
2 2.3883883883883885 0.2906538139145013
2 2.4074074074074074 0.2923076923076923
2 2.426426426426427 0.2939356435643565
2 2.4454454454454453 0.2955382726156365
2 2.4644644644644647 0.29711616571892774
2 2.4834834834834836 0.29866989117291415
2 2.5025025025025025 0.3002
2 2.521521521521522 0.3017070265978563
2 2.5405405405405403 0.3031914893617021
2 2.5595595595595597 0.3046538912788424
2 2.5785785785785786 0.3060947204968944
2 2.5975975975975976 0.30751445086705204
2 2.616616616616617 0.30891354246365726
2 2.635635635635636 0.31029244208127615
2 2.6546546546546548 0.31165158371040724
2 2.6736736736736737 0.3129913889928866
2 2.6926926926926926 0.3143122676579926
2 2.711711711711712 0.31561461794019935
2 2.730730730730731 0.31689882697947214
2 2.74974974974975 0.31816527120495086
2 2.768768768768769 0.31941431670282
2 2.7877877877877877 0.32064631956912026
2 2.806806806806807 0.32186162624821685
2 2.825825825825826 0.3230605738575983
2 2.844844844844845 0.3242434904996481
2 2.8638638638638643 0.32541069556099267
2 2.8828828828828827 0.3265625
2 2.901901901901902 0.32769920662297347
2 2.920920920920921 0.32882111034955447
2 2.93993993993994 0.3299284984678243
2 2.9589589589589593 0.33102165087956703
2 2.9779779779779783 0.33210084033613446
2 2.996996996996997 0.3331663326653307
2 3.016016016016016 0.33421838698971124
2 3.035035035035035 0.33525725593667544
2 3.0540540540540544 0.336283185840708
2 3.0730730730730733 0.33729641693811074
2 3.0920920920920922 0.3382971835545484
2 3.111111111111111 0.3392857142857143
2 3.13013013013013 0.3402622321714103
2 3.1491491491491495 0.3412269548633185
2 3.1681681681681684 0.3421800947867299
2 3.1871871871871873 0.3431218592964824
2 3.206206206206206 0.34405245082734937
2 3.2252252252252256 0.34497206703910616
2 3.2442442442442445 0.34588090095649493
2 3.2632632632632634 0.3467791411042945
2 3.2822822822822824 0.34766697163769444
2 3.3013013013013013 0.3485445724681625
2 3.3203203203203207 0.34941211938498645
2 3.3393393393393396 0.35026978417266186
2 3.3583583583583585 0.3511177347242921
2 3.3773773773773774 0.3519561351511559
2 3.396396396396397 0.35278514588859416
2 3.4154154154154157 0.35360492379835873
2 3.4344344344344346 0.35441562226756046
2 3.4534534534534536 0.3552173913043478
2 3.4724724724724725 0.3560103776304411
2 3.491491491491492 0.3567947247706422
2 3.5105105105105108 0.3575705731394354
2 3.5295295295295297 0.3583380601247873
2 3.5485485485485486 0.3590973201692525
2 3.567567567567568 0.35984848484848486
2 3.586586586586587 0.3605916829472509
2 3.605605605605606 0.3613270405330372
2 3.6246246246246248 0.3620546810273405
2 3.6436436436436437 0.36277472527472526
2 3.662662662662663 0.3634872916097294
2 3.681681681681682 0.36419249592169656
2 3.700700700700701 0.36489045171760887
2 3.71971971971972 0.36558127018299247
2 3.738738738738739 0.3662650602409639
2 3.757757757757758 0.3669419286094832
2 3.776776776776777 0.3676119798568778
2 3.795795795795796 0.3682753164556962
2 3.814814814814815 0.36893203883495146
2 3.8338338338338342 0.3695822454308094
2 3.852852852852853 0.37022603273577553
2 3.871871871871872 0.37086349534643226
2 3.890890890890891 0.3714947260097762
2 3.90990990990991 0.3721198156682028
2 3.9289289289289293 0.37273885350318475
2 3.9479479479479482 0.37335192697768765
2 3.966966966966967 0.37395912187736563
2 3.985985985985986 0.37456052235057763
2 4.005005005005005 0.3751562109472632
2 4.024024024024024 0.37574626865671645
2 4.043043043043044 0.3763307749442932
2 4.062062062062062 0.3769098077870872
2 4.081081081081081 0.37748344370860926
2 4.1001001001001 0.3780517578125
2 4.119119119119119 0.37861482381530986
2 4.138138138138139 0.3791727140783745
2 4.157157157157157 0.3797254996388153
2 4.176176176176177 0.3802732502396932
2 4.195195195195195 0.38081603435934147
2 4.2142142142142145 0.38135391923990497
2 4.233233233233234 0.38188697091511
2 4.252252252252252 0.3824152542372881
2 4.271271271271272 0.3829388329036794
2 4.29029029029029 0.3834577694820345
2 4.3093093093093096 0.3839721254355401
2 4.328328328328329 0.38448196114708605
2 4.347347347347347 0.38498733594289664
2 4.366366366366367 0.38548830811554335
2 4.385385385385385 0.38598493494635927
2 4.404404404404405 0.3864772727272727
2 4.423423423423424 0.38696537678207743
2 4.442442442442443 0.3874493014871564
2 4.461461461461462 0.38792910029167604
2 4.48048048048048 0.3884048257372654
2 4.4994994994995 0.38887652947719686
2 4.518518518518519 0.38934426229508196
2 4.537537537537538 0.3898080741230973
2 4.556556556556557 0.390268014059754
2 4.575575575575575 0.3907241303872238
2 4.594594594594595 0.3911764705882353
2 4.613613613613614 0.39162508136255153
2 4.6326326326326335 0.39207000864304237
2 4.651651651651652 0.39251129761136216
2 4.67067067067067 0.39294899271324474
2 4.68968968968969 0.3933831376734258
2 4.708708708708709 0.3938137755102041
2 4.7277277277277285 0.39424094854965064
2 4.746746746746747 0.39466469843947705
2 4.7657657657657655 0.3950850661625709
2 4.784784784784785 0.3955020920502092
2 4.803803803803804 0.39591581579495727
2 4.822822822822824 0.3963262764632628
2 4.841841841841842 0.39673351250775274
2 4.8608608608608606 0.39713756177924214
2 4.87987987987988 0.39753846153846156
2 4.898898898898899 0.39793624846751124
2 4.917917917917919 0.3983309586810503
2 4.936936936936937 0.3987226277372263
2 4.9559559559559565 0.3991112906483539
2 4.974974974974975 0.3994969818913481
2 4.993993993993994 0.39987973541791944
2 5.013013013013014 0.40025958466453676
2 5.032032032032032 0.4006365625621643
2 5.051051051051052 0.40101070154577884
2 5.07007007007007 0.40138203356367225
2 5.089089089089089 0.401750590086546
2 5.108108108108109 0.40211640211640215
2 5.127127127127127 0.40247950019523626
2 5.146146146146147 0.4028399144135382
2 5.165165165165165 0.40319767441860466
2 5.1841841841841845 0.40355280942266847
2 5.203203203203204 0.40390534821085033
2 5.222222222222222 0.4042553191489362
2 5.241241241241242 0.4046027501909855
2 5.26026026026026 0.4049476688867745
2 5.2792792792792795 0.4052901023890785
2 5.298298298298299 0.40563007746079727
2 5.317317317317317 0.4059676204819277
2 5.336336336336337 0.40630275745638716
2 5.355355355355356 0.4066355140186916
2 5.374374374374375 0.4069659154404917
2 5.393393393393394 0.4072939866369711
2 5.412412412412412 0.4076197521731089
2 5.431431431431432 0.40794323626981205
2 5.450450450450451 0.40826446280991735
2 5.46946946946947 0.40858345534407026
2 5.488488488488489 0.40890023709648005
2 5.5075075075075075 0.40921483097055616
2 5.526526526526527 0.40952725955442854
2 5.545545545545546 0.4098375451263538
2 5.564564564564565 0.4101457096600108
2 5.583583583583584 0.4104517748296881
2 5.602602602602603 0.4107557620153654
2 5.621621621621622 0.4110576923076923
2 5.640640640640641 0.411357586512866
2 5.65965965965966 0.4116554651574107
2 5.678678678678679 0.4119513484928609
2 5.6976976976976985 0.4122452565003514
2 5.716716716716717 0.4125372088951147
2 5.735735735735736 0.41282722513089004
2 5.754754754754755 0.4131153244042442
2 5.773773773773774 0.4134015256588072
2 5.792792792792794 0.41368584758942456
2 5.811811811811812 0.413968308646228
2 5.830830830830831 0.4142489270386266
2 5.84984984984985 0.41452772073921973
2 5.868868868868869 0.4148047074876343
2 5.887887887887889 0.4150799047942877
2 5.906906906906907 0.41535332994407725
2 5.9259259259259265 0.415625
2 5.944944944944945 0.41589493180670145
2 5.963963963963964 0.4161631419939577
2 5.982982982982984 0.41642964698009033
2 6.002002002002002 0.41669446297531687
2 6.0210210210210215 0.4169576059850374
2 6.04004004004004 0.41721909181305933
2 6.059059059059059 0.4174789360647613
2 6.078078078078079 0.41773715415019763
2 6.097097097097097 0.417993761287145
2 6.116116116116117 0.41824877250409165
2 6.135135135135136 0.41850220264317184
2 6.1541541541541545 0.4187540663630449
2 6.173173173173174 0.4190043781417221
2 6.192192192192192 0.41925315227934046
2 6.211211211211212 0.4195004029008864
2 6.230230230230231 0.4197461439588689
2 6.2492492492492495 0.4199903892359443
2 6.268268268268269 0.4202331523474928
2 6.287287287287287 0.420474446744149
2 6.306306306306307 0.4207142857142857
2 6.325325325325326 0.42095268238645356
2 6.344344344344345 0.4211896497317766
2 6.363363363363364 0.4214252005663049
2 6.382382382382382 0.42165934755332496
2 6.401401401401402 0.4218921032056294
2 6.420420420420421 0.42212347988774557
2 6.43943943943944 0.4223534898181253
2 6.458458458458459 0.4225821450712957
2 6.477477477477478 0.4228094575799722
2 6.496496496496497 0.42303543913713404
2 6.515515515515516 0.42326010139806425
2 6.534534534534535 0.4234834558823529
2 6.553553553553554 0.4237055139758668
2 6.572572572572573 0.4239262869326835
2 6.591591591591592 0.4241457858769932
2 6.610610610610611 0.4243640218049667
2 6.62962962962963 0.4245810055865922
2 6.648648648648649 0.4247967479674797
2 6.6676676676676685 0.42501125957063507
2 6.686686686686687 0.4252245508982036
2 6.705705705705706 0.4254366323331841
2 6.724724724724725 0.4256475141411134
2 6.743743743743744 0.4258572064717233
2 6.762762762762764 0.4260657193605684
2 6.781781781781782 0.4262730627306273
2 6.800800800800801 0.42647924639387697
2 6.81981981981982 0.42668428005284015
2 6.838838838838839 0.4268881733021077
2 6.857857857857859 0.4270909356298351
2 6.876876876876877 0.427292576419214
2 6.8958958958958965 0.42749310494992016
2 6.914914914914916 0.42769253039953675
2 6.933933933933934 0.4278908618449545
2 6.952952952952954 0.42808810826374893
2 6.971971971971972 0.4282842785355348
2 6.9909909909909915 0.428479381443299
2 7.010010010010011 0.42867342567471084
2 7.029029029029029 0.4288664198234121
2 7.048048048048049 0.4290583723902855
2 7.067067067067067 0.42924929178470256
2 7.086086086086087 0.42943918632575223
2 7.105105105105106 0.42962806424344885
2 7.124124124124124 0.4298159336799213
2 7.143143143143144 0.43000280269058294
2 7.162162162162162 0.43018867924528303
2 7.181181181181182 0.43037357122943964
2 7.200200200200201 0.430557486445155
2 7.2192192192192195 0.4307404326123128
2 7.238238238238239 0.4309224173696584
2 7.257257257257257 0.43110344827586206
2 7.276276276276277 0.4312835328105654
2 7.295295295295296 0.43146267837541163
2 7.314314314314315 0.43164089229505953
2 7.333333333333334 0.4318181818181818
2 7.352352352352353 0.43199455411844795
2 7.371371371371372 0.43217001629549157
2 7.390390390390391 0.43234457537586346
2 7.40940940940941 0.4325182383139692
2 7.428428428428429 0.43269101199299287
2 7.447447447447448 0.43286290322580645
2 7.466466466466467 0.4330339187558654
2 7.485485485485486 0.4332040652580904
2 7.504504504504505 0.43337334933973587
2 7.523523523523524 0.43354177754124534
2 7.542542542542543 0.43370935633709357
2 7.561561561561562 0.4338760921366164
2 7.580580580580581 0.4340419912848277
2 7.5995995995996 0.43420706006322446
2 7.618618618618619 0.43437130469057944
2 7.6376376376376385 0.43453473132372217
2 7.656656656656657 0.4346973460583083
2 7.675675675675676 0.4348591549295775
2 7.694694694694695 0.43502016391310006
2 7.713713713713714 0.4351803789255126
2 7.7327327327327335 0.43533980582524273
2 7.751751751751752 0.43549845041322316
2 7.770770770770771 0.43565631843359526
2 7.789789789789791 0.43581341557440245
2 7.808808808808809 0.4359697474682733
2 7.827827827827829 0.43612531969309465
2 7.846846846846847 0.4362801377726751
2 7.8658658658658664 0.43643420717739884
2 7.884884884884886 0.4365875333248699
2 7.903903903903904 0.4367401215805471
2 7.922922922922924 0.4368919772583702
2 7.941941941941942 0.4370431056213764
2 7.9609609609609615 0.4371935118823086
2 7.979979979979981 0.43734320120421477
2 7.998998998998999 0.4374921787010387
2 8.018018018018019 0.43764044943820224
2 8.037037037037038 0.4377880184331797
2 8.056056056056057 0.4379348906560636
2 8.075075075075077 0.4380810710301227
2 8.094094094094094 0.4382265644323522
2 8.113113113113114 0.438371375694016
2 8.132132132132133 0.4385155096011817
2 8.15115115115115 0.43865897089524747
2 8.17017017017017 0.4388017642734624
2 8.18918918918919 0.4389438943894389
2 8.208208208208209 0.43908536585365854
2 8.227227227227228 0.43922618323397006
2 8.246246246246248 0.43936635105608157
2 8.265265265265267 0.43950587380404504
2 8.284284284284285 0.43964475592073465
2 8.303303303303304 0.43978300180831825
2 8.322322322322323 0.43992061582872266
2 8.34134134134134 0.44005760230409213
2 8.36036036036036 0.4401939655172414
2 8.37937937937938 0.4403297097121013
2 8.398398398398399 0.44046483909415973
2 8.417417417417418 0.4405993578308955
2 8.436436436436438 0.4407332700522069
2 8.455455455455457 0.4408665798508346
2 8.474474474474475 0.44099929128277815
2 8.493493493493494 0.4411314083677077
2 8.512512512512513 0.4412629350893697
2 8.531531531531531 0.44139387539598735
2 8.55055055055055 0.4415242332006556
2 8.56956956956957 0.44165401238173113
2 8.588588588588589 0.4417832167832168
2 8.607607607607608 0.4419118502151413
2 8.626626626626628 0.44203991645393365
2 8.645645645645647 0.4421674192427926
2 8.664664664664667 0.44229436229205177
2 8.683683683683684 0.4424207492795389
2 8.702702702702704 0.4425465838509317
2 8.721721721721721 0.4426718696201079
2 8.74074074074074 0.4427966101694915
2 8.75975975975976 0.4429208090503942
2 8.77877877877878 0.4430444697833523
2 8.797797797797799 0.44316759585845944
2 8.816816816816818 0.4432901907356948
2 8.835835835835837 0.44341225784524757
2 8.854854854854857 0.4435338005878363
2 8.873873873873874 0.4436548223350254
2 8.892892892892894 0.44377532642953627
2 8.911911911911913 0.44389531618555544
2 8.93093093093093 0.44401479488903833
2 8.94994994994995 0.4441337657980092
2 8.96896896896897 0.44425223214285714
2 8.987987987987989 0.4443701971266288
2 9.007007007007008 0.44448766392531674
2 9.026026026026027 0.4446046356881446
2 9.045045045045045 0.4447211155378486
2 9.064064064064064 0.44483710657095527
2 9.083083083083084 0.444952611858056
2 9.102102102102103 0.4450676344440779
2 9.121121121121122 0.44518217734855137
2 9.14014014014014 0.4452962435658745
2 9.15915915915916 0.44540983606557377
2 9.178178178178179 0.4455229577925619
2 9.197197197197198 0.44563561166739224
2 9.216216216216218 0.44574780058651026
2 9.235235235235235 0.4458595274225016
2 9.254254254254255 0.4459707950243375
2 9.273273273273274 0.4460816062176166
2 9.292292292292293 0.44619196380480447
2 9.311311311311313 0.44630187056546977
2 9.33033033033033 0.44641132925651755
2 9.34934934934935 0.4465203426124197
2 9.368368368368369 0.4466289133454429
2 9.387387387387388 0.44673704414587334
2 9.406406406406408 0.44684473768223903
2 9.425425425425425 0.4469519966015293
2 9.444444444444445 0.4470588235294118
2 9.463463463463464 0.4471652210704464
2 9.482482482482483 0.4472711918082973
2 9.501501501501503 0.4473767383059419
2 9.52052052052052 0.4474818631058774
2 9.53953953953954 0.44758656873032526
2 9.558558558558559 0.44769085768143263
2 9.577577577577578 0.44779473244147155
2 9.596596596596598 0.4478981954730364
2 9.615615615615617 0.448001249219238
2 9.634634634634635 0.4481038961038961
2 9.653653653653654 0.4482061385317296
2 9.672672672672673 0.44830797888854396
2 9.691691691691693 0.44840941954141705
2 9.710710710710712 0.4485104628388826
2 9.72972972972973 0.4486111111111111
2 9.74874874874875 0.4487113666700893
2 9.767767767767769 0.4488112318097971
2 9.786786786786788 0.44891070880638234
2 9.805805805805807 0.449009799918334
2 9.824824824824825 0.4491085073866531
2 9.843843843843844 0.4492068334350214
2 9.862862862862864 0.44930478026996856
2 9.881881881881883 0.4494023500810373
2 9.900900900900902 0.4494995450409463
2 9.91991991991992 0.44959636730575175
2 9.93893893893894 0.4496928190150066
2 9.957957957957959 0.449788902291918
2 9.976976976976978 0.4498846192435036
2 9.995995995995997 0.4499799719607451
2 10.015015015015015 0.45007496251874063
2 10.034034034034034 0.45016959297685555
2 10.053053053053054 0.45026386537887086
2 10.072072072072073 0.45035778175313057
2 10.091091091091092 0.4504513441126872
2 10.11011011011011 0.45054455445544556
2 10.12912912912913 0.4506374147643048
2 10.148148148148149 0.45072992700729925
2 10.167167167167168 0.4508220931377375
2 10.186186186186188 0.45091391509433965
2 10.205205205205205 0.45100539480137325
2 10.224224224224224 0.4510965341687879
2 10.243243243243244 0.45118733509234826
2 10.262262262262263 0.4512777994537651
2 10.281281281281283 0.45136792912082563
2 10.3003003003003 0.45145772594752187
2 10.31931931931932 0.4515471917741779
2 10.338338338338339 0.4516363284275755
2 10.357357357357358 0.4517251377210786
2 10.376376376376378 0.45181362145475595
2 10.395395395395397 0.45190178141550313
2 10.414414414414415 0.45198961937716264
2 10.433433433433434 0.4520771371006428
2 10.452452452452453 0.45216433633403563
2 10.471471471471473 0.452251218812733
2 10.490490490490492 0.452337786259542
2 10.50950950950951 0.45242404038479855
2 10.528528528528529 0.4525099828864803
2 10.547547547547548 0.45259561545031796
2 10.566566566566568 0.45268093974990525
2 10.585585585585587 0.45276595744680853
2 10.604604604604605 0.452850670190674
2 10.623623623623624 0.45293507961933477
2 10.642642642642643 0.4530191873589165
2 10.661661661661663 0.4531029950239414
2 10.680680680680682 0.45318650421743206
2 10.6996996996997 0.45326971653101317
2 10.71871871871872 0.4533526335450131
2 10.737737737737739 0.45343525682856345
2 10.756756756756758 0.4535175879396985
2 10.775775775775777 0.45359962842545287
2 10.794794794794795 0.45368137982195844
2 10.813813813813814 0.4537628436545404
2 10.832832832832834 0.4538440214378119
2 10.851851851851853 0.4539249146757679
2 10.870870870870872 0.45400552486187845
2 10.88988988988989 0.45408585347918007
2 10.90890890890891 0.45416590200036705
2 10.927927927927929 0.4542456718878813
2 10.946946946946948 0.45432516459400146
2 10.965965965965967 0.4544043815609311
2 10.984984984984985 0.4544833242208857
2 11.004004004004004 0.4545619939961794
2 11.023023023023024 0.45464039229930986
2 11.042042042042043 0.45471852053304324
2 11.061061061061062 0.4547963800904977
2 11.08008008008008 0.4548739723552263
2 11.0990990990991 0.4549512987012987
2 11.118118118118119 0.4550283604933826
2 11.137137137137138 0.45510515908682364
2 11.156156156156158 0.45518169582772544
2 11.175175175175177 0.4552579720530276
2 11.194194194194194 0.4553339890905839
2 11.213213213213214 0.4554097482592394
2 11.232232232232233 0.4554852508689065
2 11.251251251251253 0.4555604982206406
2 11.270270270270272 0.4556354916067146
2 11.28928928928929 0.4557102323106934
2 11.308308308308309 0.45578472160750644
2 11.327327327327328 0.45585896076352067
2 11.346346346346348 0.45593295103661224
2 11.365365365365367 0.4560066936762375
2 11.384384384384385 0.456080189923503
2 11.403403403403404 0.45615344101123595
2 11.422422422422423 0.4562264481640522
2 11.441441441441443 0.4562992125984252
2 11.460460460460462 0.45637173552275306
2 11.47947947947948 0.45644401813742586
2 11.498498498498499 0.4565160616348916
2 11.517517517517518 0.4565878671997219
2 11.536536536536538 0.4566594360086768
2 11.555555555555557 0.4567307692307692
2 11.574574574574575 0.45680186802732853
2 11.593593593593594 0.45687273355206354
2 11.612612612612613 0.4569433669511249
2 11.631631631631633 0.45701376936316696
2 11.650650650650652 0.4570839419194089
2 11.66966966966967 0.4571538857436953
2 11.68868868868869 0.4572236019525563
2 11.707707707707709 0.45729309165526677
2 11.726726726726728 0.45736235595390523
2 11.745745745745747 0.4574313959434123
2 11.764764764764765 0.4575002127116481
2 11.783783783783784 0.45756880733944955
2 11.802802802802804 0.45763718090068695
2 11.821821821821823 0.4577053344623201
2 11.840840840840842 0.4577732690844535
2 11.85985985985986 0.4578409858203916
2 11.87887887887888 0.45790848571669335
2 11.897897897897899 0.45797576981322563
2 11.916916916916918 0.45804283914321714
2 11.935935935935937 0.458109694733311
2 11.954954954954957 0.4581763376036172
2 11.973973973973974 0.4582427687677646
2 11.992992992992994 0.45830898923295216
2 12.012012012012013 0.458375
2 12.031031031031032 0.4584408020633996
2 12.050050050050052 0.45850639641136404
2 12.06906906906907 0.45857178402587706
2 12.088088088088089 0.4586369658827426
2 12.107107107107108 0.4587019429516329
2 12.126126126126128 0.4587667161961367
2 12.145145145145147 0.45883128657380695
2 12.164164164164164 0.45889565503620805
2 12.183183183183184 0.4589598225289623
2 12.202202202202203 0.45902378999179655
2 12.221221221221223 0.45908755835858794
2 12.240240240240242 0.45915112855740925
2 12.25925925925926 0.459214501510574
2 12.278278278278279 0.45927767813468123
2 12.297297297297298 0.4593406593406593
2 12.316316316316318 0.45940344603381017
2 12.335335335335337 0.45946603911385214
2 12.354354354354355 0.4595284394749635
2 12.373373373373374 0.4595906480058248
2 12.392392392392393 0.4596526655896607
2 12.411411411411413 0.4597144931042826
2 12.430430430430432 0.4597761314221292
2 12.44944944944945 0.45983758141030795
2 12.468468468468469 0.45989884393063585
2 12.487487487487488 0.4599599198396794
2 12.506506506506508 0.46002080998879463
2 12.525525525525527 0.46008151522416685
2 12.544544544544545 0.46014203638684964
2 12.563563563563564 0.46020237431280375
2 12.582582582582583 0.4602625298329356
2 12.601601601601603 0.46032250377313527
2 12.620620620620622 0.4603822969543147
2 12.63963963963964 0.46044191019244474
2 12.65865865865866 0.46050134429859246
2 12.677677677677679 0.46056060007895777
2 12.696696696696698 0.46061967833491013
2 12.715715715715717 0.46067857986302446
2 12.734734734734735 0.4607373054551171
2 12.753753753753754 0.46079585589828115
2 12.772772772772774 0.46085423197492165
2 12.791791791791793 0.4609124344627905
2 12.810810810810812 0.4609704641350211
2 12.829829829829832 0.4610283217601623
2 12.84884884884885 0.4610860081022125
2 12.867867867867869 0.46114352392065344
2 12.886886886886888 0.46120086997048315
2 12.905905905905907 0.46125804700224926
2 12.924924924924927 0.4613150557620818
2 12.943943943943944 0.4613718969917253
2 12.962962962962964 0.4614285714285714
2 12.981981981981983 0.4614850798056905
2 13.001001001001002 0.4615414228518633
2 13.020020020020022 0.4615976012916122
2 13.03903903903904 0.4616536158452326
2 13.058058058058059 0.46170946722882333
2 13.077077077077078 0.46176515615431724
2 13.096096096096097 0.4618206833295116
2 13.115115115115117 0.461876049458098
2 13.134134134134134 0.4619312552396921
2 13.153153153153154 0.461986301369863
2 13.172172172172173 0.46204118854016263
2 13.191191191191193 0.4620959174381545
2 13.210210210210212 0.4621504887474426
2 13.22922922922923 0.46220490314769974
2 13.248248248248249 0.4622591613146959
2 13.267267267267268 0.46231326392032596
2 13.286286286286288 0.46236721163263766
2 13.305305305305307 0.46242100511585915
2 13.324324324324325 0.46247464503042596
2 13.343343343343344 0.46252813203300824
2 13.362362362362363 0.46258146677653755
2 13.381381381381383 0.4626346499102334
2 13.400400400400402 0.4626876820796295
2 13.41941941941942 0.4627405639266
2 13.438438438438439 0.46279329608938546
2 13.457457457457458 0.46284587920261827
2 13.476476476476478 0.4628983138973483
2 13.495495495495497 0.4629506008010681
2 13.514514514514515 0.46300274053773793
2 13.533533533533534 0.46305473372781064
2 13.552552552552553 0.46310658098825613
2 13.571571571571573 0.46315828293258593
2 13.590590590590592 0.46320984017087724
2 13.609609609609612 0.463261253309797
2 13.62862862862863 0.46331252295262576
2 13.647647647647648 0.46336364969928123
2 13.666666666666668 0.4634146341463415
2 13.685685685685687 0.46346547688706846
2 13.704704704704707 0.4635161785114309
2 13.723723723723724 0.46356673960612693
2 13.742742742742744 0.463617160754607
2 13.761761761761763 0.4636674425370963
2 13.780780780780782 0.4637175855306167
2 13.799799799799802 0.46376759030900916
2 13.81881881881882 0.46381745744295544
2 13.837837837837839 0.4638671875
2 13.856856856856858 0.4639167810445713
2 13.875875875875877 0.4639662386380032
2 13.894894894894897 0.46401556083855633
2 13.913913913913914 0.46406474820143884
2 13.932932932932934 0.4641138012788275
2 13.951951951951953 0.46416272061988806
2 13.970970970970972 0.46421150677079603
2 13.989989989989992 0.46426016027475675
2 14.00900900900901 0.4643086816720257
2 14.028028028028029 0.46435707149992866
2 14.047047047047048 0.46440533029288106
2 14.066066066066067 0.4644534585824082
2 14.085085085085087 0.4645014568971644
2 14.104104104104104 0.46454932576295244
2 14.123123123123124 0.46459706570274295
2 14.142142142142143 0.4646446772366931
2 14.161161161161163 0.46469216088216586
2 14.180180180180182 0.4647395171537484
2 14.1991991991992 0.46478674656327107
2 14.218218218218219 0.4648338496198254
2 14.237237237237238 0.46488082682978277
2 14.256256256256258 0.46492767869681223
2 14.275275275275277 0.4649744057218989
2 14.294294294294295 0.46502100840336136
2 14.313313313313314 0.4650674872368697
2 14.332332332332333 0.4651138427154631
2 14.351351351351353 0.4651600753295669
2 14.370370370370372 0.4652061855670103
2 14.38938938938939 0.46525217391304347
2 14.408408408408409 0.4652980408503543
2 14.427427427427428 0.46534378685908556
2 14.446446446446448 0.46538941241685144
2 14.465465465465467 0.4654349179987544
2 14.484484484484486 0.46548030407740154
2 14.503503503503504 0.4655255711229208
2 14.522522522522523 0.4655707196029777
2 14.541541541541543 0.46561574998279065
2 14.560560560560562 0.46566066272514783
2 14.579579579579582 0.46570545829042226
2 14.598598598598599 0.465750137136588
2 14.617617617617618 0.46579469971923576
2 14.636636636636638 0.46583914649158803
2 14.655655655655657 0.46588347790451473
2 14.674674674674677 0.4659276944065484
2 14.693693693693694 0.46597179644389947
2 14.712712712712714 0.4660157844604708
2 14.731731731731733 0.4660596588978732
2 14.750750750750752 0.46610342019543977
2 14.769769769769772 0.4661470687902406
2 14.78878878878879 0.4661906051170976
2 14.807807807807809 0.46623402960859867
2 14.826826826826828 0.46627734269511206
2 14.845845845845847 0.4663205448048008
2 14.864864864864867 0.46636363636363637
2 14.883883883883884 0.46640661779541326
2 14.902902902902904 0.4664494895217625
2 14.921921921921923 0.4664922519621654
2 14.940940940940942 0.4665349055339676
2 14.959959959959962 0.4665774506523921
2 14.97897897897898 0.46661988773055335
2 14.997997997997999 0.46666221717947004
2 15.017017017017018 0.46670443940807893
2 15.036036036036037 0.46674655482324745
2 15.055055055055057 0.46678856382978723
2 15.074074074074074 0.4668304668304668
2 15.093093093093094 0.4668722642260247
2 15.112112112112113 0.46691395641518185
2 15.131131131131133 0.46695554379465465
2 15.150150150150152 0.4669970267591675
2 15.16916916916917 0.467038405701465
2 15.188188188188189 0.4670796810123245
2 15.207207207207208 0.4671208530805687
2 15.226226226226228 0.4671619222930774
2 15.245245245245247 0.46720288903479973
2 15.264264264264266 0.46724375368876647
2 15.283283283283284 0.46728451663610165
2 15.302302302302303 0.46732517825603453
2 15.321321321321323 0.46736573892591143
2 15.340340340340342 0.46740619902120717
2 15.359359359359361 0.46744655891553705
2 15.378378378378379 0.46748681898066785
2 15.397397397397398 0.4675269795865297
2 15.416416416416418 0.4675670411012272
2 15.435435435435437 0.4676070038910506
2 15.454454454454456 0.4676468683204871
2 15.473473473473474 0.4676866347522319
2 15.492492492492493 0.4677263035471991
2 15.511511511511513 0.46776587506453277
2 15.530530530530532 0.4678053496616178
2 15.549549549549551 0.4678447276940904
2 15.568568568568569 0.467884009515849
2 15.587587587587588 0.46792319547906497
2 15.606606606606608 0.4679622859341928
2 15.625625625625627 0.4680012812299808
2 15.644644644644647 0.46804018171348133
2 15.663663663663664 0.46807898773006135
2 15.682682682682684 0.46811769962341226
2 15.701701701701703 0.4681563177355604
2 15.720720720720722 0.4681948424068768
2 15.739739739739742 0.4682332739760875
2 15.75875875875876 0.4682716127802833
2 15.777777777777779 0.46830985915492956
2 15.796796796796798 0.46834801343387616
2 15.815815815815817 0.4683860759493671
2 15.834834834834837 0.4684240470320501
2 15.853853853853854 0.4684619270109862
2 15.872872872872874 0.4684997162136596
2 15.891891891891893 0.4685374149659864
2 15.910910910910912 0.4685750235923246
2 15.929929929929932 0.4686125424154832
2 15.94894894894895 0.4686499717567313
2 15.967967967967969 0.4686873119358074
2 15.986986986986988 0.46872456327092854
2 16.006006006006007 0.46876172607879923
2 16.025025025025027 0.46879880067462054
2 16.044044044044046 0.46883578737209886
2 16.063063063063062 0.46887268648345487
2 16.08208208208208 0.46890949831943235
2 16.1011011011011 0.4689462231893068
2 16.12012012012012 0.4689828614008942
2 16.13913913913914 0.46901941326055946
2 16.15815815815816 0.4690558790732251
2 16.177177177177178 0.4690922591423798
2 16.196196196196198 0.46912855377008655
2 16.215215215215217 0.4691647632569912
2 16.234234234234236 0.4692008879023307
2 16.253253253253256 0.4692369280039416
2 16.272272272272275 0.4692728838582677
2 16.291291291291294 0.4693087557603687
2 16.310310310310314 0.46934454400392783
2 16.329329329329333 0.46938024888126034
2 16.34834834834835 0.4694158706833211
2 16.36736736736737 0.46945140969971255
2 16.386386386386388 0.46948686621869273
2 16.405405405405407 0.4695222405271829
2 16.424424424424426 0.46955753291077523
2 16.443443443443442 0.46959274365374076
2 16.46246246246246 0.46962787303903686
2 16.48148148148148 0.4696629213483146
2 16.5005005005005 0.4696978888619267
2 16.51951951951952 0.46973277585893475
2 16.53853853853854 0.4697675826171166
2 16.55755755755756 0.46980230941297385
2 16.576576576576578 0.4698369565217391
2 16.595595595595597 0.46987152421738343
2 16.614614614614617 0.4699060127726232
2 16.633633633633636 0.4699404224589276
2 16.652652652652655 0.4699747535465256
2 16.671671671671675 0.4700090063044131
2 16.690690690690694 0.47004318100035986
2 16.709709709709713 0.4700772779009166
2 16.72872872872873 0.47011129727142176
2 16.74774774774775 0.4701452393760086
2 16.766766766766768 0.47017910447761196
2 16.785785785785787 0.47021289283797485
2 16.804804804804807 0.47024660471765545
2 16.823823823823826 0.4702802403760338
2 16.842842842842842 0.4703138000713182
2 16.86186186186186 0.4703472840605521
2 16.88088088088088 0.4703806925996205
2 16.8998998998999 0.47041402594325654
2 16.91891891891892 0.4704472843450479
2 16.93793793793794 0.4704804680574434
2 16.956956956956958 0.47051357733175914
2 16.975975975975977 0.470546612418185
2 16.994994994994997 0.47057957356579105
2 17.014014014014016 0.4706124610225334
2 17.033033033033036 0.47064527503526093
2 17.052052052052055 0.4706780158497212
2 17.07107107107107 0.47071068371056646
2 17.09009009009009 0.47074327886136
2 17.10910910910911 0.47077580154458226
2 17.12812812812813 0.4708082520016364
2 17.147147147147148 0.4708406304728546
2 17.166166166166168 0.4708729371975042
2 17.185185185185187 0.4709051724137931
2 17.204204204204206 0.4709373363588759
2 17.223223223223226 0.4709694292688597
2 17.242242242242245 0.4710014513788099
2 17.261261261261264 0.47103340292275575
2 17.28028028028028 0.47106528413369636
2 17.2992992992993 0.47109709524360605
2 17.31831831831832 0.4711288364834403
2 17.33733733733734 0.47116050808314086
2 17.356356356356358 0.471192110271642
2 17.375375375375377 0.4712236432768752
2 17.394394394394396 0.47125510732577547
2 17.413413413413416 0.47128650264428606
2 17.432432432432435 0.47131782945736433
2 17.451451451451454 0.47134908798898706
2 17.47047047047047 0.4713802784621555
2 17.48948948948949 0.4714114010989011
2 17.50850850850851 0.47144245612029045
2 17.52752752752753 0.47147344374643063
2 17.546546546546548 0.4715043641964744
2 17.565565565565567 0.4715352176886255
2 17.584584584584587 0.47156600444014346
2 17.603603603603606 0.47159672466734903
2 17.622622622622625 0.4716273785856291
2 17.641641641641645 0.4716579664094417
2 17.66066066066066 0.471688488352321
2 17.67967967967968 0.4717189446268826
2 17.6986986986987 0.4717493354448278
2 17.71771771771772 0.4717796610169492
2 17.736736736736738 0.47180992155313506
2 17.755755755755757 0.47184011726237457
2 17.774774774774777 0.4718702483527623
2 17.793793793793796 0.47190031503150315
2 17.812812812812815 0.4719303175049171
2 17.831831831831835 0.47196025597844393
2 17.85085085085085 0.4719901306566478
2 17.86986986986987 0.47201994174322204
2 17.88888888888889 0.4720496894409938
2 17.90790790790791 0.47207937395192845
2 17.926926926926928 0.4721089954771344
2 17.945945945945947 0.47213855421686746
2 17.964964964964967 0.47216805037053544
2 17.983983983983986 0.47219748413670265
2 18.003003003003005 0.47222685571309425
2 18.022022022022025 0.47225616529660075
2 18.04104104104104 0.4722854130832825
2 18.06006006006006 0.47231459926837377
2 18.07907907907908 0.4723437240462876
2 18.0980980980981 0.47237278761061946
2 18.117117117117118 0.4724017901541522
2 18.136136136136138 0.4724307318688597
2 18.155155155155157 0.47245961294591166
2 18.174174174174176 0.4724884335756775
2 18.193193193193196 0.4725171939477304
2 18.212212212212215 0.4725458942508519
2 18.231231231231234 0.47257453467303573
2 18.25025025025025 0.47260311540149186
2 18.26926926926927 0.47263163662265084
2 18.28828828828829 0.4726600985221675
2 18.30730730730731 0.47268850128492534
2 18.326326326326328 0.4727168450950404
2 18.345345345345347 0.4727451301358651
2 18.364364364364366 0.47277335658999237
2 18.383383383383386 0.47280152463925945
2 18.402402402402405 0.47282963446475196
2 18.421421421421424 0.4728576862468076
2 18.44044044044044 0.4728856801650201
2 18.45945945945946 0.47291361639824303
2 18.47847847847848 0.4729414951245937
2 18.4974974974975 0.4729693165214568
2 18.516516516516518 0.4729970807654882
2 18.535535535535537 0.47302478803261866
2 18.554554554554556 0.47305243849805784
2 18.573573573573576 0.4730800323362975
2 18.592592592592595 0.47310756972111556
2 18.611611611611615 0.47313505082557955
2 18.63063063063063 0.4731624758220503
2 18.64964964964965 0.47318984488218563
2 18.66866866866867 0.4732171581769437
2 18.68768768768769 0.47324441587658683
2 18.706706706706708 0.4732716181506849
2 18.725725725725727 0.47329876516811886
2 18.744744744744747 0.47332585709708425
2 18.763763763763766 0.4733528941050947
2 18.782782782782785 0.4733798763589853
2 18.801801801801805 0.47340680402491614
2 18.82082082082082 0.4734336772683757
2 18.83983983983984 0.4734604962541842
2 18.85885885885886 0.4734872611464968
2 18.87787787787788 0.47351397210880747
2 18.896896896896898 0.4735406293039517
2 18.915915915915917 0.4735672328941102
2 18.934934934934937 0.473593783040812
2 18.953953953953956 0.47362027990493794
2 18.972972972972975 0.47364672364672367
2 18.991991991991995 0.47367311442576293
2 19.011011011011014 0.47369945240101097
2 19.03003003003003 0.47372573773078747
2 19.04904904904905 0.47375197057277985
2 19.06806806806807 0.4737781510840464
2 19.087087087087088 0.4738042794210195
2 19.106106106106107 0.47383035573950855
2 19.125125125125127 0.4738563801947032
2 19.144144144144146 0.4738823529411765
2 19.163163163163166 0.4739082741328876
2 19.182182182182185 0.47393414392318534
2 19.201201201201204 0.47395996246481076
2 19.22022022022022 0.4739857299099005
2 19.23923923923924 0.4740114464099896
2 19.25825825825826 0.47403711211601435
2 19.27727727727728 0.4740627271783155
2 19.296296296296298 0.4740882917466411
2 19.315315315315317 0.47411380597014924
2 19.334334334334336 0.47413926999741135
2 19.353353353353356 0.4741646839764146
2 19.372372372372375 0.47419004805456516
2 19.391391391391394 0.4742153623786909
2 19.41041041041041 0.4742406270950441
2 19.42942942942943 0.47426584234930447
2 19.44844844844845 0.47429100828658194
2 19.46746746746747 0.4743161250514192
2 19.486486486486488 0.47434119278779474
2 19.505505505505507 0.4743662116391255
2 19.524524524524526 0.47439118174826966
2 19.543543543543546 0.4744161032575292
2 19.562562562562565 0.47444097630865273
2 19.581581581581585 0.47446580104283814
2 19.6006006006006 0.47449057760073543
2 19.61961961961962 0.47451530612244897
2 19.63863863863864 0.47453998674754067
2 19.65765765765766 0.4745646196150321
2 19.676676676676678 0.47458920486340744
2 19.695695695695697 0.47461374263061595
2 19.714714714714717 0.47463823305407465
2 19.733733733733736 0.4746626762706706
2 19.752752752752755 0.4746870724167638
2 19.771771771771775 0.4747114216281896
2 19.790790790790794 0.474735724040261
2 19.80980980980981 0.4747599797877716
2 19.82882882882883 0.47478418900499775
2 19.84784784784785 0.474808351825701
2 19.866866866866868 0.474832468383131
2 19.885885885885887 0.4748565388100272
2 19.904904904904907 0.4748805632386221
2 19.923923923923926 0.47490454180064307
2 19.942942942942945 0.4749284746273152
2 19.961961961961965 0.4749523618493632
2 19.980980980980984 0.4749762035970142
2 20.0 0.475
