1.1 0.159999999853942
1.1020202020202021 0.16257545310601312
1.1040404040404042 0.1651302602805626
1.1060606060606062 0.16766467012266023
1.1080808080808082 0.17017892645892843
1.1101010101010103 0.17267326772581074
1.1121212121212123 0.1751479289996141
1.1141414141414143 0.1776031433475048
1.1161616161616164 0.18003913851800157
1.1181818181818182 0.1824561403908847
1.1202020202020202 0.18485436854181805
1.1222222222222222 0.18723404252015163
1.1242424242424243 0.1895953760430954
1.1262626262626263 0.19193857951756974
1.1282828282828283 0.19426386223923525
1.1303030303030304 0.19657142864047988
1.1323232323232324 0.19886148050525462
1.1343434343434344 0.20113421571313528
1.1363636363636365 0.20338983047352008
1.1383838383838385 0.20562851752160408
1.1404040404040405 0.20785046762359566
1.1424242424242426 0.21005586591143388
1.1444444444444446 0.2122448974740125
1.1464646464646466 0.21441774472572478
1.1484848484848487 0.21657458581146558
1.1505050505050507 0.2187155957741331
1.1525252525252525 0.22084095086805483
1.1545454545454545 0.22295082011069586
1.1565656565656566 0.22504537240760103
1.1585858585858586 0.22712477394166025
1.1606060606060606 0.22918918921414158
1.1626262626262627 0.23123877927835074
1.1646464646464647 0.2332737029326724
1.1666666666666667 0.2352941175566356
1.1686868686868688 0.23730017734384748
1.1707070707070708 0.23929203574717628
1.1727272727272728 0.24126984101061813
1.1747474747474749 0.24323374315358667
1.176767676767677 0.24518388786082654
1.178787878787879 0.2471204189105713
1.180808080808081 0.24904347847113445
1.1828282828282828 0.2509532063616363
1.1848484848484848 0.2528497412918148
1.1868686868686869 0.2547332187008031
1.1888888888888889 0.2566037735829773
1.190909090909091 0.2584615382445907
1.192929292929293 0.2603066445702744
1.194949494949495 0.2621392191043394
1.196969696969697 0.26395939057000584
1.198989898989899 0.265767284833384
1.201010101010101 0.2675630252314509
1.2030303030303031 0.2693467334864527
1.2050505050505051 0.2711185309034714
1.2070707070707072 0.27287853592063993
1.2090909090909092 0.27462686584304313
1.2111111111111112 0.27636363627455457
1.2131313131313133 0.27808896187340354
1.2151515151515153 0.27980295560519397
1.2171717171717171 0.281505728289183
1.2191919191919192 0.28319738968676644
1.2212121212121212 0.28487804879940604
1.2232323232323232 0.28654781214313246
1.2252525252525253 0.28820678489956075
1.2272727272727273 0.28985507257100884
1.2292929292929293 0.2914927770099741
1.2313131313131314 0.293120000098234
1.2333333333333334 0.2947368418312651
1.2353535353535354 0.29634340218169164
1.2373737373737375 0.2979397782237933
1.2393939393939395 0.2995260665958023
1.2414141414141415 0.30110236209762836
1.2434343434343436 0.30266875931591636
1.2454545454545456 0.30422535236801085
1.2474747474747476 0.30577223101193923
1.2494949494949497 0.3073094868020055
1.2515151515151515 0.3088372097236219
1.2535353535353535 0.3103554867692535
1.2555555555555555 0.31186440700746443
1.2575757575757576 0.31336405533604855
1.2595959595959596 0.3148545176637926
1.2616161616161616 0.3163358783340282
1.2636363636363637 0.3178082192943794
1.2656565656565657 0.3192716234628037
1.2676767676767677 0.32072617267456793
1.2696969696969698 0.32217194582918335
1.2717171717171718 0.3236090223902002
1.2737373737373738 0.3250374810288478
1.2757575757575759 0.32645739909739746
1.277777777777778 0.32786885277394545
1.27979797979798 0.3292719168601589
1.2818181818181817 0.3306666668457249
1.283838383838384 0.3320531756034874
1.2858585858585858 0.3334315168932395
1.2878787878787878 0.3348017620523856
1.2898989898989899 0.33616398253632457
1.291919191919192 0.3375182483243961
1.293939393939394 0.3388646287841832
1.295959595959596 0.3402031928999199
1.297979797979798 0.3415340087072383
1.3 0.34285714301871184
