1.1 0.12500000019926744
1.1020202020202021 0.12709731626561158
1.1040404040404042 0.12918060210055363
1.1060606060606062 0.13125000027105466
1.1080808080808082 0.13330564827535785
1.1101010101010103 0.13534768258971258
1.1121212121212123 0.13737623792170944
1.1141414141414143 0.13939144730882844
1.1161616161616164 0.14139344285391875
1.1181818181818182 0.14338235320660672
1.1202020202020202 0.14535830639250452
1.1222222222222222 0.1473214293092295
1.1242424242424243 0.14927184550778216
1.1262626262626263 0.15120967793827966
1.1282828282828283 0.15313504843609962
1.1303030303030304 0.15504807721173106
1.1323232323232324 0.15694888230150947
1.1343434343434344 0.1588375800056194
1.1363636363636365 0.1607142859330513
1.1383838383838385 0.16257911454208762
1.1404040404040405 0.16443217736046573
1.1424242424242426 0.1662735852645791
1.1444444444444446 0.1681034484238484
1.1464646464646466 0.16992187544766535
1.1484848484848487 0.17172897259564274
1.1505050505050507 0.17352484502720542
1.1525252525252525 0.17530959789005096
1.1545454545454545 0.1770833340858006
1.1565656565656566 0.178846154386263
1.1585858585858586 0.1805981595617496
1.1606060606060606 0.18233945002166851
1.1626262626262627 0.18407012237346818
1.1646464646464647 0.18579027409296178
1.1666666666666667 0.18750000014752902
1.1686868686868688 0.1891993962494199
1.1707070707070708 0.19088855461528664
1.1727272727272728 0.19256756808159226
1.1747474747474749 0.19423652708630368
1.176767676767677 0.19589552286758294
1.178787878787879 0.19754464321674675
1.180808080808081 0.19918397693290477
1.1828282828282828 0.20081360991952657
1.1848484848484848 0.20243362903716228
1.1868686868686869 0.20404411789681787
1.1888888888888889 0.20564516129348898
1.190909090909091 0.20723684240357315
1.192929292929293 0.20881924268660865
1.194949494949495 0.2103924423961468
1.196969696969697 0.21195652168154255
1.198989898989899 0.2135115613141605
1.201010101010101 0.21505763769357125
1.2030303030303031 0.2165948278652491
1.2050505050505051 0.21812320932502827
1.2070707070707072 0.21964285771099085
1.2090909090909092 0.22115384678878475
1.2111111111111112 0.22265625042443918
1.2131313131313133 0.2241501416055571
1.2151515151515153 0.22563559355440452
1.2171717171717171 0.22711267666401552
1.2191919191919192 0.2285814609614389
1.2212121212121212 0.23004201710912886
1.2232323232323232 0.2314944140936636
1.2252525252525253 0.23293871914326728
1.2272727272727273 0.23437500018386007
1.2292929292929293 0.2358033246413691
1.2313131313131314 0.23722375752385771
1.2333333333333334 0.2386363639929774
1.2353535353535354 0.24004120879080465
1.2373737373737375 0.24143835648078993
1.2393939393939395 0.24282786922028002
1.2414141414141415 0.24420980956807173
1.2434343434343436 0.2455842392382653
1.2454545454545456 0.24695121964141187
1.2474747474747476 0.24831081134913519
1.2494949494949497 0.24966307318783687
1.2515151515151515 0.25100806516392477
1.2535353535353535 0.2523458448066295
1.2555555555555555 0.25367647099965107
1.2575757575757576 0.2550000001649343
1.2595959595959596 0.2563164895784484
1.2616161616161616 0.25762599501314265
1.2636363636363637 0.25892857179571865
1.2656565656565657 0.260224274402963
1.2676767676767677 0.2615131580136706
1.2696969696969698 0.2627952760497731
1.2717171717171718 0.2640706811252247
1.2737373737373738 0.26533942565432844
1.2757575757575759 0.26660156277268837
1.277777777777778 0.26785714349635986
1.27979797979798 0.269106218235671
1.2818181818181817 0.2703488374152189
1.283838383838384 0.27158505205565786
1.2858585858585858 0.2728149105465567
1.2878787878787878 0.2740384613851079
1.2898989898989899 0.27525575485574316
1.291919191919192 0.27646683720959075
1.293939393939394 0.2776717559258073
1.295959595959596 0.27887055823437884
1.297979797979798 0.2800632914577337
1.3 0.2812500005238157
