1.1 0.045454545743417646
1.1020202020202021 0.04628780974286399
1.1040404040404042 0.04711802376790164
1.1060606060606062 0.0479452054433792
1.1080808080808082 0.048769370884187264
1.1101010101010103 0.04959053708998623
1.1121212121212123 0.05040871938224751
1.1141414141414143 0.05122393484906886
1.1161616161616164 0.052036199283747725
1.1181818181818182 0.05284552857958561
1.1202020202020202 0.053651938713670584
1.1222222222222222 0.05445544581308124
1.1242424242424243 0.055256064950771934
1.1262626262626263 0.0560538117617187
1.1282828282828283 0.05684870180800302
1.1303030303030304 0.05764075066970086
1.1323232323232324 0.05842997341499421
1.1343434343434344 0.05921638475150164
1.1363636363636365 0.05999999984160755
1.1383838383838385 0.060780834002335644
1.1404040404040405 0.061558902034032324
1.1424242424242426 0.06233421775149781
1.1444444444444446 0.06310679606640561
1.1464646464646466 0.06387665214675893
1.1484848484848487 0.06464379981137314
1.1505050505050507 0.06540825312097774
1.1525252525252525 0.06617002636445476
1.1545454545454545 0.06692913408845416
1.1565656565656566 0.06768558959820455
1.1585858585858586 0.06843940689561424
1.1606060606060606 0.0691906006591626
1.1626262626262627 0.06993918354770635
1.1646464646464647 0.07068516916717486
1.1666666666666667 0.07142857127597757
1.1686868686868688 0.0721694037274446
1.1707070707070708 0.07290767920374958
1.1727272727272728 0.07364341083771987
1.1747474747474749 0.07437661210907615
1.176767676767677 0.07510729634587623
1.178787878787879 0.0758354758478413
1.180808080808081 0.07656116349423488
1.1828282828282828 0.0772843724510425
1.1848484848484848 0.07800511537519915
1.1868686868686869 0.07872340417970831
1.1888888888888889 0.07943925240919512
1.190909090909091 0.08015267175217126
1.192929292929293 0.08086367506755948
1.194949494949495 0.0815722740518445
1.196969696969697 0.08227848096639494
1.198989898989899 0.08298230848748901
1.201010101010101 0.08368376809932886
1.2030303030303031 0.0843828715450532
1.2050505050505051 0.08507963113755096
1.2070707070707072 0.08577405871928385
1.2090909090909092 0.08646616579610977
1.2111111111111112 0.08715596345182448
1.2131313131313133 0.08784346357227162
1.2151515151515153 0.08852867834738366
1.2171717171717171 0.08921161837687645
1.2191919191919192 0.08989229498912645
1.2212121212121212 0.09057071967480124
1.2232323232323232 0.0912469034840029
1.2252525252525253 0.0919208572564751
1.2272727272727273 0.09259259264407046
1.2292929292929293 0.0932621199237985
1.2313131313131314 0.0939294505929053
1.2333333333333334 0.0945945946321323
1.2353535353535354 0.09525756323322287
1.2373737373737375 0.09591836748670739
1.2393939393939395 0.09657701741305336
1.2414141414141415 0.0972335232618981
1.2434343434343436 0.09788789593808668
1.2454545454545456 0.09854014619125524
1.2474747474747476 0.09919028383844017
1.2494949494949497 0.09983831859920206
1.2515151515151515 0.10048426152038846
1.2535353535353535 0.10112812273083259
1.2555555555555555 0.10176991156339424
1.2575757575757576 0.10240963852004376
1.2595959595959596 0.10304731347991392
1.2616161616161616 0.10368294677587184
1.2636363636363637 0.10431654679246825
1.2656565656565657 0.10494812454133168
1.2676767676767677 0.10557768932520126
1.2696969696969698 0.10620525076773582
1.2717171717171718 0.10683081825783379
1.2737373737373738 0.10745440123462531
1.2757575757575759 0.10807600941829287
1.277777777777778 0.10869565245156342
1.27979797979798 0.10931333867568364
1.2818181818181817 0.10992907831523545
1.283838383838384 0.11054287972697178
1.2858585858585858 0.11115475265168105
1.2878787878787878 0.11176470581348034
1.2898989898989899 0.11237274877817974
1.291919191919192 0.11297889003889579
1.293939393939394 0.11358313818654343
1.295959595959596 0.11418550266562857
1.297979797979798 0.11478599232198294
1.3 0.11538461554131728
