3 1.0 2.081865904358321e-15
3 1.019019019019019 0.018491484158633196
3 1.038038038038038 0.035984848663479105
3 1.057057057057057 0.0525587829290584
3 1.0760760760760761 0.06828391721130476
3 1.095095095095095 0.08322382808762828
3 1.1141141141141142 0.0974358970721956
3 1.1331331331331331 0.11097204862005831
3 1.1521521521521523 0.1238793807506851
3 1.1711711711711712 0.13620071690128865
3 1.1901901901901901 0.14797507806380736
3 1.2092092092092093 0.15923809484079063
3 1.2282282282282282 0.1700223715768507
3 1.2472472472472473 0.18035779464424415
3 1.2662662662662663 0.19027181677386218
3 1.2852852852852852 0.19978969507349298
3 1.3043043043043043 0.20893470770964892
3 1.3233233233233235 0.21772834509399572
3 1.3423423423423424 0.22619047623817579
3 1.3613613613613613 0.2343394999222916
3 1.3803803803803805 0.24219247947194453
3 1.3993993993993994 0.24976525799531368
3 1.4184184184184185 0.2570725706846861
3 1.4374374374374375 0.2641281353893995
3 1.4564564564564564 0.2709447415480088
3 1.4754754754754755 0.2775343267068064
3 1.4944944944944947 0.28390804587704827
3 1.5135135135135136 0.29007633589469467
3 1.5325325325325325 0.29604897046971534
3 1.5515515515515514 0.30183511359370985
3 1.5705705705705706 0.30744336569058395
3 1.5895895895895897 0.31288180613753425
3 1.6086086086086087 0.31815803238136514
3 1.6276276276276276 0.3232791957961197
3 1.6466466466466467 0.32825203242585294
3 1.6656656656656659 0.3330828951266021
3 1.6846846846846848 0.33777777769514244
3 1.7037037037037037 0.34234234214863885
3 1.7227227227227226 0.3467819403900909
3 1.7417417417417418 0.35110163450148124
3 1.760760760760761 0.35530621783798416
3 1.7797797797797799 0.3594002306621234
3 1.7987987987987988 0.3633879782283663
3 1.817817817817818 0.36727354456746913
3 1.8368368368368369 0.37106080777954703
3 1.855855855855856 0.3747534517682933
3 1.874874874874875 0.37835497838385
3 1.8938938938938938 0.38186871921497256
3 1.912912912912913 0.38529784547832224
3 1.9319319319319321 0.3886453766863273
3 1.950950950950951 0.39191419145294604
3 1.96996996996997 0.39510703365750927
3 1.9889889889889891 0.3982265216673596
3 2.008008008008008 0.4012751543312113
3 2.027027027027027 0.40425531906991646
3 2.046046046046046 0.40716929670319474
3 2.065065065065065 0.41001926786174403
3 2.0840840840840844 0.41280731850497665
3 2.103103103103103 0.4155354449060148
3 2.1221221221221223 0.4182055586417225
3 2.141141141141141 0.42081949056449724
3 2.16016016016016 0.4233789954439814
3 2.1791791791791795 0.4258857555868484
3 2.1981981981981984 0.42834138492689006
3 2.2172172172172173 0.43074743184392156
3 2.2362362362362362 0.43310538314381963
3 2.255255255255255 0.4354166666761252
3 2.2742742742742745 0.43768265431649894
3 2.2932932932932935 0.4399046646686857
3 2.3123123123123124 0.44208396558750457
3 2.3313313313313317 0.4442217769292735
3 2.3503503503503502 0.4463192720560963
3 2.3693693693693696 0.4483775810464251
3 2.3883883883883885 0.4503977917888482
3 2.4074074074074074 0.45238095236475134
3 2.426426426426427 0.4543280727343845
3 2.4454454454454453 0.45624012646162015
3 2.4644644644644647 0.4581180523571878
3 2.4834834834834836 0.4599627560072678
3 2.5025025025025025 0.46177511153239736
3 2.521521521521522 0.4635559621573856
3 2.5405405405405403 0.46530612245595077
3 2.5595595595595597 0.4670263788816786
3 2.5785785785785786 0.46871749144884356
3 2.5975975975975976 0.47038019455490454
3 2.616616616616617 0.4720151979790276
3 2.635635635635636 0.4736231883329131
3 2.6546546546546548 0.4752048296924631
3 2.6736736736736737 0.47676076418626834
3 2.6926926926926926 0.4782916136797988
3 2.711711711711712 0.47979797980603095
3 2.730730730730731 0.4812804453656147
3 2.74974974974975 0.48273957475675905
3 2.768768768768769 0.48417591443602465
3 2.7877877877877877 0.4855899945636136
3 2.806806806806807 0.48698232829646754
3 2.825825825825826 0.48835341367927126
3 2.844844844844845 0.4897037332120896
3 2.8638638638638643 0.491033755284517
3 2.8828828828828827 0.49234393402448823
3 2.901901901901902 0.49363471029574635
3 2.920920920920921 0.4949065119565864
3 2.93993993993994 0.49615975423719005
3 2.9589589589589593 0.49739484051904126
3 2.9779779779779783 0.49861216250150625
3 2.996996996996997 0.4998121007237649
3 3.016016016016016 0.5009950250133351
3 3.035035035035035 0.5021612942901664
3 3.0540540540540544 0.5033112583055684
3 3.0730730730730733 0.5044452562801507
3 3.0920920920920922 0.5055636187702167
3 3.111111111111111 0.5066666668450374
3 3.13013013013013 0.5077547124276945
3 3.1491491491491495 0.5088280601689656
3 3.1681681681681684 0.5098870055648784
3 3.1871871871871873 0.51093183675321
3 3.206206206206206 0.5119628340815686
3 3.2252252252252256 0.5129802701097611
3 3.2442442442442445 0.5139844107623425
3 3.2632632632632634 0.5149755151774337
3 3.2822822822822824 0.515953835716494
3 3.3013013013013013 0.5169196179027158
3 3.3203203203203207 0.517873101095344
3 3.3393393393393396 0.5188145188901144
3 3.3583583583583585 0.5197440987251584
3 3.3773773773773774 0.5206620629527008
3 3.396396396396397 0.5215686274285292
3 3.4154154154154157 0.522464003589501
3 3.4344344344344346 0.523348396833297
3 3.4534534534534536 0.5242220082039749
3 3.4724724724724725 0.5250850340275113
3 3.491491491491492 0.5259376650598154
3 3.5105105105105108 0.5267800883537339
3 3.5295295295295297 0.5276124856223814
3 3.5485485485485486 0.5284350351299282
3 3.567567567567568 0.5292479107747106
3 3.586586586586587 0.5300512820335299
3 3.605605605605606 0.5308453146630359
3 3.6246246246246248 0.5316301702934161
3 3.6436436436436437 0.5324060073251593
3 3.662662662662663 0.5331729804259613
3 3.681681681681682 0.5339312406678187
3 3.700700700700701 0.534680935479673
3 3.71971971971972 0.5354222091085779
3 3.738738738738739 0.5361552028688382
3 3.757757757757758 0.5368800544536068
3 3.776776776776777 0.5375968992527084
3 3.795795795795796 0.5383058688712494
3 3.814814814814815 0.5390070921861256
3 3.8338338338338342 0.5397006958730615
3 3.852852852852853 0.5403868030602447
3 3.871871871871872 0.5410655351355811
3 3.890890890890891 0.5417370100361648
3 3.90990990990991 0.5424013433817443
3 3.9289289289289293 0.5430586488827166
3 3.9479479479479482 0.5437090371161866
3 3.966966966966967 0.5443526171051848
3 3.985985985985986 0.5449894949157431
3 4.005005005005005 0.5456197746107005
3 4.024024024024024 0.5462435584494043
3 4.043043043043044 0.546860946241922
3 4.062062062062062 0.5474720358138865
3 4.081081081081081 0.5480769230705739
3 4.1001001001001 0.5486757020080857
3 4.119119119119119 0.5492684646415953
3 4.138138138138139 0.5498553012375973
3 4.157157157157157 0.5504363001400535
3 4.176176176176177 0.5510115481215861
3 4.195195195195195 0.5515811300878607
3 4.2142142142142145 0.5521451294342388
3 4.233233233233234 0.5527036276536649
3 4.252252252252252 0.5532567049987659
3 4.271271271271272 0.5538044399152176
3 4.29029029029029 0.5543469095257748
3 4.3093093093093096 0.5548841893384693
3 4.328328328328329 0.5554163534703691
3 4.347347347347347 0.5559434746380413
3 4.366366366366367 0.5564656242220023
3 4.385385385385385 0.5569828722269509
3 4.404404404404405 0.5574952872764513
3 4.423423423423424 0.5580029368527428
3 4.442442442442443 0.5585058871397152
3 4.461461461461462 0.5590042030456981
3 4.48048048048048 0.559497948318572
3 4.4994994994995 0.5599871856370668
3 4.518518518518519 0.5604719763922322
3 4.537537537537538 0.5609523809470826
3 4.556556556556557 0.5614284585466347
3 4.575575575575575 0.5619002674116833
3 4.594594594594595 0.562367864686301
3 4.613613613613614 0.5628313065324498
3 4.6326326326326335 0.5632906480230314
3 4.651651651651652 0.5637459433983979
3 4.67067067067067 0.5641972459479428
3 4.68968968968969 0.5646446078526416
3 4.708708708708709 0.5650880805484567
3 4.7277277277277285 0.5655277144888919
3 4.746746746746747 0.5659635593743375
3 4.7657657657657655 0.5663956639454591
3 4.784784784784785 0.5668240761315515
3 4.803803803803804 0.5672488431243199
3 4.822822822822824 0.5676700111587454
3 4.841841841841842 0.5680876257897609
3 4.8608608608608606 0.5685017318783001
3 4.87987987987988 0.5689123734103065
3 4.898898898898899 0.5693195936619139
3 4.917917917917919 0.56972343520919
3 4.936936936936937 0.5701239399928365
3 4.9559559559559565 0.570521149110008
3 4.974974974974975 0.5709151031537048
3 4.993993993993994 0.5713058419099037
3 5.013013013013014 0.5716934046344544
3 5.032032032032032 0.5720778298498133
3 5.051051051051052 0.5724591555417361
3 5.07007007007007 0.572837419025825
3 5.089089089089089 0.5732126569789583
3 5.108108108108109 0.5735849056474551
3 5.127127127127127 0.5739542005957436
3 5.146146146146147 0.5743205768041141
3 5.165165165165165 0.574684068791807
3 5.1841841841841845 0.5750447103830751
3 5.203203203203204 0.5754025351139828
3 5.222222222222222 0.5757575757344137
3 5.241241241241242 0.5761098646998654
3 5.26026026026026 0.5764594338219224
3 5.2792792792792795 0.5768063145211179
3 5.298298298298299 0.5771505376151227
3 5.317317317317317 0.5774921336434037
3 5.336336336336337 0.5778311324621154
3 5.355355355355356 0.5781675636191298
3 5.374374374374375 0.5785014561882373
3 5.393393393393394 0.5788328387740206
3 5.412412412412412 0.5791617395743112
3 5.431431431431432 0.579488186381571
3 5.450450450450451 0.5798122065779684
3 5.46946946946947 0.580133827036856
3 5.488488488488489 0.5804530744090813
3 5.5075075075075075 0.5807699748327039
3 5.526526526526527 0.5810845541082763
3 5.545545545545546 0.5813968375952757
3 5.564564564564565 0.5817068503633757
3 5.583583583583584 0.582014617103397
3 5.602602602602603 0.5823201621136653
3 5.621621621621622 0.5826235093746794
3 5.640640640640641 0.5829246824871958
3 5.65965965965966 0.5832237048344464
3 5.678678678678679 0.5835205992405781
3 5.6976976976976985 0.5838153884379045
3 5.716716716716717 0.5841080946983094
3 5.735735735735736 0.5843987400336167
3 5.754754754754755 0.5846873461129045
3 5.773773773773774 0.5849739343874417
3 5.792792792792794 0.5852585258431708
3 5.811811811811812 0.5855411413745513
3 5.830830830830831 0.5858218014035164
3 5.84984984984985 0.5861005262319067
3 5.868868868868869 0.5863773357361378
3 5.887887887887889 0.5866522496654009
3 5.906906906906907 0.5869252873455919
3 5.9259259259259265 0.5871964679843955
3 5.944944944944945 0.5874658104485027
3 5.963963963963964 0.5877333333248421
3 5.982982982982984 0.5879990550256581
3 6.002002002002002 0.5882629936838525
3 6.0210210210210215 0.5885251671868632
3 6.04004004004004 0.5887855931841985
3 6.059059059059059 0.5890442890288539
3 6.078078078078079 0.5893012719965686
3 6.097097097097097 0.5895565590008122
3 6.116116116116117 0.5898101667651248
3 6.135135135135136 0.5900621118101855
3 6.1541541541541545 0.5903124104285742
3 6.173173173173174 0.5905610787365944
3 6.192192192192192 0.5908081325803801
3 6.211211211211212 0.5910535876438836
3 6.230230230230231 0.5912974593692986
3 6.2492492492492495 0.5915397631255355
3 6.268268268268269 0.5917805138558645
3 6.287287287287287 0.5920197265145923
3 6.306306306306307 0.5922574158180206
3 6.325325325325326 0.5924935961576467
3 6.344344344344345 0.5927282819604582
3 6.363363363363364 0.5929614873825872
3 6.382382382382382 0.5931932263222084
3 6.401401401401402 0.593423512602825
3 6.420420420420421 0.5936523597957395
3 6.43943943943944 0.5938797814074428
3 6.458458458458459 0.594105790709285
3 6.477477477477478 0.5943304007533998
3 6.496496496496497 0.5945536245884453
3 6.515515515515516 0.5947754749627385
3 6.534534534534535 0.5949959644893323
3 6.553553553553554 0.5952151056845056
3 6.572572572572573 0.5954329108581689
3 6.591591591591592 0.5956493921932167
3 6.610610610610611 0.5958645617313441
3 6.62962962962963 0.5960784313685071
3 6.648648648648649 0.596291012839368
3 6.6676676676676685 0.5965023177424542
3 6.686686686686687 0.5967123575504473
3 6.705705705705706 0.5969211435855185
3 6.724724724724725 0.5971286870347694
3 6.743743743743744 0.5973349989540699
3 6.762762762762764 0.5975400903069128
3 6.781781781781782 0.5977439718402736
3 6.800800800800801 0.5979466543000265
3 6.81981981981982 0.5981481481380897
3 6.838838838838839 0.5983484638544135
3 6.857857857857859 0.5985476117279938
3 6.876876876876877 0.5987456019414928
3 6.8958958958958965 0.5989424445745194
3 6.914914914914916 0.5991381495499574
3 6.933933933933934 0.5993327267201134
3 6.952952952952954 0.5995261857966038
3 6.971971971971972 0.5997185363934018
3 6.9909909909909915 0.5999097879926315
3 7.010010010010011 0.6000999501229397
3 7.029029029029029 0.6002890317495011
3 7.048048048048049 0.6004770423344367
3 7.067067067067067 0.6006639907541121
3 7.086086086086087 0.600849886235121
3 7.105105105105106 0.6010347375090779
3 7.124124124124124 0.60121855346889
3 7.143143143143144 0.601401342549153
3 7.162162162162162 0.6015831135549987
3 7.181181181181182 0.6017638747652065
3 7.200200200200201 0.60194363472814
3 7.2192192192192195 0.6021224015230818
3 7.238238238238239 0.6023001836119548
3 7.257257257257257 0.602476988942604
3 7.276276276276277 0.6026528257441565
3 7.295295295295296 0.602827701787638
3 7.314314314314315 0.6030016250779523
3 7.333333333333334 0.6031746031651253
3 7.352352352352353 0.6033466438525243
3 7.371371371371372 0.6035177548094677
3 7.390390390390391 0.6036879433626151
3 7.40940940940941 0.603857216931189
3 7.428428428428429 0.6040255831487812
3 7.447447447447448 0.6041930491201709
3 7.466466466466467 0.6043596219318539
3 7.485485485485486 0.6045253089664249
3 7.504504504504505 0.6046901172420589
3 7.523523523523524 0.6048540535363011
3 7.542542542542543 0.6050171248928985
3 7.561561561561562 0.6051793381523599
3 7.580580580580581 0.6053406999152758
3 7.5995995995996 0.6055012168662832
3 7.618618618618619 0.6056608958387923
3 7.6376376376376385 0.6058197432797092
3 7.656656656656657 0.6059777655276516
3 7.675675675675676 0.6061349692227186
3 7.694694694694695 0.6062913607092245
3 7.713713713713714 0.6064469460840309
3 7.7327327327327335 0.6066017316136579
3 7.751751751751752 0.606755723581627
3 7.770770770770771 0.6069089278576457
3 7.789789789789791 0.6070613506075182
3 7.808808808808809 0.607212997666248
3 7.827827827827829 0.6073638751521787
3 7.846846846846847 0.6075139887124268
3 7.8658658658658664 0.6076633443156386
3 7.884884884884886 0.6078119475768711
3 7.903903903903904 0.6079598043104308
3 7.922922922922924 0.6081069198972006
3 7.941941941941942 0.6082533000906796
3 7.9609609609609615 0.6083989502294558
3 7.979979979979981 0.6085438758096159
3 7.998998998998999 0.6086880821785016
3 8.018018018018019 0.6088315748385827
3 8.037037037037038 0.6089743589623716
3 8.056056056056057 0.609116439838838
3 8.075075075075077 0.6092578225998226
3 8.094094094094094 0.609398512414223
3 8.113113113113114 0.6095385143118524
3 8.132132132132133 0.6096778334104673
3 8.15115115115115 0.6098164746008334
3 8.17017017017017 0.609954442891681
3 8.18918918918919 0.6100917431060568
3 8.208208208208209 0.6102283801451429
3 8.227227227227228 0.6103643587756371
3 8.246246246246248 0.6104996837312663
3 8.265265265265267 0.6106343597413437
3 8.284284284284285 0.6107683914603486
3 8.303303303303304 0.6109017834827698
3 8.322322322322323 0.6110345403762881
3 8.34134134134134 0.6111666666787805
3 8.36036036036036 0.6112981668669533
3 8.37937937937938 0.6114290453711363
3 8.398398398398399 0.6115593066162628
3 8.417417417417418 0.6116889549191339
3 8.436436436436438 0.6118179946443096
3 8.455455455455457 0.6119464300210808
3 8.474474474474475 0.6120742653431461
3 8.493493493493494 0.612201504739536
3 8.512512512512513 0.6123281524147399
3 8.531531531531531 0.6124542124517428
3 8.55055055055055 0.6125796889625155
3 8.56956956956957 0.6127045859701687
3 8.588588588588589 0.6128289074881409
3 8.607607607607608 0.6129526574739425
3 8.626626626626628 0.6130758398705329
3 8.645645645645647 0.6131984585642895
3 8.664664664664667 0.6133205174389553
3 8.683683683683684 0.6134420203052636
3 8.702702702702704 0.6135629709306336
3 8.721721721721721 0.6136833731001018
3 8.74074074074074 0.6138032305298464
3 8.75975975975976 0.6139225469045245
3 8.77877877877878 0.6140413259124626
3 8.797797797797799 0.6141595711087943
3 8.816816816816818 0.6142772861449735
3 8.835835835835837 0.6143944745363713
3 8.854854854854857 0.614511139820818
3 8.873873873873874 0.6146272855009742
3 8.892892892892894 0.6147429150536613
3 8.911911911911913 0.6148580318951927
3 8.93093093093093 0.6149726394315504
3 8.94994994994995 0.6150867410223523
3 8.96896896896897 0.6152003400248487
3 8.987987987987989 0.6153134397316874
3 9.007007007007008 0.6154260434526106
3 9.026026026026027 0.6155381544572207
3 9.045045045045045 0.6156497759359055
3 9.064064064064064 0.6157609111048935
3 9.083083083083084 0.6158715631405973
3 9.102102102102103 0.6159817351587425
3 9.121121121121122 0.6160914303030148
3 9.14014014014014 0.6162006516617472
3 9.15915915915916 0.6163094022861246
3 9.178178178178179 0.6164176852356175
3 9.197197197197198 0.6165255034779992
3 9.216216216216218 0.6166328600307835
3 9.235235235235235 0.6167397578602871
3 9.254254254254255 0.6168461998808945
3 9.273273273273274 0.6169521890086606
3 9.292292292292293 0.6170577281291624
3 9.311311311311313 0.6171628200803028
3 9.33033033033033 0.6172674677466703
3 9.34934934934935 0.6173716738689065
3 9.368368368368369 0.6174754413150055
3 9.387387387387388 0.6175787727953665
3 9.406406406406408 0.6176816710894698
3 9.425425425425425 0.6177841388631906
3 9.444444444444445 0.6178861788587718
3 9.463463463463464 0.6179877937476438
3 9.482482482482483 0.6180889861373554
3 9.501501501501503 0.6181897586989358
3 9.52052052052052 0.6182901140328348
3 9.53953953953954 0.6183900547394284
3 9.558558558558559 0.6184895833271321
3 9.577577577577578 0.6185887024135558
3 9.596596596596598 0.6186874144501897
3 9.615615615615617 0.6187857219846784
3 9.634634634634635 0.618883627499715
3 9.653653653653654 0.6189811334481462
3 9.672672672672673 0.6190782422338832
3 9.691691691691693 0.6191749563294011
3 9.710710710710712 0.6192712781060792
3 9.72972972972973 0.6193672099656409
3 9.74874874874875 0.6194627542604415
3 9.767767767767769 0.6195579133436853
3 9.786786786786788 0.6196526895401712
3 9.805805805805807 0.6197470851359574
3 9.824824824824825 0.6198411024430764
3 9.843843843843844 0.6199347437160562
3 9.862862862862864 0.6200280112022449
3 9.881881881881883 0.6201209071481785
3 9.900900900900902 0.6202134337817422
3 9.91991991991992 0.6203055932660906
3 9.93893893893894 0.6203973878108628
3 9.957957957957959 0.6204888195633171
3 9.976976976976978 0.6205798906690325
3 9.995995995995997 0.6206706032543117
3 10.015015015015015 0.6207609594756568
3 10.034034034034034 0.6208509613753814
3 10.053053053053054 0.6209406110570871
3 10.072072072072073 0.6210299105662883
3 10.091091091091092 0.6211188620047677
3 10.11011011011011 0.6212074673166491
3 10.12912912912913 0.6212957285958264
3 10.148148148148149 0.6213836478027316
3 10.167167167167168 0.6214712269216698
3 10.186186186186188 0.621558467956495
3 10.205205205205205 0.6216453728281199
3 10.224224224224224 0.6217319434660248
3 10.243243243243244 0.6218181818196736
3 10.262262262262263 0.6219040897946444
3 10.281281281281283 0.6219896692845595
3 10.3003003003003 0.6220749221675197
3 10.31931931931932 0.6221598503169731
3 10.338338338338339 0.6222444555586263
3 10.357357357357358 0.6223287397635855
3 10.376376376376378 0.6224127047328478
3 10.395395395395397 0.6224963523007656
3 10.414414414414415 0.6225796842399357
3 10.433433433433434 0.6226627023425096
3 10.452452452452453 0.6227454083882977
3 10.471471471471473 0.6228278041034093
3 10.490490490490492 0.6229098912678674
3 10.50950950950951 0.622991671578434
3 10.528528528528529 0.6230731467879993
3 10.547547547547548 0.6231543185584327
3 10.566566566566568 0.6232351886305939
3 10.585585585585587 0.6233157586431141
3 10.604604604604605 0.6233960302767744
3 10.623623623623624 0.6234760051903577
3 10.642642642642643 0.6235556850251778
3 10.661661661661663 0.6236350713971068
3 10.680680680680682 0.6237141659363566
3 10.6996996996997 0.6237929702659021
3 10.71871871871872 0.623871485953144
3 10.737737737737739 0.6239497145881358
3 10.756756756756758 0.6240276577395231
3 10.775775775775777 0.6241053169708966
3 10.794794794794795 0.6241826938427396
3 10.813813813813814 0.624259789880041
3 10.832832832832834 0.6243366066181433
3 10.851851851851853 0.6244131455528065
3 10.870870870870872 0.6244894081982231
3 10.88988988988989 0.6245653960433615
3 10.90890890890891 0.6246411105873674
3 10.927927927927929 0.6247165532825752
3 10.946946946946948 0.624791725595405
3 10.965965965965967 0.62486662900429
3 10.984984984984985 0.6249412649166416
3 11.004004004004004 0.6250156347720935
3 11.023023023023024 0.6250897399919279
3 11.042042042042043 0.6251635819732517
3 11.061061061061062 0.6252371621404703
3 11.08008008008008 0.6253104818776293
3 11.0990990990991 0.6253835425441198
3 11.118118118118119 0.625456345519494
3 11.137137137137138 0.625528892185913
3 11.156156156156158 0.6256011838736071
3 11.175175175175177 0.6256732219240413
3 11.194194194194194 0.6257450076746587
3 11.213213213213214 0.6258165424591601
3 11.232232232232233 0.6258878275764039
3 11.251251251251253 0.6259588643414136
3 11.270270270270272 0.6260296540497621
3 11.28928928928929 0.6261001979534113
3 11.308308308308309 0.6261704973849276
3 11.327327327327328 0.6262405535884341
3 11.346346346346348 0.6263103678174704
3 11.365365365365367 0.6263799413230694
3 11.384384384384385 0.62644927535998
3 11.403403403403404 0.6265183711714153
3 11.422422422422423 0.6265872299440193
3 11.441441441441443 0.626655852930866
3 11.460460460460462 0.6267242413339189
3 11.47947947947948 0.626792396350164
3 11.498498498498499 0.6268603191794473
3 11.517517517517518 0.6269280109761143
3 11.536536536536538 0.6269954729563832
3 11.555555555555557 0.6270627062797443
3 11.574574574574575 0.6271297120697109
3 11.593593593593594 0.6271964915390447
3 11.612612612612613 0.6272630457989975
3 11.631631631631633 0.6273293759796169
3 11.650650650650652 0.6273954832193298
3 11.66966966966967 0.6274613686561846
3 11.68868868868869 0.6275270333815449
3 11.707707707707709 0.6275924785129553
3 11.726726726726728 0.6276577051450607
3 11.745745745745747 0.6277227143852832
3 11.764764764764765 0.627787507306358
3 11.783783783783784 0.6278520849687091
3 11.802802802802804 0.6279164484771416
3 11.821821821821823 0.6279805988782763
3 11.840840840840842 0.6280445372315631
3 11.85985985985986 0.6281082645879257
3 11.87887887887888 0.6281717819833411
3 11.897897897897899 0.6282350904561129
3 11.916916916916918 0.6282981910472828
3 11.935935935935937 0.628361084747714
3 11.954954954954957 0.6284237726015319
3 11.973973973973974 0.6284862556257929
3 11.992992992992994 0.628548534790395
3 12.012012012012013 0.6286106111311283
3 12.031031031031032 0.6286724856078793
3 12.050050050050052 0.6287341591871162
3 12.06906906906907 0.6287956328926342
3 12.088088088088089 0.6288569076534103
3 12.107107107107108 0.6289179844625487
3 12.126126126126128 0.6289788642785024
3 12.145145145145147 0.6290395480222875
3 12.164164164164164 0.6291000366685451
3 12.183183183183184 0.6291603311389262
3 12.202202202202203 0.6292204323788037
3 12.221221221221223 0.6292803413190551
3 12.240240240240242 0.6293400588580748
3 12.25925925925926 0.6293995859206324
3 12.278278278278279 0.6294589234311847
3 12.297297297297298 0.6295180722906404
3 12.316316316316318 0.6295770333916467
3 12.335335335335337 0.6296358076163052
3 12.354354354354355 0.6296943958740983
3 12.373373373373374 0.629752799017644
3 12.392392392392393 0.6298110179594022
3 12.411411411411413 0.6298690535414071
3 12.430430430430432 0.6299269066362376
3 12.44944944944945 0.6299845781069189
3 12.468468468468469 0.6300420688046606
3 12.487487487487488 0.63009937955372
3 12.506506506506508 0.6301565112483695
3 12.525525525525527 0.6302134646889878
3 12.544544544544545 0.6302702407362736
3 12.563563563563564 0.6303268401907698
3 12.582582582582583 0.6303832638772906
3 12.601601601601603 0.6304395126181854
3 12.620620620620622 0.630495587231635
3 12.63963963963964 0.6305514885291984
3 12.65865865865866 0.6306072173003513
3 12.677677677677679 0.6306627743610919
3 12.696696696696698 0.6307181604724225
3 12.715715715715717 0.6307733764500083
3 12.734734734734735 0.6308284230576872
3 12.753753753753754 0.6308833010896673
3 12.772772772772774 0.6309380113046295
3 12.791791791791793 0.6309925545045459
3 12.810810810810812 0.6310469314173232
3 12.829829829829832 0.6311011427976814
3 12.84884884884885 0.6311551894265159
3 12.867867867867869 0.6312090720325972
3 12.886886886886888 0.6312627913776288
3 12.905905905905907 0.6313163481945258
3 12.924924924924927 0.6313697432263352
3 12.943943943943944 0.6314229771903012
3 12.962962962962964 0.631476050830569
3 12.981981981981983 0.6315289648637548
3 13.001001001001002 0.6315817200043434
3 13.020020020020022 0.6316343169833997
3 13.03903903903904 0.6316867564816091
3 13.058058058058059 0.6317390392342418
3 13.077077077077078 0.6317911659173874
3 13.096096096096097 0.631843137250393
3 13.115115115115117 0.6318949539350102
3 13.134134134134134 0.6319466166169267
3 13.153153153153154 0.6319981260273363
3 13.172172172172173 0.6320494828231635
3 13.191191191191193 0.632100687690616
3 13.210210210210212 0.6321517412974066
3 13.22922922922923 0.6322026443103375
3 13.248248248248249 0.6322533974052471
3 13.267267267267268 0.6323040012427636
3 13.286286286286288 0.6323544564658518
3 13.305305305305307 0.6324047637426247
3 13.324324324324325 0.632454923715258
3 13.343343343343344 0.6325049370425853
3 13.362362362362363 0.6325548043430462
3 13.381381381381383 0.6326045262837472
3 13.400400400400402 0.6326541034518006
3 13.41941941941942 0.6327035365432833
3 13.438438438438439 0.6327528261477415
3 13.457457457457458 0.632801972901342
3 13.476476476476478 0.6328509774077077
3 13.495495495495497 0.6328998402952426
3 13.514514514514515 0.6329485621690031
3 13.533533533533534 0.632997143652176
3 13.552552552552553 0.6330455853301571
3 13.571571571571573 0.6330938878336257
3 13.590590590590592 0.633142051754841
3 13.609609609609612 0.6331900776624526
3 13.62862862862863 0.6332379661737216
3 13.647647647647648 0.6332857178688663
3 13.666666666666668 0.6333333333396732
3 13.685685685685687 0.6333808131554756
3 13.704704704704707 0.6334281579065875
3 13.723723723723724 0.6334753681751093
3 13.742742742742744 0.633522444509898
3 13.761761761761763 0.6335693875046172
3 13.780780780780782 0.6336161977049963
3 13.799799799799802 0.6336628756875823
3 13.81881881881882 0.6337094220071582
3 13.837837837837839 0.6337558372294104
3 13.856856856856858 0.6338021218847866
3 13.875875875875877 0.633848276544308
3 13.894894894894897 0.6338943017426995
3 13.913913913913914 0.6339401980268948
3 13.932932932932934 0.6339859659440656
3 13.951951951951953 0.6340316060268761
3 13.970970970970972 0.634077118797756
3 13.989989989989992 0.6341225048324718
3 14.00900900900901 0.6341677646018629
3 14.028028028028029 0.6342128986641485
3 14.047047047047048 0.6342579075391876
3 14.066066066066067 0.6343027917554637
3 14.085085085085087 0.6343475518026536
3 14.104104104104104 0.6343921882186786
3 14.123123123123124 0.6344367015073595
3 14.142142142142143 0.6344810921921724
3 14.161161161161163 0.6345253607508687
3 14.180180180180182 0.6345695077028667
3 14.1991991991992 0.6346135335399801
3 14.218218218218219 0.6346574387769834
3 14.237237237237238 0.6347012238992142
3 14.256256256256258 0.6347448893901638
3 14.275275275275277 0.6347884357645044
3 14.294294294294295 0.6348318634869855
3 14.313313313313314 0.6348751730349955
3 14.332332332332333 0.6349183649131775
3 14.351351351351353 0.6349614395938881
3 14.370370370370372 0.6350043975330364
3 14.38938938938939 0.6350472392399716
3 14.408408408408409 0.63508996515036
3 14.427427427427428 0.635132575759893
3 14.446446446446448 0.6351750715190251
3 14.465465465465467 0.6352174528925032
3 14.484484484484486 0.6352597203522471
3 14.503503503503504 0.6353018743528682
3 14.522522522522523 0.635343915340734
3 14.541541541541543 0.6353858437889128
3 14.560560560560562 0.6354276601202039
3 14.579579579579582 0.6354693648178193
3 14.598598598598599 0.6355109582945697
3 14.617617617617618 0.6355524410287712
3 14.636636636636638 0.6355938134189635
3 14.655655655655657 0.6356350759608407
3 14.674674674674677 0.6356762290336905
3 14.693693693693694 0.6357172731005336
3 14.712712712712714 0.6357582086082874
3 14.731731731731733 0.6357990359671648
3 14.750750750750752 0.6358397556036334
3 14.769769769769772 0.6358803679631604
3 14.78878878878879 0.6359208734378713
3 14.807807807807809 0.6359612724771486
3 14.826826826826828 0.6360015654860753
3 14.845845845845847 0.6360417528927879
3 14.864864864864867 0.6360818350931151
3 14.883883883883884 0.6361218125114289
3 14.902902902902904 0.6361616855615404
3 14.921921921921923 0.6362014546533653
3 14.940940940940942 0.6362411201694094
3 14.959959959959962 0.6362806825462367
3 14.97897897897898 0.6363201421599726
3 14.997997997997999 0.6363594994378345
3 15.017017017017018 0.6363987547392876
3 15.036036036036037 0.6364379085013797
3 15.055055055055057 0.636476961095415
3 15.074074074074074 0.636515912803353
3 15.093093093093094 0.6365547642375688
3 15.112112112112113 0.636593515652964
3 15.131131131131133 0.6366321674780812
3 15.150150150150152 0.6366707200780839
3 15.16916916916917 0.6367091739113929
3 15.188188188188189 0.6367475292005054
3 15.207207207207208 0.636785786394114
3 15.226226226226228 0.6368239458729885
3 15.245245245245247 0.636862008009691
3 15.264264264264266 0.6368999731782192
3 15.283283283283284 0.6369378418595429
3 15.302302302302303 0.6369756142068398
3 15.321321321321323 0.6370132906859695
3 15.340340340340342 0.6370508716739066
3 15.359359359359361 0.6370883575323073
3 15.378378378378379 0.6371257485008051
3 15.397397397397398 0.637163045172858
3 15.416416416416418 0.6372002477622737
3 15.435435435435437 0.6372373566696076
3 15.454454454454456 0.6372743722106303
3 15.473473473473474 0.6373112946756132
3 15.492492492492493 0.6373481245702759
3 15.511511511511513 0.6373848621827656
3 15.530530530530532 0.6374215078272155
3 15.549549549549551 0.6374580618824377
3 15.568568568568569 0.6374945247389375
3 15.587587587587588 0.6375308966090583
3 15.606606606606608 0.6375671778674226
3 15.625625625625627 0.6376033688949341
3 15.644644644644647 0.6376394700223758
3 15.663663663663664 0.6376754816527389
3 15.682682682682684 0.6377114039416615
3 15.701701701701703 0.6377472373358527
3 15.720720720720722 0.6377829821411892
3 15.739739739739742 0.6378186386859027
3 15.75875875875876 0.6378542072268304
3 15.777777777777779 0.6378896882454735
3 15.796796796796798 0.6379250819949197
3 15.815815815815817 0.6379603887859056
3 15.834834834834837 0.6379956089325342
3 15.853853853853854 0.638030742677229
3 15.872872872872874 0.6380657905154551
3 15.891891891891893 0.6381007526552033
3 15.910910910910912 0.6381356294362596
3 15.929929929929932 0.6381704211394672
3 15.94894894894895 0.6382051282040447
3 15.967967967967969 0.6382397507279975
3 15.986986986986988 0.6382742891240474
3 16.006006006006007 0.6383087436909473
3 16.025025025025027 0.6383431147326266
3 16.044044044044046 0.6383774025684608
3 16.063063063063062 0.6384116074871031
3 16.08208208208208 0.6384457297786378
3 16.1011011011011 0.6384797697682498
3 16.12012012012012 0.6385137277231286
3 16.13913913913914 0.6385476039610555
3 16.15815815815816 0.6385813987813087
3 16.177177177177178 0.638615112461436
3 16.196196196196198 0.638648745289041
3 16.215215215215217 0.6386822975765822
3 16.234234234234236 0.6387157695982404
3 16.253253253253256 0.6387491616396601
3 16.272272272272275 0.6387824739901112
3 16.291291291291294 0.6388157069317002
3 16.310310310310314 0.638848860761142
3 16.329329329329333 0.6388819357493489
3 16.34834834834835 0.6389149321883049
3 16.36736736736737 0.6389478503334739
3 16.386386386386388 0.6389806904842574
3 16.405405405405407 0.6390134529126613
3 16.424424424424426 0.63904613789458
3 16.443443443443442 0.6390787457018585
3 16.46246246246246 0.6391112766088916
3 16.48148148148148 0.6391437308867739
3 16.5005005005005 0.6391761088105125
3 16.51951951951952 0.6392084106411893
3 16.53853853853854 0.6392406366460667
3 16.55755755755756 0.6392727870949105
3 16.576576576576578 0.6393048622617467
3 16.595595595595597 0.6393368624036864
3 16.614614614614617 0.6393687877777673
3 16.633633633633636 0.6394006386725237
3 16.652652652652655 0.6394324153041225
3 16.671671671671675 0.6394641179554922
3 16.690690690690694 0.6394957468971411
3 16.709709709709713 0.639527302360497
3 16.72872872872873 0.6395587846221731
3 16.74774774774775 0.6395901939220858
3 16.766766766766768 0.6396215305275341
3 16.785785785785787 0.6396527946751412
3 16.804804804804807 0.6396839866315662
3 16.823823823823826 0.6397151066329406
3 16.842842842842842 0.6397461549310048
3 16.86186186186186 0.6397771317794901
3 16.88088088088088 0.6398080374227014
3 16.8998998998999 0.6398388721024346
3 16.91891891891892 0.6398696360697655
3 16.93793793793794 0.6399003295498871
3 16.956956956956958 0.6399309528080623
3 16.975975975975977 0.6399615060732684
3 16.994994994994997 0.6399919895847312
3 17.014014014014016 0.6400224035820048
3 17.033033033033036 0.6400527483063626
3 17.052052052052055 0.640083023985078
3 17.07107107107107 0.6401132308667093
3 17.09009009009009 0.6401433691782563
3 17.10910910910911 0.6401734391479822
3 17.12812812812813 0.6402034410129868
3 17.147147147147148 0.6402333750052217
3 17.166166166166168 0.6402632413520387
3 17.185185185185187 0.6402930402920917
3 17.204204204204206 0.6403227720425628
3 17.223223223223226 0.6403524368369992
3 17.242242242242245 0.6403820348917183
3 17.261261261261264 0.6404115664390043
3 17.28028028028028 0.6404410316949934
3 17.2992992992993 0.6404704309005339
3 17.31831831831832 0.6404997642658633
3 17.33733733733734 0.6405290320070719
3 17.356356356356358 0.6405582343548242
3 17.375375375375377 0.6405873715068032
3 17.394394394394396 0.6406164437173815
3 17.413413413413416 0.6406454511689513
3 17.432432432432435 0.6406743941029568
3 17.451451451451454 0.6407032727097405
3 17.47047047047047 0.6407320872245625
3 17.48948948948949 0.6407608378597199
3 17.50850850850851 0.64078952481313
3 17.52752752752753 0.6408181483031897
3 17.546546546546548 0.6408467085350446
3 17.565565565565567 0.6408752057311234
3 17.584584584584587 0.6409036400985906
3 17.603603603603606 0.6409320118237963
3 17.622622622622625 0.6409603211300074
3 17.641641641641645 0.640988568242387
3 17.66066066066066 0.6410167533244091
3 17.67967967967968 0.6410448766032003
3 17.6986986986987 0.6410729382800768
3 17.71771771771772 0.6411009385568188
3 17.736736736736738 0.6411288776473019
3 17.755755755755757 0.6411567557196947
3 17.774774774774777 0.6411845729999115
3 17.793793793793796 0.6412123296831553
3 17.812812812812815 0.6412400259601735
3 17.831831831831835 0.6412676620273938
3 17.85085085085085 0.6412952380954537
3 17.86986986986987 0.6413227543429872
3 17.88888888888889 0.6413502109765996
3 17.90790790790791 0.6413776081759205
3 17.926926926926928 0.6414049461446568
3 17.945945945945947 0.6414322250635245
3 17.964964964964967 0.6414594451410881
3 17.983983983983986 0.6414866065518586
3 18.003003003003005 0.6415137094981477
3 18.022022022022025 0.6415407541574685
3 18.04104104104104 0.641567740719001
3 18.06006006006006 0.6415946693758752
3 18.07907907907908 0.6416215403146452
3 18.0980980980981 0.641648353711342
3 18.117117117117118 0.6416751097650997
3 18.136136136136138 0.6417018086382034
3 18.155155155155157 0.6417284505396343
3 18.174174174174176 0.6417550356264646
3 18.193193193193196 0.6417815641037229
3 18.212212212212215 0.6418080361295005
3 18.231231231231234 0.6418344518957678
3 18.25025025025025 0.6418608115825866
3 18.26926926926927 0.6418871153770944
3 18.28828828828829 0.6419133634317136
3 18.30730730730731 0.6419395559494122
3 18.326326326326328 0.6419656930936992
3 18.345345345345347 0.6419917750362034
3 18.364364364364366 0.6420178019579186
3 18.383383383383386 0.6420437740348852
3 18.402402402402405 0.6420696914291855
3 18.421421421421424 0.6420955543221988
3 18.44044044044044 0.6421213628933126
3 18.45945945945946 0.642147117295414
3 18.47847847847848 0.6421728177083789
3 18.4974974974975 0.6421984643149753
3 18.516516516516518 0.64222405725726
3 18.535535535535537 0.6422495967142503
3 18.554554554554556 0.6422750828536673
3 18.573573573573576 0.6423005158600089
3 18.592592592592595 0.6423258958714388
3 18.611611611611615 0.6423512230807995
3 18.63063063063063 0.6423764976247601
3 18.64964964964965 0.6424017196780849
3 18.66866866866867 0.6424268894148905
3 18.68768768768769 0.6424520069824795
3 18.706706706706708 0.642477072549714
3 18.725725725725727 0.64250208627736
3 18.744744744744747 0.642527048327803
3 18.763763763763766 0.6425519588673972
3 18.782782782782785 0.6425768180392323
3 18.801801801801805 0.642601626013378
3 18.82082082082082 0.6426263829507978
3 18.83983983983984 0.6426510889870983
3 18.85885885885886 0.6426757443125204
3 18.87787787787788 0.6427003490554397
3 18.896896896896898 0.6427249033861224
3 18.915915915915917 0.6427494074500595
3 18.934934934934937 0.6427738614182538
3 18.953953953953956 0.6427982654230706
3 18.972972972972975 0.6428226196259439
3 18.991991991991995 0.6428469241775181
3 19.011011011011014 0.6428711792303095
3 19.03003003003003 0.6428953849414357
3 19.04904904904905 0.6429195414536919
3 19.06806806806807 0.642943648925391
3 19.087087087087088 0.6429677074990442
3 19.106106106106107 0.642991717320396
3 19.125125125125127 0.6430156785435986
3 19.144144144144146 0.6430395913150179
3 19.163163163163166 0.6430634557798254
3 19.182182182182185 0.6430872720888459
3 19.201201201201204 0.6431110403730516
3 19.22022022022022 0.6431347607930897
3 19.23923923923924 0.6431584334887763
3 19.25825825825826 0.6431820586026895
3 19.27727727727728 0.6432056362815439
3 19.296296296296298 0.6432291666673015
3 19.315315315315317 0.643252649892652
3 19.334334334334336 0.6432760861156709
3 19.353353353353356 0.6432994754720771
3 19.372372372372375 0.6433228180889251
3 19.391391391391394 0.6433461141213345
3 19.41041041041041 0.6433693636962414
3 19.42942942942943 0.6433925669641398
3 19.44844844844845 0.6434157240644397
3 19.46746746746747 0.6434388351197924
3 19.486486486486488 0.6434619002822984
3 19.505505505505507 0.64348491968098
3 19.524524524524526 0.6435078934597782
3 19.543543543543546 0.6435308217322359
3 19.562562562562565 0.6435537046725758
3 19.581581581581585 0.643576542375351
3 19.6006006006006 0.6435993349950413
3 19.61961961961962 0.6436220826677403
3 19.63863863863864 0.6436447855047566
3 19.65765765765766 0.643667443666298
3 19.676676676676678 0.6436900572700511
3 19.695695695695697 0.6437126264440854
3 19.714714714714717 0.6437351513303619
3 19.733733733733736 0.6437576320390432
3 19.752752752752755 0.6437800687269669
3 19.771771771771775 0.6438024615044113
3 19.790790790790794 0.6438248105089669
3 19.80980980980981 0.6438471158585202
3 19.82882882882883 0.6438693776938789
3 19.84784784784785 0.6438915961364632
3 19.866866866866868 0.6439137713100589
3 19.885885885885887 0.6439359033401851
3 19.904904904904907 0.6439579923644037
3 19.923923923923926 0.6439800384897424
3 19.942942942942945 0.6440020418599655
3 19.961961961961965 0.6440240025868846
3 19.980980980980984 0.6440459207884642
3 20.0 0.6440677966105147
