5 1.0 1.9422163734408733e-15
5 1.019019019019019 0.03631151492559078
5 1.038038038038038 0.06946983612528433
5 1.057057057057057 0.09986859320654892
5 1.0760760760760761 0.12783851964568738
5 1.095095095095095 0.15365952284843562
5 1.1141141141141142 0.17757009342884275
5 1.1331331331331331 0.19977469008683005
5 1.1521521521521523 0.22044960153912915
5 1.1711711711711712 0.23974763387637002
5 1.1901901901901901 0.2578018994726577
5 1.2092092092092093 0.2747288858597788
5 1.2282282282282282 0.2906309752458589
5 1.2472472472472473 0.3055985150763459
5 1.2662662662662663 0.3197115385174914
5 1.2852852852852852 0.3330411919728541
5 1.3043043043043043 0.34565093773609407
5 1.3233233233233235 0.35759756417710803
5 1.3423423423423424 0.3689320389810628
5 1.3613613613613613 0.37970023679266207
5 1.3803803803803805 0.38994356109822903
5 1.3993993993993994 0.3996994739883554
5 1.4184184184184185 0.4090019569906297
5 1.4374374374374375 0.4178819030165369
5 1.4564564564564564 0.4263674615264677
5 1.4754754754754755 0.43448433572935574
5 1.4944944944944947 0.4422560430215016
5 1.5135135135135136 0.4497041418639297
5 1.5325325325325325 0.45684843271922365
5 1.5515515515515514 0.4637071324809022
5 1.5705705705705706 0.47029702978666454
5 1.5895895895895897 0.47663362329369635
5 1.6086086086086087 0.4827312424937859
5 1.6276276276276276 0.4886031560340961
5 1.6466466466466467 0.4942616677357346
5 1.6656656656656659 0.4997182040305453
5 1.6846846846846848 0.5049833886715649
5 1.7037037037037037 0.5100671140583402
5 1.7227227227227226 0.5149786019698924
5 1.7417417417417418 0.5197264596374302
5 1.760760760760761 0.5243187306326199
5 1.7797797797797799 0.5287629389959599
5 1.7987987987987988 0.5330661322925547
5 1.817817817817818 0.5372349171300028
5 1.8368368368368369 0.5412754935704546
5 1.855855855855856 0.5451936871663712
5 1.874874874874875 0.5489949748771671
5 1.8938938938938938 0.5526845118368602
5 1.912912912912913 0.5562671547574981
5 1.9319319319319321 0.559747482271927
5 1.950950950950951 0.5631298162559171
5 1.96996996996997 0.5664182376218515
5 1.9889889889889891 0.5696166041187253
5 2.008008008008008 0.5727285653466329
5 2.027027027027027 0.5757575757229485
5 2.046046046046046 0.5787069084654295
5 2.065065065065065 0.581579666557572
5 2.0840840840840844 0.5843787940105654
5 2.103103103103103 0.587107085812017
5 2.1221221221221223 0.589767197186107
5 2.141141141141141 0.5923616523725723
5 2.16016016016016 0.5948928525762668
5 2.1791791791791795 0.5973630832106194
5 2.1981981981981984 0.5997745208294809
5 2.2172172172172173 0.6021292399247624
5 2.2362362362362362 0.6044292181529761
5 2.255255255255255 0.6066763425338404
5 2.2742742742742745 0.6088724141923136
5 2.2932932932932935 0.6110191534921398
5 2.3123123123123124 0.6131182041836364
5 2.3313313313313317 0.6151711378319884
5 2.3503503503503502 0.617179457827771
5 2.3693693693693696 0.6191446028417714
5 2.3883883883883885 0.621067950362906
5 2.4074074074074074 0.6229508196684937
5 2.426426426426427 0.6247944755042592
5 2.4454454454454453 0.6266001301461643
5 2.4644644644644647 0.6283689466460504
5 2.4834834834834836 0.6301020408059412
5 2.5025025025025025 0.6318004840277748
5 2.521521521521522 0.6334653052441136
5 2.5405405405405403 0.6350974930129136
5 2.5595595595595597 0.6366979974816525
5 2.5785785785785786 0.6382677325095715
5 2.5975975975975976 0.6398075766414005
5 2.616616616616617 0.6413183758639625
5 2.635635635635636 0.642800944135844
5 2.6546546546546548 0.6442560655264019
5 2.6736736736736737 0.6456844950692766
5 2.6926926926926926 0.6470869606593145
5 2.711711711711712 0.6484641638223493
5 2.730730730730731 0.6498167809994393
5 2.74974974974975 0.6511454646779615
5 2.768768768768769 0.6524508446020447
5 2.7877877877877877 0.6537335285516056
5 2.806806806806807 0.6549941032870606
5 2.825825825825826 0.6562331353941144
5 2.844844844844845 0.6574511727448139
5 2.8638638638638643 0.6586487442563421
5 2.8828828828828827 0.6598263614789025
5 2.901901901901902 0.6609845190118209
5 2.920920920920921 0.6621236953295931
5 2.93993993993994 0.6632443532015817
5 2.9589589589589593 0.664346940491673
5 2.9779779779779783 0.6654318908711728
5 2.996996996996997 0.6664996241417872
5 3.016016016016016 0.667550546983472
5 3.035035035035035 0.6685850530231983
5 3.0540540540540544 0.669603524220922
5 3.0730730730730733 0.6706063303430295
5 3.0920920920920922 0.6715938303087156
5 3.111111111111111 0.6725663717801083
5 3.13013013013013 0.673524291832734
5 3.1491491491491495 0.6744679180310931
5 3.1681681681681684 0.6753975677353292
5 3.1871871871871873 0.6763135494999437
5 3.206206206206206 0.6772161623360171
5 3.2252252252252256 0.6781056967148653
5 3.2442442442442445 0.6789824349023849
5 3.2632632632632634 0.6798466510230636
5 3.2822822822822824 0.6806986117200932
5 3.3013013013013013 0.6815385756545004
5 3.3203203203203207 0.682366794312507
5 3.3393393393393396 0.6831835124005914
5 3.3583583583583585 0.6839889678142833
5 3.3773773773773774 0.6847833922130945
5 3.396396396396397 0.6855670103131365
5 3.4154154154154157 0.6863400413366832
5 3.4344344344344346 0.6871026981318934
5 3.4534534534534536 0.6878551883217808
5 3.4724724724724725 0.6885977139798709
5 3.491491491491492 0.6893304715239486
5 3.5105105105105108 0.6900536525899645
5 3.5295295295295297 0.6907674434645779
5 3.5485485485485486 0.6914720259804442
5 3.567567567567568 0.6921675773424733
5 3.586586586586587 0.6928542700022589
5 3.605605605605606 0.6935322720928352
5 3.6246246246246248 0.6942017474352675
5 3.6436436436436437 0.6948628559320909
5 3.662662662662663 0.695515753610241
5 3.681681681681682 0.6961605924935647
5 3.700700700700701 0.6967975207300063
5 3.71971971971972 0.6974266829300343
5 3.738738738738739 0.6980482204329985
5 3.757757757757758 0.6986622709017333
5 3.776776776776777 0.6992689689984549
5 3.795795795795796 0.6998684458466969
5 3.814814814814815 0.70046082950347
5 3.8338338338338342 0.701046245286609
5 3.852852852852853 0.7016248152781271
5 3.871871871871872 0.7021966591252863
5 3.890890890890891 0.7027618932391485
5 3.90990990990991 0.7033206314807867
5 3.9289289289289293 0.7038729853152227
5 3.9479479479479482 0.7044190635091625
5 3.966966966966967 0.7049589725275155
5 3.985985985985986 0.7054928162459333
5 4.005005005005005 0.7060206961526921
5 4.024024024024024 0.7065427118022332
5 4.043043043043044 0.707058960357099
5 4.062062062062062 0.7075695368173947
5 4.081081081081081 0.7080745341570823
5 4.1001001001001 0.7085740433584224
5 4.119119119119119 0.7090681533550982
5 4.138138138138139 0.7095569512969745
5 4.157157157157157 0.7100405222878323
5 4.176176176176177 0.7105189497707011
5 4.195195195195195 0.7109923153879973
5 4.2142142142142145 0.7114606990371688
5 4.233233233233234 0.7119241789666764
5 4.252252252252252 0.7123828317705189
5 4.271271271271272 0.7128367324637679
5 4.29029029029029 0.7132859545191618
5 4.3093093093093096 0.7137305699445895
5 4.328328328328329 0.7141706492049821
5 4.347347347347347 0.7146062613425979
5 4.366366366366367 0.7150374740922744
5 4.385385385385385 0.7154643537158012
5 4.404404404404405 0.7158869652273785
5 4.423423423423424 0.7163053723004889
5 4.442442442442443 0.7167196373729413
5 4.461461461461462 0.717129821643009
5 4.48048048048048 0.7175359851484032
5 4.4994994994995 0.7179381866740884
5 4.518518518518519 0.7183364839188133
5 4.537537537537538 0.7187309335156675
5 4.556556556556557 0.7191215908635076
5 4.575575575575575 0.719508510421021
5 4.594594594594595 0.7198917455757711
5 4.613613613613614 0.7202713487671759
5 4.6326326326326335 0.7206473712735469
5 4.651651651651652 0.7210198636407196
5 4.67067067067067 0.7213888752230083
5 4.68968968968969 0.7217544546775388
5 4.708708708708709 0.7221166496074584
5 4.7277277277277285 0.7224755068456835
5 4.746746746746747 0.7228310722670233
5 4.7657657657657655 0.7231833910113362
5 4.784784784784785 0.7235325072959016
5 4.803803803803804 0.7238784645986194
5 4.822822822822824 0.7242213056482419
5 4.841841841841842 0.7245610723140986
5 4.8608608608608606 0.7248978057701164
5 4.87987987987988 0.7252315464409482
5 4.898898898898899 0.7255623340986548
5 4.917917917917919 0.7258902077092985
5 4.936936936936937 0.7262152056511253
5 4.9559559559559565 0.7265373655565909
5 4.974974974974975 0.7268567244990664
5 4.993993993993994 0.7271733187674129
5 5.013013013013014 0.7274871841322053
5 5.032032032032032 0.7277983557715005
5 5.051051051051052 0.7281068681588132
5 5.07007007007007 0.7284127552805153
5 5.089089089089089 0.728716050482332
5 5.108108108108109 0.7290167865778643
5 5.127127127127127 0.7293149958065002
5 5.146146146146147 0.7296107098749443
5 5.165165165165165 0.7299039600165222
5 5.1841841841841845 0.7301947768330775
5 5.203203203203204 0.7304831905313702
5 5.222222222222222 0.7307692307708433
5 5.241241241241242 0.7310529267066391
5 5.26026026026026 0.7313343070658769
5 5.2792792792792795 0.7316134000801061
5 5.298298298298299 0.7318902335106596
5 5.317317317317317 0.7321648347031087
5 5.336336336336337 0.7324372305498268
5 5.355355355355356 0.7327074474799357
5 5.374374374374375 0.7329755115702012
5 5.393393393393394 0.7332414484279745
5 5.412412412412412 0.7335052833110454
5 5.431431431431432 0.7337670409692144
5 5.450450450450451 0.7340267459141616
5 5.46946946946947 0.7342844221436977
5 5.488488488488489 0.7345400933759687
5 5.5075075075075075 0.7347937828919388
5 5.526526526526527 0.7350455136524162
5 5.545545545545546 0.7352953082650918
5 5.564564564564565 0.7355431889722679
5 5.583583583583584 0.7357891776819117
5 5.602602602602603 0.7360332959902525
5 5.621621621621622 0.7362755651218139
5 5.640640640640641 0.7365160060422625
5 5.65965965965966 0.7367546393437286
5 5.678678678678679 0.7369914853375495
5 5.6976976976976985 0.7372265640292057
5 5.716716716716717 0.7374598951361424
5 5.735735735735736 0.7376914980681523
5 5.754754754754755 0.7379213919570048
5 5.773773773773774 0.7381495956326128
5 5.792792792792794 0.7383761276832009
5 5.811811811811812 0.738601006416774
5 5.830830830830831 0.7388242498405369
5 5.84984984984985 0.7390458757698496
5 5.868868868868869 0.739265901659963
5 5.887887887887889 0.7394843448531403
5 5.906906906906907 0.7397012222776406
5 5.9259259259259265 0.7399165507648335
5 5.944944944944945 0.7401303468447026
5 5.963963963963964 0.7403426268033064
5 5.982982982982984 0.7405534067220141
5 6.002002002002002 0.7407627024440181
5 6.0210210210210215 0.7409705295836952
5 6.04004004004004 0.741176903546581
5 6.059059059059059 0.7413818395276607
5 6.078078078078079 0.7415853524852679
5 6.097097097097097 0.7417874572108879
5 6.116116116116117 0.7419881682538718
5 6.135135135135136 0.7421875000002229
5 6.1541541541541545 0.7423854665964588
5 6.173173173173174 0.7425820820356803
5 6.192192192192192 0.7427773601104192
5 6.211211211211212 0.7429713144016836
5 6.230230230230231 0.7431639583262183
5 6.2492492492492495 0.7433553051241506
5 6.268268268268269 0.7435453678587224
5 6.287287287287287 0.7437341593947474
5 6.306306306306307 0.7439216924606697
5 6.325325325325326 0.7441079795857141
5 6.344344344344345 0.7442930331381707
5 6.363363363363364 0.7444768653586759
5 6.382382382382382 0.7446594882848699
5 6.401401401401402 0.7448409137967118
5 6.420420420420421 0.7450211536490556
5 6.43943943943944 0.745200219411974
5 6.458458458458459 0.74537812253609
5 6.477477477477478 0.745554874302884
5 6.496496496496497 0.7457304858475334
5 6.515515515515516 0.7459049681751353
5 6.534534534534535 0.7460783321552795
5 6.553553553553554 0.7462505884747369
5 6.572572572572573 0.7464217477334895
5 6.591591591591592 0.7465918203686723
5 6.610610610610611 0.7467608166997081
5 6.62962962962963 0.7469287469296978
5 6.648648648648649 0.7470956210872377
5 6.6676676676676685 0.7472614491132681
5 6.686686686686687 0.7474262408349981
5 6.705705705705706 0.7475900059026978
5 6.724724724724725 0.7477527539072693
5 6.743743743743744 0.7479144942752127
5 6.762762762762764 0.7480752363361282
5 6.781781781781782 0.7482349893076993
5 6.800800800800801 0.7483937623001213
5 6.81981981981982 0.748551564314087
5 6.838838838838839 0.7487084041889164
5 6.857857857857859 0.748864290746491
5 6.876876876876877 0.7490192326095315
5 6.8958958958958965 0.7491732383571631
5 6.914914914914916 0.7493263164598277
5 6.933933933933934 0.7494784752482644
5 6.952952952952954 0.7496297230056147
5 6.971971971971972 0.7497800678710771
5 6.9909909909909915 0.7499295179065959
5 7.010010010010011 0.7500780811491773
5 7.029029029029029 0.7502257652684773
5 7.048048048048049 0.7503725782363676
5 7.067067067067067 0.7505185276174228
5 7.086086086086087 0.7506636211389757
5 7.105105105105106 0.7508078662293584
5 7.124124124124124 0.7509512703950343
5 7.143143143143144 0.7510938408249574
5 7.162162162162162 0.7512355849225852
5 7.181181181181182 0.7513765096600242
5 7.200200200200201 0.7515166222437125
5 7.2192192192192195 0.7516559295887661
5 7.238238238238239 0.7517944387474267
5 7.257257257257257 0.7519321564257082
5 7.276276276276277 0.7520690895285926
5 7.295295295295296 0.7522052446718032
5 7.314314314314315 0.7523406285370464
5 7.333333333333334 0.75247524752422
5 7.352352352352353 0.7526091081614289
5 7.371371371371372 0.7527422169098777
5 7.390390390390391 0.7528745799421253
5 7.40940940940941 0.7530062035002001
5 7.428428428428429 0.7531370939362105
5 7.447447447447448 0.753267257245857
5 7.466466466466467 0.753396699452065
5 7.485485485485486 0.7535254266227986
5 7.504504504504505 0.7536534446656833
5 7.523523523523524 0.75378075933925
5 7.542542542542543 0.7539073764316448
5 7.561561561561562 0.7540333017577203
5 7.580580580580581 0.7541585408591214
5 7.5995995995996 0.7542830992713959
5 7.618618618618619 0.7544069827138036
5 7.6376376376376385 0.7545301965696047
5 7.656656656656657 0.7546527461955612
5 7.675675675675676 0.7547746370593093
5 7.694694694694695 0.7548958744800733
5 7.713713713713714 0.7550164635722784
5 7.7327327327327335 0.7551364095688801
5 7.751751751751752 0.755255717679699
5 7.770770770770771 0.7553743928297872
5 7.789789789789791 0.7554924401369741
5 7.808808808808809 0.7556098644641818
5 7.827827827827829 0.7557266709047132
5 7.846846846846847 0.755842864185874
5 7.8658658658658664 0.7559584492262478
5 7.884884884884886 0.756073430730406
5 7.903903903903904 0.7561878135031033
5 7.922922922922924 0.7563016020482496
5 7.941941941941942 0.7564148011530027
5 7.9609609609609615 0.7565274152015046
5 7.979979979979981 0.756639448837255
5 7.998998998998999 0.756750906435765
5 8.018018018018019 0.7568617925688667
5 8.037037037037038 0.7569721115513014
5 8.056056056056057 0.7570818677339448
5 8.075075075075077 0.7571910654029081
5 8.094094094094094 0.7572997088095256
5 8.113113113113114 0.7574078021754183
5 8.132132132132133 0.7575153496470025
5 8.15115115115115 0.7576223553790431
5 8.17017017017017 0.7577288234155243
5 8.18918918918919 0.757834757832501
5 8.208208208208209 0.7579401626157974
5 8.227227227227228 0.7580450417351229
5 8.246246246246248 0.7581493991018199
5 8.265265265265267 0.7582532386187779
5 8.284284284284285 0.75835656410062
5 8.303303303303304 0.7584593793893463
5 8.322322322322323 0.7585616882290542
5 8.34134134134134 0.7586634943592628
5 8.36036036036036 0.7587648014848286
5 8.37937937937938 0.7588656132603258
5 8.398398398398399 0.7589659333011213
5 8.417417417417418 0.7590657652106462
5 8.436436436436438 0.759165112531756
5 8.455455455455457 0.7592639787974431
5 8.474474474474475 0.7593623674789423
5 8.493493493493494 0.7594602820345371
5 8.512512512512513 0.7595577258849572
5 8.531531531531531 0.7596547024104843
5 8.55055055055055 0.7597512149638747
5 8.56956956956957 0.7598472668810926
5 8.588588588588589 0.7599428614391421
5 8.607607607607608 0.7600380019073145
5 8.626626626626628 0.7601326914871205
5 8.645645645645647 0.7602269334139762
5 8.664664664664667 0.760320730827823
5 8.683683683683684 0.7604140868797783
5 8.702702702702704 0.7605070046740848
5 8.721721721721721 0.7605994872814071
5 8.74074074074074 0.7606915377631365
5 8.75975975975976 0.7607831591267835
5 8.77877877877878 0.7608743543871327
5 8.797797797797799 0.7609651265023206
5 8.816816816816818 0.7610554784004037
5 8.835835835835837 0.761145412988186
5 8.854854854854857 0.7612349331863829
5 8.873873873873874 0.7613240418069133
5 8.892892892892894 0.7614127417220756
5 8.911911911911913 0.7615010356914388
5 8.93093093093093 0.7615889265412014
5 8.94994994994995 0.7616764169895426
5 8.96896896896897 0.7617635097935108
5 8.987987987987989 0.7618502076481432
5 9.007007007007008 0.7619365132185034
5 9.026026026026027 0.7620224291928989
5 9.045045045045045 0.7621079581800131
5 9.064064064064064 0.7621931027956789
5 9.083083083083084 0.7622778656231937
5 9.102102102102103 0.7623622492227078
5 9.121121121121122 0.762446256137958
5 9.14014014014014 0.7625298888784082
5 9.15915915915916 0.7626131499541859
5 9.178178178178179 0.7626960418120434
5 9.197197197197198 0.7627785669347064
5 9.216216216216218 0.7628607277335555
5 9.235235235235235 0.7629425266028894
5 9.254254254254255 0.7630239659523524
5 9.273273273273274 0.763105048123043
5 9.292292292292293 0.763185775492407
5 9.311311311311313 0.7632661503463678
5 9.33033033033033 0.7633461750116293
5 9.34934934934935 0.7634258517724465
5 9.368368368368369 0.7635051828890458
5 9.387387387387388 0.7635841705946224
5 9.406406406406408 0.7636628171287703
5 9.425425425425425 0.7637411246955544
5 9.444444444444445 0.7638190954767142
5 9.463463463463464 0.7638967316433701
5 9.482482482482483 0.7639740353383605
5 9.501501501501503 0.764051008705464
5 9.52052052052052 0.7641276538418409
5 9.53953953953954 0.7642039728556356
5 9.558558558558559 0.7642799678206943
5 9.577577577577578 0.7643556407946384
5 9.596596596596598 0.7644309938198569
5 9.615615615615617 0.764506028916869
5 9.634634634634635 0.7645807480945923
5 9.653653653653654 0.7646551533609053
5 9.672672672672673 0.7647292466511626
5 9.691691691691693 0.764803029962135
5 9.710710710710712 0.7648765052291395
5 9.72972972972973 0.7649496743662891
5 9.74874874874875 0.7650225392832827
5 9.767767767767769 0.7650951018669108
5 9.786786786786788 0.7651673640140445
5 9.805805805805807 0.7652393275809443
5 9.824824824824825 0.7653109944046923
5 9.843843843843844 0.765382366316973
5 9.862862862862864 0.7654534451526096
5 9.881881881881883 0.7655242326869834
5 9.900900900900902 0.7655947307182973
5 9.91991991991992 0.7656649410333447
5 9.93893893893894 0.7657348653762556
5 9.957957957957959 0.7658045054933246
5 9.976976976976978 0.7658738630998004
5 9.995995995995997 0.765942939936815
5 10.015015015015015 0.7660117376883809
5 10.034034034034034 0.7660802580483601
5 10.053053053053054 0.7661485026839877
5 10.072072072072073 0.766216473272028
5 10.091091091091092 0.7662841714507997
5 10.11011011011011 0.7663515988516936
5 10.12912912912913 0.7664187570889706
5 10.148148148148149 0.7664856477888131
5 10.167167167167168 0.7665522725349809
5 10.186186186186188 0.7666186329241677
5 10.205205205205205 0.7666847305062411
5 10.224224224224224 0.7667505668428123
5 10.243243243243244 0.7668161435003182
5 10.262262262262263 0.7668814619904988
5 10.281281281281283 0.7669465238445171
5 10.3003003003003 0.7670113305649652
5 10.31931931931932 0.7670758836546024
5 10.338338338338339 0.7671401846103599
5 10.357357357357358 0.7672042348911988
5 10.376376376376378 0.7672680359638293
5 10.395395395395397 0.7673315892737239
5 10.414414414414415 0.7673948962793542
5 10.433433433433434 0.7674579583858985
5 10.452452452452453 0.7675207770298048
5 10.471471471471473 0.7675833536163781
5 10.490490490490492 0.7676456895363432
5 10.50950950950951 0.7677077861711837
5 10.528528528528529 0.767769644912723
5 10.547547547547548 0.7678312671029992
5 10.566566566566568 0.7678926541184522
5 10.585585585585587 0.7679538072903817
5 10.604604604604605 0.7680147279566583
5 10.623623623623624 0.7680754174278728
5 10.642642642642643 0.768135877039636
5 10.661661661661663 0.7681961080783003
5 10.680680680680682 0.7682561118538396
5 10.6996996996997 0.7683158896287428
5 10.71871871871872 0.7683754426919068
5 10.737737737737739 0.7684347722991935
5 10.756756756756758 0.7684938797213433
5 10.775775775775777 0.7685527661882605
5 10.794794794794795 0.7686114329483801
5 10.813813813813814 0.7686698812175862
5 10.832832832832834 0.7687281122221503
5 10.851851851851853 0.7687861271687784
5 10.870870870870872 0.7688439272578812
5 10.88988988988989 0.7689015136801279
5 10.90890890890891 0.768958887610943
5 10.927927927927929 0.7690160502454171
5 10.946946946946948 0.7690730027215951
5 10.965965965965967 0.7691297462192179
5 10.984984984984985 0.7691862818817337
5 11.004004004004004 0.7692426108322503
5 11.023023023023024 0.769298734225393
5 11.042042042042043 0.7693546531767185
5 11.061061061061062 0.7694103687840177
5 11.08008008008008 0.7694658821776138
5 11.0990990990991 0.7695211944394816
5 11.118118118118119 0.7695763066686482
5 11.137137137137138 0.7696312199524235
5 11.156156156156158 0.7696859353677414
5 11.175175175175177 0.7697404539748692
5 11.194194194194194 0.7697947768283081
5 11.213213213213214 0.769848904984642
5 11.232232232232233 0.7699028394978229
5 11.251251251251253 0.7699565813954462
5 11.270270270270272 0.7700101317082398
5 11.28928928928929 0.7700634914678924
5 11.308308308308309 0.7701166616815702
5 11.327327327327328 0.7701696433570178
5 11.346346346346348 0.7702224375014108
5 11.365365365365367 0.7702750450932638
5 11.384384384384385 0.7703274671433422
5 11.403403403403404 0.7703797046125036
5 11.422422422422423 0.7704317584817312
5 11.441441441441443 0.7704836297204217
5 11.460460460460462 0.7705353192736286
5 11.47947947947948 0.7705868281059085
5 11.498498498498499 0.7706381571707904
5 11.517517517517518 0.7706893073942663
5 11.536536536536538 0.7707402797099152
5 11.555555555555557 0.7707910750546596
5 11.574574574574575 0.7708416943371688
5 11.593593593593594 0.7708921384712121
5 11.612612612612613 0.7709424083774369
5 11.631631631631633 0.770992504942526
5 11.650650650650652 0.7710424290759529
5 11.66966966966967 0.7710921816456138
5 11.68868868868869 0.7711417635608094
5 11.707707707707709 0.7711911756749873
5 11.726726726726728 0.7712404188705884
5 11.745745745745747 0.7712894940090196
5 11.764764764764765 0.7713384019465506
5 11.783783783783784 0.7713871435448368
5 11.802802802802804 0.7714357196489675
5 11.821821821821823 0.7714841310900327
5 11.840840840840842 0.7715323787148293
5 11.85985985985986 0.7715804633428696
5 11.87887887887888 0.7716283858152784
5 11.897897897897899 0.7716761469353142
5 11.916916916916918 0.7717237475175557
5 11.935935935935937 0.7717711883843945
5 11.954954954954957 0.7718184703281781
5 11.973973973973974 0.7718655941409879
5 11.992992992992994 0.7719125606212363
5 12.012012012012013 0.7719593705537472
5 12.031031031031032 0.7720060247325621
5 12.050050050050052 0.7720525239094556
5 12.06906906906907 0.7720988688780863
5 12.088088088088089 0.7721450603826074
5 12.107107107107108 0.7721910992002318
5 12.126126126126128 0.7722369860846166
5 12.145145145145147 0.7722827217824
5 12.164164164164164 0.7723283070495836
5 12.183183183183184 0.77237374261279
5 12.202202202202203 0.772419029212657
5 12.221221221221223 0.7724641675829956
5 12.240240240240242 0.7725091584523598
5 12.25925925925926 0.7725540025438349
5 12.278278278278279 0.7725987005576554
5 12.297297297297298 0.7726432532410328
5 12.316316316316318 0.7726876612590597
5 12.335335335335337 0.772731925352723
5 12.354354354354355 0.7727760461936019
5 12.373373373373374 0.7728200244855303
5 12.392392392392393 0.7728638609218125
5 12.411411411411413 0.7729075561855201
5 12.430430430430432 0.7729511109594663
5 12.44944944944945 0.7729945259146084
5 12.468468468468469 0.77303780172876
5 12.487487487487488 0.7730809390686678
5 12.506506506506508 0.7731239385911592
5 12.525525525525527 0.7731668009683849
5 12.544544544544545 0.7732095268427382
5 12.563563563563564 0.7732521168680732
5 12.582582582582583 0.7732945717020966
5 12.601601601601603 0.7733368919757474
5 12.620620620620622 0.7733790783298967
5 12.63963963963964 0.7734211314011921
5 12.65865865865866 0.7734630518165126
5 12.677677677677679 0.7735048402090694
5 12.696696696696698 0.77354649719356
5 12.715715715715717 0.7735880234047791
5 12.734734734734735 0.7736294194302257
5 12.753753753753754 0.7736706859079453
5 12.772772772772774 0.7737118234291342
5 12.791791791791793 0.7737528326049875
5 12.810810810810812 0.7737937140296154
5 12.829829829829832 0.7738344683079477
5 12.84884884884885 0.7738750960226083
5 12.867867867867869 0.7739155977692034
5 12.886886886886888 0.7739559741242049
5 12.905905905905907 0.773996225680175
5 12.924924924924927 0.7740363530010271
5 12.943943943943944 0.7740763566800805
5 12.962962962962964 0.7741162372664234
5 12.981981981981983 0.7741559953419194
5 13.001001001001002 0.774195631463651
5 13.020020020020022 0.774235146203037
5 13.03903903903904 0.7742745400965074
5 13.058058058058059 0.7743138137170386
5 13.077077077077078 0.7743529676078853
5 13.096096096096097 0.7743920023052153
5 13.115115115115117 0.7744309183644109
5 13.134134134134134 0.7744697163320465
5 13.153153153153154 0.7745083967260761
5 13.172172172172173 0.7745469600935868
5 13.191191191191193 0.7745854069592786
5 13.210210210210212 0.7746237378527412
5 13.22922922922923 0.7746619532981236
5 13.248248248248249 0.7747000538142698
5 13.267267267267268 0.7747380399242947
5 13.286286286286288 0.7747759121284153
5 13.305305305305307 0.7748136709620964
5 13.324324324324325 0.7748513169110619
5 13.343343343343344 0.774888850487161
5 13.362362362362363 0.7749262721911762
5 13.381381381381383 0.7749635825361026
5 13.400400400400402 0.7750007820110053
5 13.41941941941942 0.7750378710981695
5 13.438438438438439 0.7750748502991389
5 13.457457457457458 0.7751117201001063
5 13.476476476476478 0.7751484809869669
5 13.495495495495497 0.7751851334365136
5 13.514514514514515 0.775221677928088
5 13.533533533533534 0.7752581149491545
5 13.552552552552553 0.7752944449620637
5 13.571571571571573 0.7753306684318962
5 13.590590590590592 0.7753667858421786
5 13.609609609609612 0.775402797656767
5 13.62862862862863 0.7754387043238866
5 13.647647647647648 0.7754745063140603
5 13.666666666666668 0.7755102040816326
5 13.685685685685687 0.7755457980824636
5 13.704704704704707 0.7755812887663112
5 13.723723723723724 0.7756166765840128
5 13.742742742742744 0.7756519619743679
5 13.761761761761763 0.7756871454022967
5 13.780780780780782 0.775722227282932
5 13.799799799799802 0.7757572080778813
5 13.81881881881882 0.7757920882102228
5 13.837837837837839 0.775826868107939
5 13.856856856856858 0.7758615482187906
5 13.875875875875877 0.7758961289650389
5 13.894894894894897 0.7759306107688698
5 13.913913913913914 0.7759649940583616
5 13.932932932932934 0.7759992792545851
5 13.951951951951953 0.776033466779156
5 13.970970970970972 0.7760675570462429
5 13.989989989989992 0.7761015504644703
5 14.00900900900901 0.7761354474581015
5 14.028028028028029 0.7761692484352546
5 14.047047047047048 0.7762029537927732
5 14.066066066066067 0.7762365639305951
5 14.085085085085087 0.77627007928108
5 14.104104104104104 0.7763035002164447
5 14.123123123123124 0.7763368271476782
5 14.142142142142143 0.7763700604612173
5 14.161161161161163 0.7764032005709188
5 14.180180180180182 0.7764362478416575
5 14.1991991991992 0.7764692026846753
5 14.218218218218219 0.776502065476643
5 14.237237237237238 0.7765348366069555
5 14.256256256256258 0.7765675164576198
5 14.275275275275277 0.7766001054067736
5 14.294294294294295 0.7766326038285856
5 14.313313313313314 0.7766650121193737
5 14.332332332332333 0.7766973306278524
5 14.351351351351353 0.7767295597464334
5 14.370370370370372 0.7767616998422293
5 14.38938938938939 0.7767937512718329
5 14.408408408408409 0.7768257144118675
5 14.427427427427428 0.7768575896211867
5 14.446446446446448 0.7768893772694989
5 14.465465465465467 0.7769210777105002
5 14.484484484484486 0.7769526913043938
5 14.503503503503504 0.7769842184079311
5 14.522522522522523 0.777015659375759
5 14.541541541541543 0.7770470145609683
5 14.560560560560562 0.7770782843107814
5 14.579579579579582 0.7771094689818198
5 14.598598598598599 0.777140568910174
5 14.617617617617618 0.7771715844525269
5 14.636636636636638 0.7772025159391946
5 14.655655655655657 0.7772333637217772
5 14.674674674674677 0.7772641281329977
5 14.693693693693694 0.7772948095146969
5 14.712712712712714 0.7773254081959369
5 14.731731731731733 0.7773559245189116
5 14.750750750750752 0.7773863588142722
5 14.769769769769772 0.7774167114108523
5 14.78878878878879 0.7774469826353565
5 14.807807807807809 0.7774771728111833
5 14.826826826826828 0.7775072822701763
5 14.845845845845847 0.7775373113320875
5 14.864864864864867 0.7775672603283492
5 14.883883883883884 0.7775971295607658
5 14.902902902902904 0.7776269193635783
5 14.921921921921923 0.7776566300413876
5 14.940940940940942 0.7776862619171804
5 14.959959959959962 0.7777158153026738
5 14.97897897897898 0.7777452905065008
5 14.997997997997999 0.7777746878404246
5 15.017017017017018 0.7778040076103463
5 15.036036036036037 0.7778332501227717
5 15.055055055055057 0.7778624156873805
5 15.074074074074074 0.7778915045415802
5 15.093093093093094 0.7779205171161602
5 15.112112112112113 0.7779494536370856
5 15.131131131131133 0.7779783144154699
5 15.150150150150152 0.7780070997468507
5 15.16916916916917 0.7780358099861798
5 15.188188188188189 0.7780644453005474
5 15.207207207207208 0.7780930060418925
5 15.226226226226228 0.778121492511356
5 15.245245245245247 0.7781499049943152
5 15.264264264264266 0.778178243777871
5 15.283283283283284 0.778206509206592
5 15.302302302302303 0.7782347014440194
5 15.321321321321323 0.7782628208361517
5 15.340340340340342 0.7782908676605198
5 15.359359359359361 0.7783188422127115
5 15.378378378378379 0.7783467446944843
5 15.397397397397398 0.7783745755140995
5 15.416416416416418 0.778402334879583
5 15.435435435435437 0.7784300230748743
5 15.454454454454456 0.7784576403656202
5 15.473473473473474 0.7784851869676052
5 15.492492492492493 0.7785126632701319
5 15.511511511511513 0.7785400694866623
5 15.530530530530532 0.7785674058737657
5 15.549549549549551 0.7785946727127779
5 15.568568568568569 0.778621870316226
5 15.587587587587588 0.7786489988369057
5 15.606606606606608 0.7786760585938552
5 15.625625625625627 0.7787030498444159
5 15.644644644644647 0.778729972849818
5 15.663663663663664 0.7787568279384738
5 15.682682682682684 0.7787836152341905
5 15.701701701701703 0.7788103350604536
5 15.720720720720722 0.7788369876662714
5 15.739739739739742 0.7788635733168638
5 15.75875875875876 0.7788900921815396
5 15.777777777777779 0.7789165446547324
5 15.796796796796798 0.7789429309160051
5 15.815815815815817 0.7789692512101121
5 15.834834834834837 0.7789955057976853
5 15.853853853853854 0.7790216948457668
5 15.872872872872874 0.7790478187311055
5 15.891891891891893 0.7790738776356386
5 15.910910910910912 0.7790998718012594
5 15.929929929929932 0.779125801459256
5 15.94894894894895 0.7791516669297055
5 15.967967967967969 0.7791774683086268
5 15.986986986986988 0.7792032059081792
5 16.006006006006007 0.7792288799666856
5 16.025025025025027 0.7792544907049722
5 16.044044044044046 0.779280038372145
5 16.063063063063062 0.7793055231858639
5 16.08208208208208 0.7793309453917407
5 16.1011011011011 0.7793563052171141
5 16.12012012012012 0.7793816028754351
5 16.13913913913914 0.7794068386191558
5 16.15815815815816 0.7794320126612096
5 16.177177177177178 0.7794571252339589
5 16.196196196196198 0.7794821765501789
5 16.215215215215217 0.7795071668481087
5 16.234234234234236 0.7795320963451535
5 16.253253253253256 0.7795569652625338
5 16.272272272272275 0.7795817738182941
5 16.291291291291294 0.779606522239395
5 16.310310310310314 0.7796312107359661
5 16.329329329329333 0.779655839527084
5 16.34834834834835 0.7796804088328982
5 16.36736736736737 0.7797049188644981
5 16.386386386386388 0.7797293698422093
5 16.405405405405407 0.7797537619692897
5 16.424424424424426 0.7797780954671766
5 16.443443443443442 0.7798023705423482
5 16.46246246246246 0.7798265874070328
5 16.48148148148148 0.7798507462707435
5 16.5005005005005 0.7798748473384236
5 16.51951951951952 0.7798988908184363
5 16.53853853853854 0.7799228769189778
5 16.55755755755756 0.7799468058425966
5 16.576576576576578 0.7799706777976789
5 16.595595595595597 0.7799944929786249
5 16.614614614614617 0.7800182515970431
5 16.633633633633636 0.7800419538537842
5 16.652652652652655 0.7800655999380997
5 16.671671671671675 0.7800891900642192
5 16.690690690690694 0.7801127244208144
5 16.709709709709713 0.7801362032090371
5 16.72872872872873 0.7801596266254963
5 16.74774774774775 0.7801829948687903
5 16.766766766766768 0.7802063081266084
5 16.785785785785787 0.7802295665952846
5 16.804804804804807 0.780252770463241
5 16.823823823823826 0.78027591993712
5 16.842842842842842 0.7802990151962336
5 16.86186186186186 0.7803220564349103
5 16.88088088088088 0.7803450438365076
5 16.8998998998999 0.7803679775960571
5 16.91891891891892 0.7803908579004764
5 16.93793793793794 0.7804136849318672
5 16.956956956956958 0.7804364588818141
5 16.975975975975977 0.780459179932794
5 16.994994994994997 0.7804818482627641
5 17.014014014014016 0.7805044640682002
5 17.033033033033036 0.7805270275239498
5 17.052052052052055 0.7805495388067837
5 17.07107107107107 0.7805719981016197
5 17.09009009009009 0.7805944055961448
5 17.10910910910911 0.7806167614582648
5 17.12812812812813 0.7806390658694965
5 17.147147147147148 0.7806613190085866
5 17.166166166166168 0.7806835210500966
5 17.185185185185187 0.7807056721733788
5 17.204204204204206 0.7807277725539165
5 17.223223223223226 0.78074982236297
5 17.242242242242245 0.7807718217691008
5 17.261261261261264 0.7807937709528023
5 17.28028028028028 0.780815670081662
5 17.2992992992993 0.7808375193320286
5 17.31831831831832 0.7808593188652546
5 17.33733733733734 0.7808810688594824
5 17.356356356356358 0.7809027694811596
5 17.375375375375377 0.7809244208947876
5 17.394394394394396 0.7809460232683575
5 17.413413413413416 0.7809675767717492
5 17.432432432432435 0.7809890815683991
5 17.451451451451454 0.7810105378191161
5 17.47047047047047 0.7810319456996334
5 17.48948948948949 0.7810533053568025
5 17.50850850850851 0.7810746169747557
5 17.52752752752753 0.7810958806918422
5 17.546546546546548 0.7811170966839986
5 17.565565565565567 0.7811382651073085
5 17.584584584584587 0.7811593861222933
5 17.603603603603606 0.7811804598919595
5 17.622622622622625 0.7812014865671087
5 17.641641641641645 0.7812224663143325
5 17.66066066066066 0.7812433992809454
5 17.67967967967968 0.7812642856328035
5 17.6986986986987 0.7812851255147089
5 17.71771771771772 0.7813059190890096
5 17.736736736736738 0.781326666511413
5 17.755755755755757 0.7813473679321781
5 17.774774774774777 0.7813680234988863
5 17.793793793793796 0.781388633369997
5 17.812812812812815 0.7814091977013291
5 17.831831831831835 0.7814297166370424
5 17.85085085085085 0.7814501903246778
5 17.86986986986987 0.7814706189247493
5 17.88888888888889 0.7814910025702726
5 17.90790790790791 0.7815113414219156
5 17.926926926926928 0.7815316356240326
5 17.945945945945947 0.7815518853246161
5 17.964964964964967 0.7815720906657725
5 17.983983983983986 0.7815922517937308
5 18.003003003003005 0.7816123688533573
5 18.022022022022025 0.7816324419993126
5 18.04104104104104 0.7816524713646268
5 18.06006006006006 0.781672457086796
5 18.07907907907908 0.7816923993208446
5 18.0980980980981 0.7817122982060293
5 18.117117117117118 0.7817321538779821
5 18.136136136136138 0.7817519664789068
5 18.155155155155157 0.7817717361541765
5 18.174174174174176 0.7817914630402835
5 18.193193193193196 0.781811147272517
5 18.212212212212215 0.7818307889887026
5 18.231231231231234 0.781850388334799
5 18.25025025025025 0.7818699454462611
5 18.26926926926927 0.7818894604428345
5 18.28828828828829 0.7819089334829528
5 18.30730730730731 0.7819283646891264
5 18.326326326326328 0.7819477541984684
5 18.345345345345347 0.7819671021462256
5 18.364364364364366 0.7819864086618933
5 18.383383383383386 0.7820056738867156
5 18.402402402402405 0.7820248979434663
5 18.421421421421424 0.7820440809742424
5 18.44044044044044 0.7820632230986352
5 18.45945945945946 0.7820823244570984
5 18.47847847847848 0.7821013851749922
5 18.4974974974975 0.7821204053747547
5 18.516516516516518 0.7821393852011325
5 18.535535535535537 0.7821583247751471
5 18.554554554554556 0.7821772242232304
5 18.573573573573576 0.782196083675038
5 18.592592592592595 0.7822149032546685
5 18.611611611611615 0.782233683088882
5 18.63063063063063 0.7822524233010261
5 18.64964964964965 0.7822711240247852
5 18.66866866866867 0.7822897853816108
5 18.68768768768769 0.7823084074914008
5 18.706706706706708 0.7823269904781339
5 18.725725725725727 0.7823455344713911
5 18.744744744744747 0.7823640395870995
5 18.763763763763766 0.7823825059536472
5 18.782782782782785 0.7824009336816433
5 18.801801801801805 0.7824193229087855
5 18.82082082082082 0.782437673737954
5 18.83983983983984 0.7824559863034204
5 18.85885885885886 0.7824742607159394
5 18.87787787787788 0.7824924970959377
5 18.896896896896898 0.7825106955647514
5 18.915915915915917 0.7825288562422582
5 18.934934934934937 0.7825469792434345
5 18.953953953953956 0.7825650646795064
5 18.972972972972975 0.7825831126818181
5 18.991991991991995 0.7826011233514608
5 19.011011011011014 0.782619096806945
5 19.03003003003003 0.7826370331732423
5 19.04904904904905 0.7826549325587676
5 19.06806806806807 0.7826727950760518
5 19.087087087087088 0.7826906208387538
5 19.106106106106107 0.7827084099619888
5 19.125125125125127 0.7827261625591625
5 19.144144144144146 0.7827438787410063
5 19.163163163163166 0.7827615586210205
5 19.182182182182185 0.782779202310183
5 19.201201201201204 0.7827968099211461
5 19.22022022022022 0.7828143815592347
5 19.23923923923924 0.7828319173405152
5 19.25825825825826 0.7828494173694569
5 19.27727727727728 0.7828668817604765
5 19.296296296296298 0.7828843106176457
5 19.315315315315317 0.7829017040537523
5 19.334334334334336 0.7829190621709151
5 19.353353353353356 0.7829363850805692
5 19.372372372372375 0.782953672895222
5 19.391391391391394 0.7829709257100804
5 19.41041041041041 0.7829881436371394
5 19.42942942942943 0.7830053267841107
5 19.44844844844845 0.783022475252005
5 19.46746746746747 0.7830395891484421
5 19.486486486486488 0.783056668573748
5 19.505505505505507 0.7830737136393633
5 19.524524524524526 0.7830907244437879
5 19.543543543543546 0.7831077010858156
5 19.562562562562565 0.7831246436763514
5 19.581581581581585 0.7831415523179474
5 19.6006006006006 0.783158427106229
5 19.61961961961962 0.7831752681515881
5 19.63863863863864 0.783192075544284
5 19.65765765765766 0.7832088493872909
5 19.676676676676678 0.7832255897936099
5 19.695695695695697 0.7832422968452324
5 19.714714714714717 0.7832589706516851
5 19.733733733733736 0.7832756113124456
5 19.752752752752755 0.7832922189214641
5 19.771771771771775 0.7833087935848968
5 19.790790790790794 0.7833253353933327
5 19.80980980980981 0.7833418444464787
5 19.82882882882883 0.7833583208408823
5 19.84784784784785 0.7833747646746659
5 19.866866866866868 0.7833911760426933
5 19.885885885885887 0.7834075550431552
5 19.904904904904907 0.7834239017723742
5 19.923923923923926 0.7834402163212474
5 19.942942942942945 0.7834564987867985
5 19.961961961961965 0.7834727492697524
5 19.980980980980984 0.7834889678510369
5 20.0 0.7835051546403267
