2 1.0 1.3877787801637602e-10
2 1.019019019019019 0.009332023925031461
2 1.038038038038038 0.018322083145570257
2 1.057057057057057 0.026988636358010062
2 1.0760760760760761 0.03534883727379942
2 1.095095095095095 0.043418647208121094
2 1.1141141141141142 0.051212937947975816
2 1.1331331331331331 0.05874558328097581
2 1.1521521521521523 0.06602953980795867
2 1.1711711711711712 0.073076923117976
2 1.1901901901901901 0.07989907509270065
2 1.2092092092092093 0.08650662239898081
2 1.2282282282282282 0.092909535764606
2 1.2472472472472473 0.09911717513608548
2 1.2662662662662663 0.1051383400439021
2 1.2852852852852852 0.11098130836786631
2 1.3043043043043043 0.11665387555647708
2 1.3233233233233235 0.12216338890766944
2 1.3423423423423424 0.12751677857978963
2 1.3613613613613613 0.13272058847106416
2 1.3803803803803805 0.13778100081768999
2 1.3993993993993994 0.14270386259638596
2 1.4184184184184185 0.14749470714757462
2 1.4374374374374375 0.1521587743763091
2 1.4564564564564564 0.1567010311208545
2 1.4754754754754755 0.16112618752953964
2 1.4944944944944947 0.16543871416286807
2 1.5135135135135136 0.16964285717441174
2 1.5325325325325325 0.17374265185186075
2 1.5515515515515514 0.1777419355117816
2 1.5705705705705706 0.18164435961040654
2 1.5895895895895897 0.18545340054448203
2 1.6086086086086087 0.1891723709832543
2 1.6276276276276276 0.19280442801146833
2 1.6466466466466467 0.19635258354371524
2 1.6656656656656659 0.1998197115528377
2 1.6846846846846848 0.20320855630338183
2 1.7037037037037037 0.20652173925012327
2 1.7227227227227226 0.20976176634851934
2 1.7417417417417418 0.2129310343705414
2 1.760760760760761 0.2160318363791763
2 1.7797797797797799 0.21906636668255267
2 1.7987987987987988 0.22203672788696974
2 1.817817817817818 0.2249449340785464
2 1.8368368368368369 0.22779291547993033
2 1.855855855855856 0.23058252446959332
2 1.874874874874875 0.2333155366456136
2 1.8938938938938938 0.23599365758473678
2 1.912912912912913 0.23861852450671847
2 1.9319319319319321 0.24119170987956678
2 1.950950950950951 0.2437147255849929
2 1.96996996996997 0.24618902450593755
2 1.9889889889889891 0.24861600392831748
2 2.008008008008008 0.2509970090193139
2 2.027027027027027 0.2533333334291349
2 2.046046046046046 0.2556262231111449
2 2.065065065065065 0.25787687839485407
2 2.0840840840840844 0.26008645536248404
2 2.103103103103103 0.2622560685345743
2 2.1221221221221223 0.2643867924734937
2 2.141141141141141 0.26647966343140145
2 2.16016016016016 0.26853568129471295
2 2.1791791791791795 0.2705558108953978
2 2.1981981981981984 0.2725409836093774
2 2.2172172172172173 0.2744920993255913
2 2.2362362362362362 0.2764100269280548
2 2.255255255255255 0.27829560582149654
2 2.2742742742742745 0.280149647874575
2 2.2932932932932935 0.2819729375591839
2 2.3123123123123124 0.2837662338462248
2 2.3313313313313317 0.28553027054136904
2 2.3503503503503502 0.2872657580495145
2 2.3693693693693696 0.2889733839800727
2 2.3883883883883885 0.2906538140073396
2 2.4074074074074074 0.2923076923323935
2 2.426426426426427 0.2939356435566035
2 2.4454454454454453 0.29553827262794147
2 2.4644644644644647 0.29711616578594385
2 2.4834834834834836 0.2986698912003106
2 2.5025025025025025 0.30020000009879994
2 2.521521521521522 0.30170702664487004
2 2.5405405405405403 0.30319148937902973
2 2.5595595595595597 0.304653891328282
2 2.5785785785785786 0.3060947205753016
2 2.5975975975975976 0.30751445083265866
2 2.616616616616617 0.30891354251772574
2 2.635635635635636 0.31029244204567086
2 2.6546546546546548 0.31165158371976337
2 2.6736736736736737 0.31299138905664947
2 2.6926926926926926 0.31431226772413856
2 2.711711711711712 0.3156146179468823
2 2.730730730730731 0.3168988269962126
2 2.74974974974975 0.3181652712051362
2 2.768768768768769 0.3194143166950858
2 2.7877877877877877 0.3206463195745206
2 2.806806806806807 0.32186162627303266
2 2.825825825825826 0.3230605739254073
2 2.844844844844845 0.3242434905666707
2 2.8638638638638643 0.32541069557381574
2 2.8828828828828827 0.32656250001373166
2 2.901901901901902 0.3276992066618117
2 2.920920920920921 0.3288211103583404
2 2.93993993993994 0.32992849848743466
2 2.9589589589589593 0.3310216508731363
2 2.9779779779779783 0.33210084039386245
2 2.996996996996997 0.3331663326495417
2 3.016016016016016 0.33421838714944524
2 3.035035035035035 0.3352572559921236
2 3.0540540540540544 0.33628318591668954
2 3.0730730730730733 0.33729641678826705
2 3.0920920920920922 0.3382971835729317
2 3.111111111111111 0.3392857143941157
2 3.13013013013013 0.34026223225175645
2 3.1491491491491495 0.34122695483111776
2 3.1681681681681684 0.3421800946970154
2 3.1871871871871873 0.34312185930148814
2 3.206206206206206 0.34405245099963444
2 3.2252252252252256 0.344972067153684
2 3.2442442442442445 0.3458809009592933
2 3.2632632632632634 0.34677914102988594
2 3.2822822822822824 0.34766697163788257
2 3.3013013013013013 0.3485445726282531
2 3.3203203203203207 0.34941211955817897
2 3.3393393393393396 0.3502697841968472
2 3.3583583583583585 0.35111773461630547
2 3.3773773773773774 0.3519561351842269
2 3.396396396396397 0.3527851459162693
2 3.4154154154154157 0.3536049239521733
2 3.4344344344344346 0.35441562232662316
2 3.4534534534534536 0.35521739120915247
2 3.4724724724724725 0.3560103776694758
2 3.491491491491492 0.35679472481799995
2 3.5105105105105108 0.35757057332991615
2 3.5295295295295297 0.3583380601423322
2 3.5485485485485486 0.359097320054174
2 3.567567567567568 0.3598484847713992
2 3.586586586586587 0.3605916829984806
2 3.605605605605606 0.361327040643105
2 3.6246246246246248 0.36205468107218924
2 3.6436436436436437 0.3627747252547737
2 3.662662662662663 0.3634872915167682
2 3.681681681681682 0.3641924959568591
2 3.700700700700701 0.36489045183261615
2 3.71971971971972 0.36558127019727826
2 3.738738738738739 0.3662650602232025
2 3.757757757757758 0.36694192851744556
2 3.776776776776777 0.36761197988492655
2 3.795795795795796 0.36827531656498796
2 3.814814814814815 0.3689320388330876
2 3.8338338338338342 0.36958224550345786
2 3.852852852852853 0.3702260326496795
2 3.871871871871872 0.37086349533306096
2 3.890890890890891 0.3714947261163945
2 3.90990990990991 0.37211981569248176
2 3.9289289289289293 0.3727388535662354
2 3.9479479479479482 0.37335192695502617
2 3.966966966966967 0.373959121913343
2 3.985985985985986 0.3745605225382774
2 4.005005005005005 0.3751562109852155
2 4.024024024024024 0.37574626867876376
2 4.043043043043044 0.376330774993238
2 4.062062062062062 0.37690980781624506
2 4.081081081081081 0.37748344371385006
2 4.1001001001001 0.37805175783008166
2 4.119119119119119 0.37861482380655115
2 4.138138138138139 0.3791727140915916
2 4.157157157157157 0.3797254996755382
2 4.176176176176177 0.3802732502476805
2 4.195195195195195 0.3808160343853129
2 4.2142142142142145 0.3813539192701083
2 4.233233233233234 0.3818869709209417
2 4.252252252252252 0.38241525426360085
2 4.271271271271272 0.38293883295517844
2 4.29029029029029 0.38345776952129584
2 4.3093093093093096 0.38397212545837056
2 4.328328328328329 0.3844819611498558
2 4.347347347347347 0.38498733598099344
2 4.366366366366367 0.38548830812547635
2 4.385385385385385 0.38598493498383596
2 4.404404404404405 0.38647727278898897
2 4.423423423423424 0.3869653768533736
2 4.442442442442443 0.38744930156402807
2 4.461461461461462 0.3879291003284335
2 4.48048048048048 0.3884048257245645
2 4.4994994994995 0.38887652945394496
2 4.518518518518519 0.3893442623320459
2 4.537537537537538 0.38980807417844904
2 4.556556556556557 0.39026801407973527
2 4.575575575575575 0.3907241304217939
2 4.594594594594595 0.3911764706180162
2 4.613613613613614 0.39162508137209806
2 4.6326326326326335 0.39207000864194347
2 4.651651651651652 0.3925112976521488
2 4.67067067067067 0.3929489927117648
2 4.68968968968969 0.39338313769141764
2 4.708708708708709 0.3938137755360853
2 4.7277277277277285 0.39424094854776714
2 4.746746746746747 0.39466469844633095
2 4.7657657657657655 0.39508506620899375
2 4.784784784784785 0.3955020920792446
2 4.803803803803804 0.3959158158217232
2 4.822822822822824 0.39632627654042013
2 4.841841841841842 0.3967335125086024
2 4.8608608608608606 0.3971375618275209
2 4.87987987987988 0.39753846154528905
2 4.898898898898899 0.3979362484744243
2 4.917917917917919 0.3983309586759715
2 4.936936936936937 0.3987226277465065
2 4.9559559559559565 0.3991112907285784
2 4.974974974974975 0.39949698187345356
2 4.993993993993994 0.39987973539974775
2 5.013013013013014 0.40025958466715
2 5.032032032032032 0.4006365625511644
2 5.051051051051052 0.40101070153712265
2 5.07007007007007 0.4013820335956402
2 5.089089089089089 0.40175059009768027
2 5.108108108108109 0.40211640214630406
2 5.127127127127127 0.4024795002070415
2 5.146146146146147 0.40283991442054456
2 5.165165165165165 0.40319767445194576
2 5.1841841841841845 0.4035528094182228
2 5.203203203203204 0.4039053482317235
2 5.222222222222222 0.4042553191495957
2 5.241241241241242 0.40460275018464353
2 5.26026026026026 0.40494766889329853
2 5.2792792792792795 0.4052901023916644
2 5.298298298298299 0.40563007746771623
2 5.317317317317317 0.40596762048392043
2 5.336336336336337 0.4063027574800565
2 5.355355355355356 0.4066355140060909
2 5.374374374374375 0.40696591545277977
2 5.393393393393394 0.4072939866501531
2 5.412412412412412 0.4076197521684764
2 5.431431431431432 0.407943236294515
2 5.450450450450451 0.4082644628470678
2 5.46946946946947 0.4085834553241994
2 5.488488488488489 0.4089002371472948
2 5.5075075075075075 0.4092148309879199
2 5.526526526526527 0.40952725952881813
2 5.545545545545546 0.4098375451460607
2 5.564564564564565 0.4101457096666591
2 5.583583583583584 0.4104517748267534
2 5.602602602602603 0.4107557620213463
2 5.621621621621622 0.4110576923209315
2 5.640640640640641 0.41135758655946614
2 5.65965965965966 0.41165546514446577
2 5.678678678678679 0.41195134848642745
2 5.6976976976976985 0.4122452565343211
2 5.716716716716717 0.41253720891271883
2 5.735735735735736 0.41282722512399206
2 5.754754754754755 0.41311532440420173
2 5.773773773773774 0.4134015256918835
2 5.792792792792794 0.41368584757290056
2 5.811811811811812 0.41396830866577505
2 5.830830830830831 0.4142489270539543
2 5.84984984984985 0.4145277207648782
2 5.868868868868869 0.4148047075115427
2 5.887887887887889 0.4150799048523886
2 5.906906906906907 0.41535332995173657
2 5.9259259259259265 0.41562499998790337
2 5.944944944944945 0.4158949318415847
2 5.963963963963964 0.41616314200081433
2 5.982982982982984 0.41642964701012825
2 6.002002002002002 0.4166944630119459
2 6.0210210210210215 0.41695760599887144
2 6.04004004004004 0.41721909184571215
2 6.059059059059059 0.4174789360812982
2 6.078078078078079 0.41773715414666684
2 6.097097097097097 0.4179937612701376
2 6.116116116116117 0.4182487724906786
2 6.135135135135136 0.41850220266626226
2 6.1541541541541545 0.41875406636272855
2 6.173173173173174 0.4190043781656232
2 6.192192192192192 0.41925315230527493
2 6.211211211211212 0.4195004029190153
2 6.230230230230231 0.419746143973048
2 6.2492492492492495 0.4199903892508351
2 6.268268268268269 0.42023315237174913
2 6.287287287287287 0.4204744467777755
2 6.306306306306307 0.42071428572239083
2 6.325325325325326 0.42095268240232353
2 6.344344344344345 0.42118964973936346
2 6.363363363363364 0.4214252005613134
2 6.382382382382382 0.4216593475483129
2 6.401401401401402 0.42189210322466336
2 6.420420420420421 0.42212347989214966
2 6.43943943943944 0.422353489831032
2 6.458458458458459 0.4225821450722087
2 6.477477477477478 0.42280945757163313
2 6.496496496496497 0.42303543915495395
2 6.515515515515516 0.4232601014238904
2 6.534534534534535 0.4234834558856186
2 6.553553553553554 0.4237055139638564
2 6.572572572572573 0.42392628693992646
2 6.591591591591592 0.42414578588053437
2 6.610610610610611 0.424364021821443
2 6.62962962962963 0.42458100562259765
2 6.648648648648649 0.42479674796428724
2 6.6676676676676685 0.4250112595948772
2 6.686686686686687 0.42522455091743944
2 6.705705705705706 0.42543663233800594
2 6.724724724724725 0.42564751418178937
2 6.743743743743744 0.42585720646671066
2 6.762762762762764 0.42606571936147286
2 6.781781781781782 0.4262730627489166
2 6.800800800800801 0.426479246396794
2 6.81981981981982 0.4266842800794125
2 6.838838838838839 0.4268881733052448
2 6.857857857857859 0.42709093562439615
2 6.876876876876877 0.4272925764147232
2 6.8958958958958965 0.427493104972419
2 6.914914914914916 0.42769253039072863
2 6.933933933933934 0.4278908618752095
2 6.952952952952954 0.42808810826105936
2 6.971971971971972 0.4282842785557268
2 6.9909909909909915 0.42847938147838116
2 7.010010010010011 0.4286734258165583
2 7.029029029029029 0.4288664198561984
2 7.048048048048049 0.42905837240439754
2 7.067067067067067 0.4292492916883929
2 7.086086086086087 0.42943918621858695
2 7.105105105105106 0.42962806416488997
2 7.124124124124124 0.4298159336759688
2 7.143143143143144 0.43000280270718655
2 7.162162162162162 0.43018867936236377
2 7.181181181181182 0.430373571339504
2 7.200200200200201 0.4305574865506842
2 7.2192192192192195 0.43074043261448636
2 7.238238238238239 0.43092241737938825
2 7.257257257257257 0.43110344817929386
2 7.276276276276277 0.4312835327055033
2 7.295295295295296 0.43146267825767287
2 7.314314314314315 0.4316408923019528
2 7.333333333333334 0.4318181818382317
2 7.352352352352353 0.4319945541303012
2 7.371371371371372 0.432170016429763
2 7.390390390390391 0.43234457548849914
2 7.40940940940941 0.4325182383135441
2 7.428428428428429 0.43269101200244847
2 7.447447447447448 0.4328629032450639
2 7.466466466466467 0.43303391867854796
2 7.485485485485486 0.4332040651628449
2 7.504504504504505 0.43337334933957844
2 7.523523523523524 0.4335417775495957
2 7.542542542542543 0.4337093563426206
2 7.561561561561562 0.43387609226559
2 7.580580580580581 0.43404199137893995
2 7.5995995995996 0.43420706007121745
2 7.618618618618619 0.4343713047066196
2 7.6376376376376385 0.43453473134248966
2 7.656656656656657 0.43469734597853277
2 7.675675675675676 0.43485915483500454
2 7.694694694694695 0.43502016392969123
2 7.713713713713714 0.435180378950728
2 7.7327327327327335 0.43533980581045245
2 7.751751751751752 0.4354984505235958
2 7.770770770770771 0.43565631855263987
2 7.789789789789791 0.4358134156776238
2 7.808808808808809 0.43596974749758577
2 7.827827827827829 0.43612531970423346
2 7.846846846846847 0.43628013768787516
2 7.8658658658658664 0.4364342070636798
2 7.884884884884886 0.43658753325238236
2 7.903903903903904 0.43674012162057785
2 7.922922922922924 0.4368919772775113
2 7.941941941941942 0.43704310570985305
2 7.9609609609609615 0.4371935119997265
2 7.979979979979981 0.43734320129236043
2 7.998998998998999 0.43749217873871615
2 8.018018018018019 0.4376404494613894
2 8.037037037037038 0.4377880184557129
2 8.056056056056057 0.437934890654694
2 8.075075075075077 0.4380810710620285
2 8.094094094094094 0.43822656442866187
2 8.113113113113114 0.4383713757026192
2 8.132132132132133 0.43851550960195174
2 8.15115115115115 0.4386589709063153
2 8.17017017017017 0.4388017642954632
2 8.18918918918919 0.43894389439186204
2 8.208208208208209 0.43908536586304703
2 8.227227227227228 0.4392261832445672
2 8.246246246246248 0.43936635105330835
2 8.265265265265267 0.43950587382795675
2 8.284284284284285 0.4396447559127615
2 8.303303303303304 0.4397830018347304
2 8.322322322322323 0.4399206158293508
2 8.34134134134134 0.4400576023158974
2 8.36036036036036 0.4401939655223047
2 8.37937937937938 0.4403297097196367
2 8.398398398398399 0.44046483911619
2 8.417417417417418 0.44059935783992926
2 8.436436436436438 0.44073327004464885
2 8.455455455455457 0.4408665798464758
2 8.474474474474475 0.44099929130695825
2 8.493493493493494 0.44113140838056353
2 8.512512512512513 0.44126293509439624
2 8.531531531531531 0.4413938753903016
2 8.55055055055055 0.4415242332048355
2 8.56956956956957 0.4416540123760603
2 8.588588588588589 0.44178321679529386
2 8.607607607607608 0.44191185023397983
2 8.626626626626628 0.44203991647917057
2 8.645645645645647 0.442167419243159
2 8.664664664664667 0.4422943622897507
2 8.683683683683684 0.44242074926927977
2 8.702702702702704 0.44254658385750073
2 8.721721721721721 0.44267186963913574
2 8.74074074074074 0.4427966101715713
2 8.75975975975976 0.44292080907282344
2 8.77877877877878 0.44304446979337697
2 8.797797797797799 0.4431675958551459
2 8.816816816816818 0.44329019076353465
2 8.835835835835837 0.44341225785883737
2 8.854854854854857 0.4435338005797936
2 8.873873873873874 0.4436548223593787
2 8.892892892892894 0.44377532644327655
2 8.911911911911913 0.443895316194734
2 8.93093093093093 0.4440147948965841
2 8.94994994994995 0.44413376580639147
2 8.96896896896897 0.4442522321721223
2 8.987987987987989 0.4443701971228429
2 9.007007007007008 0.44448766393300737
2 9.026026026026027 0.44460463570085
2 9.045045045045045 0.44472111554542443
2 9.064064064064064 0.44483710658427267
2 9.083083083083084 0.4449526118810832
2 9.102102102102103 0.44506763444275504
2 9.121121121121122 0.4451821773636361
2 9.14014014014014 0.4452962435689787
2 9.15915915915916 0.44540983607692064
2 9.178178178178179 0.4455229578109798
2 9.197197197197198 0.4456356116768223
2 9.216216216216218 0.4457478006095944
2 9.235235235235235 0.44585952743011775
2 9.254254254254255 0.44597079502515197
2 9.273273273273274 0.44608160621529724
2 9.292292292292293 0.44619196381040166
2 9.311311311311313 0.44630187058386706
2 9.33033033033033 0.4464113292584496
2 9.34934934934935 0.44652034263125834
2 9.368368368368369 0.4466289133483729
2 9.387387387387388 0.4467370441639763
2 9.406406406406408 0.4468447376863592
2 9.425425425425425 0.4469519966134888
2 9.444444444444445 0.4470588235317642
2 9.463463463463464 0.4471652210821028
2 9.482482482482483 0.44727119181458713
2 9.501501501501503 0.4473767383290078
2 9.52052052052052 0.447481863129021
2 9.53953953953954 0.44758656874794367
2 9.558558558558559 0.44769085769330313
2 9.577577577577578 0.44779473244981216
2 9.596596596596598 0.447898195485041
2 9.615615615615617 0.44800124923955953
2 9.634634634634635 0.44810389611298534
2 9.653653653653654 0.44820613854281904
2 9.672672672672673 0.448307978885434
2 9.691691691691693 0.4484094195443564
2 9.710710710710712 0.4485104628487002
2 9.72972972972973 0.44861111110946855
2 9.74874874874875 0.4487113666749697
2 9.767767767767769 0.44881123181516547
2 9.786786786786788 0.4489107088066751
2 9.805805805805807 0.449009799934014
2 9.824824824824825 0.44910850738734137
2 9.843843843843844 0.4492068334546241
2 9.862862862862864 0.4493047802644574
2 9.881881881881883 0.44940235007599744
2 9.900900900900902 0.4494995450391126
2 9.91991991991992 0.4495963673040517
2 9.93893893893894 0.4496928190231431
2 9.957957957957959 0.4497889023046989
2 9.976976976976978 0.44988461923609496
2 9.995995995995997 0.4499799719560603
2 10.015015015015015 0.4500749625267849
2 10.034034034034034 0.4501695929738585
2 10.053053053053054 0.45026386538647306
2 10.072072072072073 0.45035778177275176
2 10.091091091091092 0.4504513441271501
2 10.11011011011011 0.4505445544635991
2 10.12912912912913 0.45063741477016855
2 10.148148148148149 0.450729927016895
2 10.167167167167168 0.45082209313676574
2 10.186186186186188 0.45091391509557577
2 10.205205205205205 0.45100539480206675
2 10.224224224224224 0.45109653417089374
2 10.243243243243244 0.45118733510973863
2 10.262262262262263 0.45127779945957436
2 10.281281281281283 0.4513679291384833
2 10.3003003003003 0.45145772594179245
2 10.31931931931932 0.4515471917801679
2 10.338338338338339 0.45163632843171897
2 10.357357357357358 0.45172513773950285
2 10.376376376376378 0.45181362145672715
2 10.395395395395397 0.4519017814138647
2 10.414414414414415 0.45198961936368154
2 10.433433433433434 0.4520771371150536
2 10.452452452452453 0.4521643363501182
2 10.471471471471473 0.4522512188252539
2 10.490490490490492 0.4523377862723329
2 10.50950950950951 0.4524240403985082
2 10.528528528528529 0.45250998289884214
2 10.547547547547548 0.45259561547143035
2 10.566566566566568 0.45268093974763607
2 10.585585585585587 0.45276595745655324
2 10.604604604604605 0.4528506701879814
2 10.623623623623624 0.4529350796168732
2 10.642642642642643 0.45301918737914476
2 10.661661661661663 0.45310299502870494
2 10.680680680680682 0.4531865042475726
2 10.6996996996997 0.45326971654577053
2 10.71871871871872 0.45335263356839706
2 10.737737737737739 0.45343525683811287
2 10.756756756756758 0.45351758793819225
2 10.775775775775777 0.4535996284475026
2 10.794794794794795 0.4536813798265198
2 10.813813813813814 0.45376284365707137
2 10.832832832832834 0.45384402144193825
2 10.851851851851853 0.45392491467442875
2 10.870870870870872 0.45400552486813417
2 10.88988988988989 0.4540858534862586
2 10.90890890890891 0.45416590200685036
2 10.927927927927929 0.45424567191636467
2 10.946946946946948 0.4543251645938897
2 10.965965965965967 0.45440438156736
2 10.984984984984985 0.4544833242057787
2 11.004004004004004 0.4545619939915627
2 11.023023023023024 0.4546403922968378
2 11.042042042042043 0.45471852053131534
2 11.061061061061062 0.4547963800984678
2 11.08008008008008 0.45487397236440774
2 11.0990990990991 0.4549512987076091
2 11.118118118118119 0.4550283604959415
2 11.137137137137138 0.45510515909835136
2 11.156156156156158 0.4551816958383371
2 11.175175175175177 0.4552579720668062
2 11.194194194194194 0.4553339890944028
2 11.213213213213214 0.45540974825755837
2 11.232232232232233 0.4554852508732588
2 11.251251251251253 0.45556049824168304
2 11.270270270270272 0.45563549160967054
2 11.28928928928929 0.4557102323260747
2 11.308308308308309 0.45578472160907757
2 11.327327327327328 0.4558589607816251
2 11.346346346346348 0.4559329510380376
2 11.365365365365367 0.4560066936843732
2 11.384384384384385 0.45608018992741073
2 11.403403403403404 0.45615344101772204
2 11.422422422422423 0.4562264481762396
2 11.441441441441443 0.4562992125972774
2 11.460460460460462 0.45637173553439575
2 11.47947947947948 0.456444018139075
2 11.498498498498499 0.4565160616204549
2 11.517517517517518 0.45658786719185995
2 11.536536536536538 0.45665943601902026
2 11.555555555555557 0.4567307692373035
2 11.574574574574575 0.45680186803916034
2 11.593593593593594 0.45687273356010083
2 11.612612612612613 0.45694336697644317
2 11.631631631631633 0.45701376936875543
2 11.650650650650652 0.4570839419259576
2 11.66966966966967 0.45715388574168
2 11.68868868868869 0.4572236019540903
2 11.707707707707709 0.4572930916623519
2 11.726726726726728 0.45736235594698427
2 11.745745745745747 0.457431395953001
2 11.764764764764765 0.4575002127202651
2 11.783783783783784 0.45756880734026334
2 11.802802802802804 0.45763718091378447
2 11.821821821821823 0.4577053344821262
2 11.840840840840842 0.4577732690878075
2 11.85985985985986 0.4578409858246244
2 11.87887887887888 0.4579084857246555
2 11.897897897897899 0.45797576981261123
2 11.916916916916918 0.45804283915368177
2 11.935935935935937 0.45810969474405605
2 11.954954954954957 0.45817633761209614
2 11.973973973973974 0.458242768758029
2 11.992992992992994 0.45830898925468183
2 12.012012012012013 0.4583750000063419
2 12.031031031031032 0.45844080206192284
2 12.050050050050052 0.45850639642191804
2 12.06906906906907 0.4585717840337407
2 12.088088088088089 0.45863696588715114
2 12.107107107107108 0.4587019429628172
2 12.126126126126128 0.4587667162033422
2 12.145145145145147 0.45883128658142736
2 12.164164164164164 0.45889565504354984
2 12.183183183183184 0.4589598225349682
2 12.202202202202203 0.45902379000975446
2 12.221221221221223 0.45908755835899884
2 12.240240240240242 0.45915112856549345
2 12.25925925925926 0.4592145015288301
2 12.278278278278279 0.45927767814244286
2 12.297297297297298 0.4593406593542528
2 12.316316316316318 0.4594034460405065
2 12.335335335335337 0.4594660391126047
2 12.354354354354355 0.4595284394845384
2 12.373373373373374 0.4595906480169332
2 12.392392392392393 0.4596526655895889
2 12.411411411411413 0.4597144931106118
2 12.430430430430432 0.4597761314283222
2 12.44944944944945 0.45983758142710135
2 12.468468468468469 0.45989884393587127
2 12.487487487487488 0.45995991985582485
2 12.506506506506508 0.4600208100091818
2 12.525525525525527 0.46008151523956103
2 12.544544544544545 0.4601420363963899
2 12.563563563563564 0.460202374301991
2 12.582582582582583 0.4602625298397039
2 12.601601601601603 0.4603225037850275
2 12.620620620620622 0.46038229696408034
2 12.63963963963964 0.46044191020691677
2 12.65865865865866 0.4605013443091062
2 12.677677677677679 0.4605606000877742
2 12.696696696696698 0.46061967834273926
2 12.715715715715717 0.4606785798779344
2 12.734734734734735 0.46073730546323366
2 12.753753753753754 0.46079585589987526
2 12.772772772772774 0.4608542319761633
2 12.791791791791793 0.4609124344777938
2 12.810810810810812 0.4609704641586145
2 12.829829829829832 0.46102832176961583
2 12.84884884884885 0.4610860081204311
2 12.867867867867869 0.4611435239406661
2 12.886886886886888 0.4612008699812992
2 12.905905905905907 0.4612580470134868
2 12.924924924924927 0.4613150557724356
2 12.943943943943944 0.4613718969862367
2 12.962962962962964 0.46142857144073496
2 12.981981981981983 0.46148507981352976
2 13.001001001001002 0.4615414228504425
2 13.020020020020022 0.46159760129292754
2 13.03903903903904 0.4616536158600425
2 13.058058058058059 0.46170946723951684
2 13.077077077077078 0.4617651561713402
2 13.096096096096097 0.46182068333010895
2 13.115115115115117 0.4618760494653034
2 13.134134134134134 0.46193125524486467
2 13.153153153153154 0.46198630137839325
2 13.172172172172173 0.46204118854282483
2 13.191191191191193 0.4620959174434615
2 13.210210210210212 0.4621504887570237
2 13.22922922922923 0.46220490315856827
2 13.248248248248249 0.46225916132778283
2 13.267267267267268 0.46231326392563316
2 13.286286286286288 0.46236721164092937
2 13.305305305305307 0.46242100511477463
2 13.324324324324325 0.46247464504092745
2 13.343343343343344 0.46252813203824866
2 13.362362362362363 0.4625814667871573
2 13.381381381381383 0.46263464992055775
2 13.400400400400402 0.4626876820824966
2 13.41941941941942 0.46274056393050134
2 13.438438438438439 0.4627932960932789
2 13.457457457457458 0.46284587920348985
2 13.476476476476478 0.46289831390350594
2 13.495495495495497 0.46295060081625744
2 13.514514514514515 0.463002740551916
2 13.533533533533534 0.46305473373715167
2 13.552552552552553 0.4631065810110355
2 13.571571571571573 0.46315828294927397
2 13.590590590590592 0.4632098401662133
2 13.609609609609612 0.46326125331081836
2 13.62862862862863 0.4633125229671425
2 13.647647647647648 0.4633636497052104
2 13.666666666666668 0.4634146341557771
2 13.685685685685687 0.46346547690159123
2 13.704704704704707 0.4635161785175148
2 13.723723723723724 0.4635667396193972
2 13.742742742742744 0.46361716074637527
2 13.761761761761763 0.46366744252878583
2 13.780780780780782 0.46371758553373466
2 13.799799799799802 0.4637675903104905
2 13.81881881881882 0.4638174574437113
2 13.837837837837839 0.46386718750253825
2 13.856856856856858 0.4639167810415851
2 13.875875875875877 0.463966238633236
2 13.894894894894897 0.46401556084778
2 13.913913913913914 0.4640647482087977
2 13.932932932932934 0.46411380127660884
2 13.951951951951953 0.4641627206409048
2 13.970970970970972 0.4642115067641318
2 13.989989989989992 0.4642601602879983
2 14.00900900900901 0.4643086816761797
2 14.028028028028029 0.4643570715110856
2 14.047047047047048 0.46440533029063064
2 14.066066066066067 0.46445345858879955
2 14.085085085085087 0.46450145690179623
2 14.104104104104104 0.4645493257697419
2 14.123123123123124 0.4645970657052665
2 14.142142142142143 0.4646446772453113
2 14.161161161161163 0.4646921609008234
2 14.180180180180182 0.46473951716308637
2 14.1991991991992 0.4647867465631382
2 14.218218218218219 0.4648338496333817
2 14.237237237237238 0.46488082683994686
2 14.256256256256258 0.4649276787002781
2 14.275275275275277 0.46497440572842047
2 14.294294294294295 0.46502100839938826
2 14.313313313313314 0.46506748724478203
2 14.332332332332333 0.4651138427195232
2 14.351351351351353 0.4651600753304497
2 14.370370370370372 0.4652061855755205
2 14.38938938938939 0.4652521739139293
2 14.408408408408409 0.4652980408530879
2 14.427427427427428 0.46534378685855693
2 14.446446446446448 0.4653894124167403
2 14.465465465465467 0.4654349180079476
2 14.484484484484486 0.46548030407891616
2 14.503503503503504 0.46552557112696347
2 14.522522522522523 0.4655707196078485
2 14.541541541541543 0.46561574998649025
2 14.560560560560562 0.46566066273696943
2 14.579579579579582 0.4657054582979961
2 14.598598598598599 0.46575013715208385
2 14.617617617617618 0.4657946997202034
2 14.636636636636638 0.4658391465014975
2 14.655655655655657 0.46588347790369045
2 14.674674674674677 0.46592769441625703
2 14.693693693693694 0.46597179645217907
2 14.712712712712714 0.46601578447169784
2 14.731731731731733 0.466059658901144
2 14.750750750750752 0.4661034201988834
2 14.769769769769772 0.46614706879396367
2 14.78878878878879 0.46619060511201255
2 14.807807807807809 0.4662340296099728
2 14.826826826826828 0.46627734269472987
2 14.845845845845847 0.4663205447987219
2 14.864864864864867 0.46636363636895345
2 14.883883883883884 0.46640661780281684
2 14.902902902902904 0.46644948952316007
2 14.921921921921923 0.4664922519709314
2 14.940940940940942 0.4665349055401936
2 14.959959959959962 0.46657745065300066
2 14.97897897897898 0.4666198877399258
2 14.997997997997999 0.4666622171897199
2 15.017017017017018 0.46670443941885953
2 15.036036036036037 0.46674655482639993
2 15.055055055055057 0.4667885638279951
2 15.074074074074074 0.4668304667290282
2 15.093093093093094 0.4668722641281129
2 15.112112112112113 0.4669139563190364
2 15.131131131131133 0.46695554369778614
2 15.150150150150152 0.4669970266662831
2 15.16916916916917 0.4670384057094598
2 15.188188188188189 0.4670796810170662
2 15.207207207207208 0.46712085308057494
2 15.226226226226228 0.46716192229937376
2 15.245245245245247 0.4672028890373767
2 15.264264264264266 0.4672437536910565
2 15.283283283283284 0.4672845167406019
2 15.302302302302303 0.4673251783655291
2 15.321321321321323 0.4673657390271757
2 15.340340340340342 0.4674061991298961
2 15.359359359359361 0.4674465590148267
2 15.378378378378379 0.46748681899590294
2 15.397397397397398 0.46752697960027073
2 15.416416416416418 0.4675670410952697
2 15.435435435435437 0.467607003896257
2 15.454454454454456 0.46764686832120594
2 15.473473473473474 0.46768663466199517
2 15.492492492492493 0.4677263034524452
2 15.511511511511513 0.46776587496959054
2 15.530530530530532 0.46780534956750136
2 15.549549549549551 0.46784472760057394
2 15.568568568568569 0.4678840095269176
2 15.587587587587588 0.46792319548350303
2 15.606606606606608 0.46796228592700206
2 15.625625625625627 0.46800128123941265
2 15.644644644644647 0.4680401817177148
2 15.663663663663664 0.4680789878359676
2 15.682682682682684 0.4681176997196873
2 15.701701701701703 0.4681563178420919
2 15.720720720720722 0.468194842507663
2 15.739739739739742 0.4682332740852532
2 15.75875875875876 0.4682716127842425
2 15.777777777777779 0.46830985916071743
2 15.796796796796798 0.46834801342555515
2 15.815815815815817 0.46838607596160114
2 15.834834834834837 0.4684240470442077
2 15.853853853853854 0.46846192692139915
2 15.872872872872874 0.46849971611962254
2 15.891891891891893 0.4685374148789433
2 15.910910910910912 0.46857502350026947
2 15.929929929929932 0.4686125423106375
2 15.94894894894895 0.4686499717692529
2 15.967967967967969 0.46868731194690527
2 15.986986986986988 0.46872456327893175
2 16.006006006006007 0.4687617260836548
2 16.025025025025027 0.46879880067665597
2 16.044044044044046 0.4688357873649277
2 16.063063063063062 0.46887268648468494
2 16.08208208208208 0.46890949832757844
2 16.1011011011011 0.4689462231981884
2 16.12012012012012 0.46898286141393625
2 16.13913913913914 0.46901941326713925
2 16.15815815815816 0.46905587907960317
2 16.177177177177178 0.46909225914860975
2 16.196196196196198 0.4691285537680646
2 16.215215215215217 0.4691647632601192
2 16.234234234234236 0.46920088790727754
2 16.253253253253256 0.46923692800687367
2 16.272272272272275 0.4692728838601163
2 16.291291291291294 0.46930875576166764
2 16.310310310310314 0.4693445440130664
2 16.329329329329333 0.46938024887929797
2 16.34834834834835 0.46941587068428686
2 16.36736736736737 0.4694514096929563
2 16.386386386386388 0.4694868662178302
2 16.405405405405407 0.4695222405358027
2 16.424424424424426 0.4695575329235878
2 16.443443443443442 0.4695927436602794
2 16.46246246246246 0.46962787303946696
2 16.48148148148148 0.4696629213577723
2 16.5005005005005 0.469697888864347
2 16.51951951951952 0.4697327758582583
2 16.53853853853854 0.46976758262044654
2 16.55755755755756 0.46980230941529094
2 16.576576576576578 0.46983695652572216
2 16.595595595595597 0.4698715242222477
2 16.614614614614617 0.4699060127807396
2 16.633633633633636 0.4699404224543823
2 16.652652652652655 0.46997475354324836
2 16.671671671671675 0.470009006308194
2 16.690690690690694 0.4700431809994073
2 16.709709709709713 0.47007727790947007
2 16.72872872872873 0.4701112972872785
2 16.74774774774775 0.4701452393750805
2 16.766766766766768 0.47017910447895
2 16.785785785785787 0.47021289285164447
2 16.804804804804807 0.47024660471459284
2 16.823823823823826 0.47028024037875127
2 16.842842842842842 0.4703138000682806
2 16.86186186186186 0.4703472840657759
2 16.88088088088088 0.4703806925957437
2 16.8998998998999 0.4704140259384237
2 16.91891891891892 0.4704472843550814
2 16.93793793793794 0.47048046805392857
2 16.956956956956958 0.4705135773294347
2 16.975975975975977 0.4705466124234502
2 16.994994994994997 0.4705795735723905
2 17.014014014014016 0.470612461026048
2 17.033033033033036 0.4706452750482717
2 17.052052052052055 0.47067801585420566
2 17.07107107107107 0.4707106837158101
2 17.09009009009009 0.4707432788688372
2 17.10910910910911 0.4707758015457327
2 17.12812812812813 0.47080825200851956
2 17.147147147147148 0.47084063047551744
2 17.166166166166168 0.47087293720180473
2 17.185185185185187 0.47090517242035274
2 17.204204204204206 0.47093733635495527
2 17.223223223223226 0.4709694292745027
2 17.242242242242245 0.47100145138397376
2 17.261261261261264 0.47103340292785284
2 17.28028028028028 0.47106528413040144
2 17.2992992992993 0.471097095243014
2 17.31831831831832 0.4711288364906096
2 17.33733733733734 0.4711605080824142
2 17.356356356356358 0.4711921102706909
2 17.375375375375377 0.4712236432761975
2 17.394394394394396 0.4712551073295882
2 17.413413413413416 0.47128650264801375
2 17.432432432432435 0.4713178294579806
2 17.451451451451454 0.4713490879913619
2 17.47047047047047 0.4713802784519564
2 17.48948948948949 0.47141140109616864
2 17.50850850850851 0.47144245612767827
2 17.52752752752753 0.4714734437498917
2 17.546546546546548 0.47150436419880337
2 17.565565565565567 0.47153521769431017
2 17.584584584584587 0.4715660044334758
2 17.603603603603606 0.4715967246702978
2 17.622622622622625 0.4716273785915452
2 17.641641641641645 0.4716579664141619
2 17.66066066066066 0.47168848836296035
2 17.67967967967968 0.47171894464004926
2 17.6986986986987 0.47174933544971653
2 17.71771771771772 0.47177966101455626
2 17.736736736736738 0.4718099215598673
2 17.755755755755757 0.4718401172733324
2 17.774774774774777 0.4718702483527149
2 17.793793793793796 0.4719003150330898
2 17.812812812812815 0.47193031750517245
2 17.831831831831835 0.4719602559896417
2 17.85085085085085 0.4719901306518382
2 17.86986986986987 0.4720199417368028
2 17.88888888888889 0.4720496894434029
2 17.90790790790791 0.4720793739701554
2 17.926926926926928 0.47210899548074303
2 17.945945945945947 0.4721385542280742
2 17.964964964964967 0.4721680503775722
2 17.983983983983986 0.47219748413838986
2 18.003003003003005 0.47222685571372175
2 18.022022022022025 0.4722561652993587
2 18.04104104104104 0.4722854130844312
2 18.06006006006006 0.47231459927053104
2 18.07907907907908 0.47234372404840086
2 18.0980980980981 0.4723727876196926
2 18.117117117117118 0.4724017901516528
2 18.136136136136138 0.47243073187521023
2 18.155155155155157 0.47245961295493416
2 18.174174174174176 0.47248843358243475
2 18.193193193193196 0.472517193952392
2 18.212212212212215 0.472545894255395
2 18.231231231231234 0.47257453467708027
2 18.25025025025025 0.4726031154042419
2 18.26926926926927 0.4726316366219225
2 18.28828828828829 0.4726600985205264
2 18.30730730730731 0.4726885012879703
2 18.326326326326328 0.47271684510132567
2 18.345345345345347 0.47274513014344166
2 18.364364364364366 0.4727733566026483
2 18.383383383383386 0.47280152464779873
2 18.402402402402405 0.4728296344687581
2 18.421421421421424 0.4728576862528481
2 18.44044044044044 0.47288568016569865
2 18.45945945945946 0.4729136164046453
2 18.47847847847848 0.47294149512621997
2 18.4974974974975 0.47296931652734275
2 18.516516516516518 0.4729970807641137
2 18.535535535535537 0.4730247880444393
2 18.554554554554556 0.4730524385092404
2 18.573573573573576 0.47308003233283846
2 18.592592592592595 0.47310756972887336
2 18.611611611611615 0.47313505083500457
2 18.63063063063063 0.47316247581965787
2 18.64964964964965 0.4731898448920286
2 18.66866866866867 0.4732171581744533
2 18.68768768768769 0.47324441588100197
2 18.706706706706708 0.47327161814868685
2 18.725725725725727 0.47329876517993585
2 18.744744744744747 0.4733258570986951
2 18.763763763763766 0.47335289410723175
2 18.782782782782785 0.4733798763749504
2 18.801801801801805 0.4734068040259951
2 18.82082082082082 0.47343367726595287
2 18.83983983983984 0.4734604962521681
2 18.85885885885886 0.47348726114345574
2 18.87787787787788 0.47351397211519575
2 18.896896896896898 0.47354062930723095
2 18.915915915915917 0.4735672329049617
2 18.934934934934937 0.4735937830406409
2 18.953953953953956 0.4736202799009529
2 18.972972972972975 0.47364672365294114
2 18.991991991991995 0.4736731144341024
2 19.011011011011014 0.4736994524022091
2 19.03003003003003 0.4737257377289944
2 19.04904904904905 0.4737519705683864
2 19.06806806806807 0.47377815108949917
2 19.087087087087088 0.4738042794219278
2 19.106106106106107 0.473830355737332
2 19.125125125125127 0.4738563802026636
2 19.144144144144146 0.4738823529400418
2 19.163163163163166 0.4739082741347973
2 19.182182182182185 0.4739341439300565
2 19.201201201201204 0.4739599624704345
2 19.22022022022022 0.4739857299194756
2 19.23923923923924 0.4740114464121007
2 19.25825825825826 0.4740371121197022
2 19.27727727727728 0.47406272719064824
2 19.296296296296298 0.4740882917445391
2 19.315315315315317 0.47411380597900377
2 19.334334334334336 0.474139270006894
2 19.353353353353356 0.4741646839855091
2 19.372372372372375 0.4741900480560487
2 19.391391391391394 0.47421536237883555
2 19.41041041041041 0.4742406271066737
2 19.42942942942943 0.47426584235536806
2 19.44844844844845 0.4742910082892962
2 19.46746746746747 0.47431612505074333
2 19.486486486486488 0.4743411927973435
2 19.505505505505507 0.47436621163388126
2 19.524524524524526 0.47439118174304507
2 19.543543543543546 0.4744161032614152
2 19.562562562562565 0.4744409763124832
2 19.581581581581585 0.4744658010447257
2 19.6006006006006 0.4744905776045647
2 19.61961961961962 0.4745153061178034
2 19.63863863863864 0.47453998675238734
2 19.65765765765766 0.474564619616183
2 19.676676676676678 0.4745892048734475
2 19.695695695695697 0.47461374262847167
2 19.714714714714717 0.4746382330633502
2 19.733733733733736 0.47466267627333353
2 19.752752752752755 0.47468707241596286
2 19.771771771771775 0.47471142163404045
2 19.790790790790794 0.47473572404332587
2 19.80980980980981 0.47475997979146256
2 19.82882882882883 0.4747841890107588
2 19.84784784784785 0.4748083518228897
2 19.866866866866868 0.4748324683758258
2 19.885885885885887 0.47485653881399414
2 19.904904904904907 0.4748805632543132
2 19.923923923923926 0.474904541805875
2 19.942942942942945 0.47492847463161997
2 19.961961961961965 0.4749523618599278
2 19.980980980980984 0.4749762035979173
2 20.0 0.475
