4 1.0 4.1633368945813993e-10
4 1.019019019019019 0.02748312473940174
4 1.038038038038038 0.05302325669452866
4 1.057057057057057 0.07681940738964183
4 1.0760760760760761 0.09904430966850424
4 1.095095095095095 0.11984861273672734
4 1.1141141141141142 0.13936430344157877
4 1.1331331331331331 0.1577075103601601
4 1.1521521521521523 0.1749808139295785
4 1.1711711711711712 0.1912751685056951
4 1.1901901901901901 0.2066715015361441
4 1.2092092092092093 0.22124206066516408
4 1.2282282282282282 0.23505154674921608
4 1.2472472472472473 0.24815807113402713
4 1.2662662662662663 0.2606139779652842
4 1.2852852852852852 0.27246653987214275
4 1.3043043043043043 0.283758556435835
4 1.3233233233233235 0.29452887571783265
4 1.3423423423423424 0.30481283438285056
4 1.3613613613613613 0.31464264962938077
4 1.3803803803803805 0.3240477547073596
4 1.3993993993993994 0.33305509191279836
4 1.4184184184184185 0.34168937367062535
4 1.4374374374374375 0.34997330514317
4 1.4564564564564564 0.35792778664428176
4 1.4754754754754755 0.3655720885082452
4 1.4944944944944947 0.37292400618028426
4 1.5135135135135136 0.38000000018416225
4 1.5325325325325325 0.3868153176334303
4 1.5515515515515514 0.3933841029082761
4 1.5705705705705706 0.39971949536002777
4 1.5895895895895897 0.40583371630225834
4 1.6086086086086087 0.41173814926732755
4 1.6276276276276276 0.4174434090596682
4 1.6466466466466467 0.42295940637858936
4 1.6656656656656659 0.42829540600760574
4 1.6846846846846848 0.4334600763036844
4 1.7037037037037037 0.4384615386450333
4 1.7227227227227226 0.44330740915775557
4 1.7417417417417418 0.4480048368062759
4 1.760760760760761 0.45256054009409163
4 1.7797797797797799 0.4569808369242639
4 1.7987987987987988 0.46127167649291934
4 1.817817817817818 0.465438663305463
4 1.8368368368368369 0.4694870834589208
4 1.855855855855856 0.47342192705398245
4 1.874874874874875 0.4772479068882898
4 1.8938938938938938 0.4809694795031928
4 1.912912912912913 0.4845908610968112
4 1.9319319319319321 0.48811604343012543
4 1.950950950950951 0.4915488100957313
4 1.96996996996997 0.49489274781641535
4 1.9889889889889891 0.4981512604450081
4 2.008008008008008 0.5013275805677231
4 2.027027027027027 0.5044247789138602
4 2.046046046046046 0.5074457754511824
4 2.065065065065065 0.5103933483039919
4 2.0840840840840844 0.5132701422612718
4 2.103103103103103 0.5160786763153884
4 2.1221221221221223 0.5188213514458342
4 2.141141141141141 0.5215004575496878
4 2.16016016016016 0.5241181791341669
4 2.1791791791791795 0.5266766022006933
4 2.1981981981981984 0.5291777189482281
4 2.2172172172172173 0.5316234334740589
4 2.2362362362362362 0.5340155665264884
4 2.255255255255255 0.5363558598558436
4 2.2742742742742745 0.5386459803813574
4 2.2932932932932935 0.5408875245283712
4 2.3123123123123124 0.5430820215848814
4 2.3313313313313317 0.5452309375574047
4 2.3503503503503502 0.5473356776565483
4 2.3693693693693696 0.5493975904310734
4 2.3883883883883885 0.5514179699307704
4 2.4074074074074074 0.5533980583288457
4 2.426426426426427 0.5553390491646988
4 2.4454454454454453 0.5572420890850569
4 2.4644644644644647 0.5591082803509336
4 2.4834834834834836 0.5609386829303479
4 2.5025025025025025 0.5627343165233843
4 2.521521521521522 0.5644961625042515
4 2.5405405405405403 0.5662251656250891
4 2.5595595595595597 0.5679222357759439
4 2.5785785785785786 0.5695882495136166
4 2.5975975975975976 0.5712240516370153
4 2.616616616616617 0.5728304564930548
4 2.635635635635636 0.5744082494042337
4 2.6546546546546548 0.5759581882283087
4 2.6736736736736737 0.5774810039595394
4 2.6926926926926926 0.5789774024549917
4 2.711711711711712 0.5804480652291591
4 2.730730730730731 0.581893650557502
4 2.74974974974975 0.5833147942249913
4 2.768768768768769 0.5847121112292888
4 2.7877877877877877 0.5860861956423915
4 2.806806806806807 0.5874376220506202
4 2.825825825825826 0.5887669464924291
4 2.844844844844845 0.5900747065384941
4 2.8638638638638643 0.5913614228628873
4 2.8828828828828827 0.5926275992875183
4 2.901901901901902 0.5938737237528721
4 2.920920920920921 0.5951002688431722
4 2.93993993993994 0.5963076923621354
4 2.9589589589589593 0.5974964380499401
4 2.9779779779779783 0.5986669360852973
4 2.996996996996997 0.5998196032102242
4 3.016016016016016 0.6009548439992083
4 3.035035035035035 0.602073050387444
4 3.0540540540540544 0.6031746032554779
4 3.0730730730730733 0.6042598715850608
4 3.0920920920920922 0.605329214161769
4 3.111111111111111 0.6063829788431168
4 3.13013013013013 0.6074215033557769
4 3.1491491491491495 0.608445116220323
4 3.1681681681681684 0.6094541361257678
4 3.1871871871871873 0.6104488732399929
4 3.206206206206206 0.6114296284286685
4 3.2252252252252256 0.6123966943518612
4 3.2442442442442445 0.6133503556649257
4 3.2632632632632634 0.6142908893016789
4 3.2822822822822824 0.6152185645635257
4 3.3013013013013013 0.6161336431606576
4 3.3203203203203207 0.6170363799462653
4 3.3393393393393396 0.6179270227662716
4 3.3583583583583585 0.6188058132683992
4 3.3773773773773774 0.6196729866369057
4 3.396396396396397 0.6205287714518144
4 3.4154154154154157 0.6213733907367861
4 3.4344344344344346 0.6222070612810029
4 3.4534534534534536 0.6230299948658434
4 3.4724724724724725 0.6238423977573716
4 3.491491491491492 0.6246444705273886
4 3.5105105105105108 0.6254364091178094
4 3.5295295295295297 0.6262184041464511
4 3.5485485485485486 0.6269906418700305
4 3.567567567567568 0.6277533038899052
4 3.586586586586587 0.6285065672300928
4 3.605605605605606 0.6292506045072369
4 3.6246246246246248 0.629985583919175
4 3.6436436436436437 0.6307116700728085
4 3.662662662662663 0.6314290235129115
4 3.681681681681682 0.6321378008881842
4 3.700700700700701 0.6328381549630667
4 3.71971971971972 0.6335302347867194
4 3.738738738738739 0.6342141863829025
4 3.757757757757758 0.6348901520258345
4 3.776776776776777 0.635558270986658
4 3.795795795795796 0.6362186789493466
4 3.814814814814815 0.6368715084507233
4 3.8338338338338342 0.6375168893941286
4 3.852852852852853 0.6381549484346581
4 3.871871871871872 0.6387858097440253
4 3.890890890890891 0.6394095942463679
4 3.90990990990991 0.6400264200941005
4 3.9289289289289293 0.640636403487552
4 3.9479479479479482 0.6412396573696305
4 3.966966966966967 0.641836292809635
4 3.985985985985986 0.642426417893313
4 4.005005005005005 0.6430101385459526
4 4.024024024024024 0.6435875586363773
4 4.043043043043044 0.6441587795305466
4 4.062062062062062 0.6447239005558304
4 4.081081081081081 0.645283018904497
4 4.1001001001001 0.6458362296989019
4 4.119119119119119 0.6463836260820353
4 4.138138138138139 0.6469252992386699
4 4.157157157157157 0.6474613384671822
4 4.176176176176177 0.6479918312088323
4 4.195195195195195 0.6485168631071513
4 4.2142142142142145 0.649036518016723
4 4.233233233233234 0.6495508781585262
4 4.252252252252252 0.6500600240447036
4 4.271271271271272 0.6505640345269482
4 4.29029029029029 0.6510629869578363
4 4.3093093093093096 0.6515569570867017
4 4.328328328328329 0.6520460191213342
4 4.347347347347347 0.6525302459087832
4 4.366366366366367 0.6530097087684668
4 4.385385385385385 0.6534844776731605
4 4.404404404404405 0.6539546212484051
4 4.423423423423424 0.6544202066947842
4 4.442442442442443 0.6548813000110001
4 4.461461461461462 0.6553379659076761
4 4.48048048048048 0.6557902678474157
4 4.4994994994995 0.6562382680766561
4 4.518518518518519 0.6566820276714456
4 4.537537537537538 0.657121606560272
4 4.556556556556557 0.6575570635761533
4 4.575575575575575 0.6579884563619213
4 4.594594594594595 0.658415841612088
4 4.613613613613614 0.658839274873168
4 4.6326326326326335 0.6592588107236458
4 4.651651651651652 0.659674502743268
4 4.67067067067067 0.6600864034795907
4 4.68968968968969 0.660494564605582
4 4.708708708708709 0.6608990367944778
4 4.7277277277277285 0.6612998698152976
4 4.746746746746747 0.661697112588962
4 4.7657657657657655 0.6620908131370337
4 4.784784784784785 0.6624810186138688
4 4.803803803803804 0.6628677753501985
4 4.822822822822824 0.6632511289163538
4 4.841841841841842 0.6636311239382258
4 4.8608608608608606 0.6640078044543148
4 4.87987987987988 0.6643812135750948
4 4.898898898898899 0.6647513938115557
4 4.917917917917919 0.6651183868058063
4 4.936936936936937 0.6654822335476006
4 4.9559559559559565 0.6658429743192369
4 4.974974974974975 0.666200648714987
4 4.993993993993994 0.6665552957377221
4 5.013013013013014 0.6669069535631507
4 5.032032032032032 0.6672556598980768
4 5.051051051051052 0.6676014516881454
4 5.07007007007007 0.6679443653693391
4 5.089089089089089 0.6682844367305701
4 5.108108108108109 0.6686217009048502
4 5.127127127127127 0.6689561925704571
4 5.146146146146147 0.669287945724867
4 5.165165165165165 0.66961699390593
4 5.1841841841841845 0.6699433700499652
4 5.203203203203204 0.6702671065503861
4 5.222222222222222 0.670588235308938
4 5.241241241241242 0.6709067877232827
4 5.26026026026026 0.6712227946931919
4 5.2792792792792795 0.6715362865604814
4 5.298298298298299 0.6718472932283176
4 5.317317317317317 0.6721558441849712
4 5.336336336336337 0.6724619683647887
4 5.355355355355356 0.6727656942811333
4 5.374374374374375 0.6730670500295308
4 5.393393393393394 0.6733660632323241
4 5.412412412412412 0.6736627611049069
4 5.431431431431432 0.6739571704342019
4 5.450450450450451 0.6742493175853891
4 5.46946946946947 0.674539228547039
4 5.488488488488489 0.6748269288845763
4 5.5075075075075075 0.6751124438055376
4 5.526526526526527 0.6753957980931493
4 5.545545545545546 0.675677016206761
4 5.564564564564565 0.6759561221644751
4 5.583583583583584 0.6762331397483669
4 5.602602602602603 0.6765080922255828
4 5.621621621621622 0.6767810026703837
4 5.640640640640641 0.6770518937092007
4 5.65965965965966 0.6773207876908782
4 5.678678678678679 0.6775877065872169
4 5.6976976976976985 0.6778526721542755
4 5.716716716716717 0.6781157056748708
4 5.735735735735736 0.6783768282472241
4 5.754754754754755 0.6786360606043826
4 5.773773773773774 0.6788934231871747
4 5.792792792792794 0.6791489361917115
4 5.811811811811812 0.6794026194583591
4 5.830830830830831 0.6796544925610714
4 5.84984984984985 0.6799045748141683
4 5.868868868868869 0.6801528852677505
4 5.887887887887889 0.680399442654967
4 5.906906906906907 0.6806442655101897
4 5.9259259259259265 0.6808873720300171
4 5.944944944944945 0.6811287802465144
4 5.963963963963964 0.6813685078629247
4 5.982982982982984 0.6816065723491039
4 6.002002002002002 0.6818429910123711
4 6.0210210210210215 0.682077780813036
4 6.04004004004004 0.6823109585606996
4 6.059059059059059 0.682542540758263
4 6.078078078078079 0.6827725437766751
4 6.097097097097097 0.6830009836515523
4 6.116116116116117 0.683227876327419
4 6.135135135135136 0.6834532374215038
4 6.1541541541541545 0.6836770824385998
4 6.173173173173174 0.6838994265821344
4 6.192192192192192 0.6841202848974309
4 6.211211211211212 0.6843396722697553
4 6.230230230230231 0.6845576032983258
4 6.2492492492492495 0.6847740924730709
4 6.268268268268269 0.6849891540281898
4 6.287287287287287 0.6852028020692104
4 6.306306306306307 0.6854150504330985
4 6.325325325325326 0.6856259129049699
4 6.344344344344345 0.6858354029523898
4 6.363363363363364 0.6860435339547277
4 6.382382382382382 0.6862503190735666
4 6.401401401401402 0.68645577136974
4 6.420420420420421 0.6866599036413861
4 6.43943943943944 0.6868627286024839
4 6.458458458458459 0.6870642587339094
4 6.477477477477478 0.687264506422214
4 6.496496496496497 0.6874634838741438
4 6.515515515515516 0.68766120311433
4 6.534534534534535 0.6878576760553923
4 6.553553553553554 0.6880529144458687
4 6.572572572572573 0.6882469298798849
4 6.591591591591592 0.6884397338175627
4 6.610610610610611 0.6886313375577152
4 6.62962962962963 0.6888217522947189
4 6.648648648648649 0.689010989019584
4 6.6676676676676685 0.689199058674804
4 6.686686686686687 0.689385972032385
4 6.705705705705706 0.6895717396787577
4 6.724724724724725 0.6897563721363836
4 6.743743743743744 0.6899398797670728
4 6.762762762762764 0.6901222728523672
4 6.781781781781782 0.6903035614850288
4 6.800800800800801 0.6904837556857935
4 6.81981981981982 0.6906628653029503
4 6.838838838838839 0.6908409001438212
4 6.857857857857859 0.691017869824629
4 6.876876876876877 0.6911937838679804
4 6.8958958958958965 0.6913686517179981
4 6.914914914914916 0.6915424826521636
4 6.933933933933934 0.6917152858878838
4 6.952952952952954 0.691887070525508
4 6.971971971971972 0.692057845504128
4 6.9909909909909915 0.6922276197187451
4 7.010010010010011 0.6923964020360218
4 7.029029029029029 0.6925642008609418
4 7.048048048048049 0.692731025011355
4 7.067067067067067 0.6928968827989728
4 7.086086086086087 0.6930617827336097
4 7.105105105105106 0.6932257330515973
4 7.124124124124124 0.6933887419863256
4 7.143143143143144 0.6935508174768574
4 7.162162162162162 0.6937119676429297
4 7.181181181181182 0.6938722002692068
4 7.200200200200201 0.6940315232140968
4 7.2192192192192195 0.6941899441592917
4 7.238238238238239 0.6943474708532092
4 7.257257257257257 0.6945041107291384
4 7.276276276276277 0.6946598714259965
4 7.295295295295296 0.6948147601808912
4 7.314314314314315 0.6949687844427455
4 7.333333333333334 0.6951219512345503
4 7.352352352352353 0.695274267780375
4 7.371371371371372 0.6954257412379206
4 7.390390390390391 0.6955763783970538
4 7.40940940940941 0.6957261861863071
4 7.428428428428429 0.695875171588058
4 7.447447447447448 0.6960233412647614
4 7.466466466466467 0.6961707018593961
4 7.485485485485486 0.6963172600836115
4 7.504504504504505 0.6964630225220393
4 7.523523523523524 0.6966079954578988
4 7.542542542542543 0.6967521853673788
4 7.561561561561562 0.6968955986492319
4 7.580580580580581 0.6970382414326333
4 7.5995995995996 0.6971801198644466
4 7.618618618618619 0.6973212402618834
4 7.6376376376376385 0.6974616086008328
4 7.656656656656657 0.6976012307844729
4 7.675675675675676 0.6977401129393933
4 7.694694694694695 0.6978782608896545
4 7.713713713713714 0.6980156803012714
4 7.7327327327327335 0.6981523770171891
4 7.751751751751752 0.6982883567756278
4 7.770770770770771 0.6984236250703227
4 7.789789789789791 0.6985581875312707
4 7.808808808808809 0.6986920495965743
4 7.827827827827829 0.6988252168638779
4 7.846846846846847 0.6989576946082056
4 7.8658658658658664 0.6990894882767359
4 7.884884884884886 0.6992206031309403
4 7.903903903903904 0.6993510444283193
4 7.922922922922924 0.6994808172225694
4 7.941941941941942 0.699609926783265
4 7.9609609609609615 0.6997383780425626
4 7.979979979979981 0.6998661760861472
4 7.998998998998999 0.6999933257931702
4 8.018018018018019 0.7001198322522554
4 8.037037037037038 0.7002457002599161
4 8.056056056056057 0.7003709346417484
4 8.075075075075077 0.7004955401568547
4 8.094094094094094 0.7006195215279499
4 8.113113113113114 0.7007428834540874
4 8.132132132132133 0.7008656305535212
4 8.15115115115115 0.7009877674084058
4 8.17017017017017 0.7011092985391638
4 8.18918918918919 0.7012302284869585
4 8.208208208208209 0.701350561672043
4 8.227227227227228 0.7014703024950669
4 8.246246246246248 0.7015894553358256
4 8.265265265265267 0.7017080245026046
4 8.284284284284285 0.7018260142820585
4 8.303303303303304 0.7019434289095196
4 8.322322322322323 0.702060272588991
4 8.34134134134134 0.7021765494534856
4 8.36036036036036 0.702292263622283
4 8.37937937937938 0.7024074191845572
4 8.398398398398399 0.7025220201800061
4 8.417417417417418 0.702636070560184
4 8.436436436436438 0.7027495743286584
4 8.455455455455457 0.7028625353953663
4 8.474474474474475 0.7029749576516614
4 8.493493493493494 0.7030868449134998
4 8.512512512512513 0.7031982010171083
4 8.531531531531531 0.7033090297392143
4 8.55055055055055 0.7034193348052211
4 8.56956956956957 0.7035291199065808
4 8.588588588588589 0.7036383887320057
4 8.607607607607608 0.7037471449083874
4 8.626626626626628 0.703855392028921
4 8.645645645645647 0.7039631336523764
4 8.664664664664667 0.7040703733304553
4 8.683683683683684 0.7041771145706264
4 8.702702702702704 0.7042833608048947
4 8.721721721721721 0.7043891154987642
4 8.74074074074074 0.7044943820383229
4 8.75975975975976 0.7045991637964735
4 8.77877877877878 0.7047034641351845
4 8.797797797797799 0.7048072863478524
4 8.816816816816818 0.7049106336973846
4 8.835835835835837 0.705013509471841
4 8.854854854854857 0.7051159168665889
4 8.873873873873874 0.7052178590756668
4 8.892892892892894 0.7053193392752132
4 8.911911911911913 0.7054203605834702
4 8.93093093093093 0.7055209260945723
4 8.94994994994995 0.7056210389351678
4 8.96896896896897 0.7057207021008765
4 8.987987987987989 0.7058199186412298
4 9.007007007007008 0.7059186915594554
4 9.026026026026027 0.7060170237915019
4 9.045045045045045 0.7061149183183059
4 9.064064064064064 0.7062123780108116
4 9.083083083083084 0.7063094058084303
4 9.102102102102103 0.7064060045406643
4 9.121121121121122 0.7065021770922175
4 9.14014014014014 0.7065979262036395
4 9.15915915915916 0.7066932547396749
4 9.178178178178179 0.7067881654207636
4 9.197197197197198 0.7068826610060968
4 9.216216216216218 0.7069767442017867
4 9.235235235235235 0.7070704177054832
4 9.254254254254255 0.7071636842024754
4 9.273273273273274 0.70725654629916
4 9.292292292292293 0.7073490066659632
4 9.311311311311313 0.7074410678935411
4 9.33033033033033 0.7075327325391367
4 9.34934934934935 0.707624003175086
4 9.368368368368369 0.7077148823452327
4 9.387387387387388 0.7078053725386543
4 9.406406406406408 0.7078954762780082
4 9.425425425425425 0.7079851959827929
4 9.444444444444445 0.7080745341750085
4 9.463463463463464 0.7081634932294218
4 9.482482482482483 0.7082520755581801
4 9.501501501501503 0.7083402835790656
4 9.52052052052052 0.7084281196430903
4 9.53953953953954 0.7085155860905398
4 9.558558558558559 0.7086026852439813
4 9.577577577577578 0.7086894194359887
4 9.596596596596598 0.7087757909256795
4 9.615615615615617 0.7088618020148081
4 9.634634634634635 0.7089474549508472
4 9.653653653653654 0.7090327519282159
4 9.672672672672673 0.709117695210391
4 9.691691691691693 0.7092022869765084
4 9.710710710710712 0.7092865293854513
4 9.72972972972973 0.7093704245960252
4 9.74874874874875 0.7094539747877496
4 9.767767767767769 0.7095371820636103
4 9.786786786786788 0.7096200485140682
4 9.805805805805807 0.7097025762499318
4 9.824824824824825 0.7097847673348117
4 9.843843843843844 0.7098666238296378
4 9.862862862862864 0.7099481477604216
4 9.881881881881883 0.7100293411643448
4 9.900900900900902 0.7101102060478894
4 9.91991991991992 0.7101907443892674
4 9.93893893893894 0.7102709581762245
4 9.957957957957959 0.7103508493506884
4 9.976976976976978 0.7104304198755903
4 9.995995995995997 0.710509671651345
4 10.015015015015015 0.7105886066178846
4 10.034034034034034 0.7106672266462797
4 10.053053053053054 0.7107455336140699
4 10.072072072072073 0.7108235294303686
4 10.091091091091092 0.7109012159024437
4 10.11011011011011 0.7109785948786214
4 10.12912912912913 0.711055668182053
4 10.148148148148149 0.7111324376316327
4 10.167167167167168 0.7112089050054573
4 10.186186186186188 0.7112850720976724
4 10.205205205205205 0.7113609406591285
4 10.224224224224224 0.7114365124370912
4 10.243243243243244 0.7115117891933582
4 10.262262262262263 0.7115867726376083
4 10.281281281281283 0.7116614644747423
4 10.3003003003003 0.7117358664211108
4 10.31931931931932 0.7118099801359293
4 10.338338338338339 0.7118838073145576
4 10.357357357357358 0.7119573495929664
4 10.376376376376378 0.7120306086284565
4 10.395395395395397 0.7121035860698762
4 10.414414414414415 0.7121762835155706
4 10.433433433433434 0.7122487025836814
4 10.452452452452453 0.7123208448753471
4 10.471471471471473 0.7123927119503942
4 10.490490490490492 0.7124643054050422
4 10.50950950950951 0.7125356267912513
4 10.528528528528529 0.7126066776600568
4 10.547547547547548 0.7126774595424766
4 10.566566566566568 0.7127479739571574
4 10.585585585585587 0.712818222442687
4 10.604604604604605 0.7128882064636883
4 10.623623623623624 0.7129579275308776
4 10.642642642642643 0.7130273871302895
4 10.661661661661663 0.7130965867220822
4 10.680680680680682 0.7131655277644401
4 10.6996996996997 0.7132342116938922
4 10.71871871871872 0.713302639968445
4 10.737737737737739 0.7133708140012278
4 10.756756756756758 0.7134387351854808
4 10.775775775775777 0.7135064049646408
4 10.794794794794795 0.7135738246959262
4 10.813813813813814 0.7136409957875061
4 10.832832832832834 0.7137079196101813
4 10.851851851851853 0.713774597499336
4 10.870870870870872 0.713841030841706
4 10.88988988988989 0.7139072209813533
4 10.90890890890891 0.7139731692194938
4 10.927927927927929 0.7140388768948117
4 10.946946946946948 0.7141043453405201
4 10.965965965965967 0.7141695758263755
4 10.984984984984985 0.714234569670841
4 11.004004004004004 0.7142993281621337
4 11.023023023023024 0.714363852566804
4 11.042042042042043 0.7144281441520457
4 11.061061061061062 0.7144922041718268
4 11.08008008008008 0.7145560338791512
4 11.0990990990991 0.7146196345229076
4 11.118118118118119 0.7146830073196718
4 11.137137137137138 0.7147461534917977
4 11.156156156156158 0.7148090742669271
4 11.175175175175177 0.7148717708326263
4 11.194194194194194 0.714934244404447
4 11.213213213213214 0.7149964961529502
4 11.232232232232233 0.7150585272669873
4 11.251251251251253 0.7151203389222912
4 11.270270270270272 0.7151819322579857
4 11.28928928928929 0.7152433084560623
4 11.308308308308309 0.7153044686382076
4 11.327327327327328 0.7153654139643753
4 11.346346346346348 0.7154261455530436
4 11.365365365365367 0.7154866645290994
4 11.384384384384385 0.7155469720030152
4 11.403403403403404 0.7156070690896099
4 11.422422422422423 0.7156669568898963
4 11.441441441441443 0.7157266364804045
4 11.460460460460462 0.7157861089609423
4 11.47947947947948 0.715845375407922
4 11.498498498498499 0.7159044368711661
4 11.517517517517518 0.7159632944229815
4 11.536536536536538 0.7160219491260655
4 11.555555555555557 0.7160804020129629
4 11.574574574574575 0.7161386541494555
4 11.593593593593594 0.7161967065294628
4 11.612612612612613 0.7162545602033292
4 11.631631631631633 0.716312216187423
4 11.650650650650652 0.7163696754853193
4 11.66966966966967 0.7164269391221275
4 11.68868868868869 0.7164840080516836
4 11.707707707707709 0.716540883326048
4 11.726726726726728 0.716597565884152
4 11.745745745745747 0.7166540567187436
4 11.764764764764765 0.7167103567861579
4 11.783783783783784 0.7167664670779671
4 11.802802802802804 0.7168223885338434
4 11.821821821821823 0.7168781221090688
4 11.840840840840842 0.7169336687514284
4 11.85985985985986 0.7169890293978332
4 11.87887887887888 0.7170442049757266
4 11.897897897897899 0.7170991964330458
4 11.916916916916918 0.7171540046622756
4 11.935935935935937 0.7172086305827673
4 11.954954954954957 0.7172630751212112
4 11.973973973973974 0.7173173391615424
4 11.992992992992994 0.7173714236113422
4 12.012012012012013 0.7174253293408455
4 12.031031031031032 0.7174790572603211
4 12.050050050050052 0.7175326082345188
4 12.06906906906907 0.7175859831363252
4 12.088088088088089 0.7176391828364461
4 12.107107107107108 0.717692208189943
4 12.126126126126128 0.717745060064856
4 12.145145145145147 0.7177977392973675
4 12.164164164164164 0.7178502467392959
4 12.183183183183184 0.7179025832229197
4 12.202202202202203 0.7179547495955306
4 12.221221221221223 0.7180067466683087
4 12.240240240240242 0.7180585752741496
4 12.25925925925926 0.7181102362301367
4 12.278278278278279 0.7181617303492996
4 12.297297297297298 0.7182130584341232
4 12.316316316316318 0.718264221281459
4 12.335335335335337 0.7183152196965565
4 12.354354354354355 0.7183660544759777
4 12.373373373373374 0.7184167263854293
4 12.392392392392393 0.7184672362308598
4 12.411411411411413 0.7185175847833201
4 12.430430430430432 0.7185677727980498
4 12.44944944944945 0.7186178010624341
4 12.468468468468469 0.7186676703185998
4 12.487487487487488 0.7187173813269492
4 12.506506506506508 0.7187669348547768
4 12.525525525525527 0.7188163316384943
4 12.544544544544545 0.7188655724176898
4 12.563563563563564 0.7189146579370139
4 12.582582582582583 0.7189635889227338
4 12.601601601601603 0.7190123661122592
4 12.620620620620622 0.7190609902265195
4 12.63963963963964 0.7191094619757938
4 12.65865865865866 0.7191577820853229
4 12.677677677677679 0.7192059512632271
4 12.696696696696698 0.7192539702107283
4 12.715715715715717 0.7193018396494697
4 12.734734734734735 0.7193495602443565
4 12.753753753753754 0.719397132700147
4 12.772772772772774 0.7194445577338301
4 12.791791791791793 0.7194918359992617
4 12.810810810810812 0.7195389681788728
4 12.829829829829832 0.7195859549521222
4 12.84884884884885 0.7196327969934077
4 12.867867867867869 0.7196794949701831
4 12.886886886886888 0.7197260495403425
4 12.905905905905907 0.7197724613783171
4 12.924924924924927 0.7198187311204485
4 12.943943943943944 0.7198648594394226
4 12.962962962962964 0.7199108469622365
4 12.981981981981983 0.7199566943365822
4 13.001001001001002 0.7200024022155288
4 13.020020020020022 0.72004797122492
4 13.03903903903904 0.7200934019975703
4 13.058058058058059 0.7201386951612498
4 13.077077077077078 0.7201838513380814
4 13.096096096096097 0.7202288711498028
4 13.115115115115117 0.7202737552167223
4 13.134134134134134 0.7203185041514077
4 13.153153153153154 0.7203631185517879
4 13.172172172172173 0.7204075990427226
4 13.191191191191193 0.7204519462172895
4 13.210210210210212 0.7204961606777285
4 13.22922922922923 0.7205402429963758
4 13.248248248248249 0.7205841938004379
4 13.267267267267268 0.720628013655276
4 13.286286286286288 0.7206717031417872
4 13.305305305305307 0.7207152628511485
4 13.324324324324325 0.7207586933679357
4 13.343343343343344 0.7208019952486169
4 13.362362362362363 0.7208451690811326
4 13.381381381381383 0.7208882154198188
4 13.400400400400402 0.7209311348285258
4 13.41941941941942 0.7209739278803623
4 13.438438438438439 0.7210165951152551
4 13.457457457457458 0.721059137090428
4 13.476476476476478 0.7211015543704017
4 13.495495495495497 0.721143847495168
4 13.514514514514515 0.7211860170078002
4 13.533533533533534 0.7212280634453246
4 13.552552552552553 0.7212699873517605
4 13.571571571571573 0.7213117892655067
4 13.590590590590592 0.7213534697114632
4 13.609609609609612 0.7213950292156375
4 13.62862862862863 0.7214364683065491
4 13.647647647647648 0.7214777875102293
4 13.666666666666668 0.721518987351858
4 13.685685685685687 0.7215600683365372
4 13.704704704704707 0.7216010309726666
4 13.723723723723724 0.721641875786647
4 13.742742742742744 0.7216826032785065
4 13.761761761761763 0.7217232139530255
4 13.780780780780782 0.7217637083178978
4 13.799799799799802 0.7218040868586645
4 13.81881881881882 0.721844350086253
4 13.837837837837839 0.7218844984904729
4 13.856856856856858 0.7219245325518899
4 13.875875875875877 0.7219644527649447
4 13.894894894894897 0.7220042596147428
4 13.913913913913914 0.7220439535909644
4 13.932932932932934 0.722083535163792
4 13.951951951951953 0.7221230048066313
4 13.970970970970972 0.72216236300163
4 13.989989989989992 0.7222016102207072
4 14.00900900900901 0.7222407469242595
4 14.028028028028029 0.7222797735837115
4 14.047047047047048 0.7223186906634278
4 14.066066066066067 0.7223574986231938
4 14.085085085085087 0.7223961979252892
4 14.104104104104104 0.7224347890120904
4 14.123123123123124 0.7224732723599108
4 14.142142142142143 0.7225116483939706
4 14.161161161161163 0.7225499175748747
4 14.180180180180182 0.7225880803469907
4 14.1991991991992 0.7226261371622221
4 14.218218218218219 0.7226640884375611
4 14.237237237237238 0.7227019346443206
4 14.256256256256258 0.7227396761926653
4 14.275275275275277 0.7227773135270155
4 14.294294294294295 0.7228148470709947
4 14.313313313313314 0.7228522772653878
4 14.332332332332333 0.7228896045296339
4 14.351351351351353 0.722926829272421
4 14.370370370370372 0.722963951941138
4 14.38938938938939 0.7230009729472332
4 14.408408408408409 0.7230378926962916
4 14.427427427427428 0.7230747116156021
4 14.446446446446448 0.7231114301135209
4 14.465465465465467 0.7231480486093803
4 14.484484484484486 0.7231845674961204
4 14.503503503503504 0.7232209871765647
4 14.522522522522523 0.7232573080674464
4 14.541541541541543 0.7232935305714688
4 14.560560560560562 0.7233296550826076
4 14.579579579579582 0.723365681996188
4 14.598598598598599 0.7234016117049389
4 14.617617617617618 0.7234374446139064
4 14.636636636636638 0.7234731811040662
4 14.655655655655657 0.7235088215592189
4 14.674674674674677 0.7235443663812882
4 14.693693693693694 0.7235798159416966
4 14.712712712712714 0.7236151706258575
4 14.731731731731733 0.7236504308189419
4 14.750750750750752 0.7236855968881902
4 14.769769769769772 0.723720669219455
4 14.78878878878879 0.7237556481944909
4 14.807807807807809 0.7237905341650877
4 14.826826826826828 0.7238253275191192
4 14.845845845845847 0.7238600286202224
4 14.864864864864867 0.7238946378260037
4 14.883883883883884 0.7239291555099775
4 14.902902902902904 0.7239635820305981
4 14.921921921921923 0.7239979177603675
4 14.940940940940942 0.7240321630417762
4 14.959959959959962 0.724066318245942
4 14.97897897897898 0.7241003837045135
4 14.997997997997999 0.7241343597987699
4 15.017017017017018 0.7241682468659325
4 15.036036036036037 0.7242020452570828
4 15.055055055055057 0.7242357553144821
4 15.074074074074074 0.7242693773071258
4 15.093093093093094 0.7243029117409949
4 15.112112112112113 0.7243363588953614
4 15.131131131131133 0.7243697190797563
4 15.150150150150152 0.7244029926525476
4 15.16916916916917 0.7244361800225589
4 15.188188188188189 0.7244692813669361
4 15.207207207207208 0.7245022970999172
4 15.226226226226228 0.724535227553369
4 15.245245245245247 0.7245680730556912
4 15.264264264264266 0.7246008339335027
4 15.283283283283284 0.7246335105953107
4 15.302302302302303 0.7246661032142702
4 15.321321321321323 0.7246986121841803
4 15.340340340340342 0.7247310378260106
4 15.359359359359361 0.7247633804591719
4 15.378378378378379 0.7247956403300246
4 15.397397397397398 0.7248278179174787
4 15.416416416416418 0.7248599134338958
4 15.435435435435437 0.7248919272202413
4 15.454454454454456 0.7249238595739171
4 15.473473473473474 0.724955710725569
4 15.492492492492493 0.7249874811585774
4 15.511511511511513 0.7250191710719971
4 15.530530530530532 0.725050780793163
4 15.549549549549551 0.7250823106116646
4 15.568568568568569 0.725113760924421
4 15.587587587587588 0.7251451318715032
4 15.606606606606608 0.7251764238214051
4 15.625625625625627 0.7252076370766423
4 15.644644644644647 0.7252387719445476
4 15.663663663663664 0.725269828778009
4 15.682682682682684 0.7253008077303308
4 15.701701701701703 0.7253317091652288
4 15.720720720720722 0.725362533374874
4 15.739739739739742 0.725393280649021
4 15.75875875875876 0.7254239511990817
4 15.777777777777779 0.7254545454532347
4 15.796796796796798 0.7254850636453639
4 15.815815815815817 0.7255155060369299
4 15.834834834834837 0.7255458729182693
4 15.853853853853854 0.725576164483204
4 15.872872872872874 0.7256063811781468
4 15.891891891891893 0.725636523199635
4 15.910910910910912 0.7256665908139689
4 15.929929929929932 0.7256965843222318
4 15.94894894894895 0.7257265040392415
4 15.967967967967969 0.7257563501082474
4 15.986986986986988 0.7257861228783729
4 16.006006006006007 0.7258158226063262
4 16.025025025025027 0.7258454495679354
4 16.044044044044046 0.7258750040286567
4 16.063063063063062 0.7259044862596254
4 16.08208208208208 0.7259338965157085
4 16.1011011011011 0.7259632350682272
4 16.12012012012012 0.7259925021719137
4 16.13913913913914 0.7260216980890764
4 16.15815815815816 0.7260508230837805
4 16.177177177177178 0.7260798774137844
4 16.196196196196198 0.7261088613280524
4 16.215215215215217 0.7261377750951146
4 16.234234234234236 0.7261666189616418
4 16.253253253253256 0.7261953931754921
4 16.272272272272275 0.726224098008987
4 16.291291291291294 0.7262527336793058
4 16.310310310310314 0.7262813004567922
4 16.329329329329333 0.7263097985966093
4 16.34834834834835 0.7263382283324932
4 16.36736736736737 0.7263665899219155
4 16.386386386386388 0.7263948835948967
4 16.405405405405407 0.7264231096105206
4 16.424424424424426 0.7264512681952113
4 16.443443443443442 0.7264793596052054
4 16.46246246246246 0.7265073840707459
4 16.48148148148148 0.7265353418401052
4 16.5005005005005 0.7265632331373246
4 16.51951951951952 0.7265910582125134
4 16.53853853853854 0.7266188172912434
4 16.55755755755756 0.7266465106215589
4 16.576576576576578 0.7266741384190013
4 16.595595595595597 0.7267017009327128
4 16.614614614614617 0.7267291983806273
4 16.633633633633636 0.7267566309927181
4 16.652652652652655 0.7267839990166499
4 16.671671671671675 0.726811302663329
4 16.690690690690694 0.7268385421522995
4 16.709709709709713 0.7268657177326983
4 16.72872872872873 0.7268928296169748
4 16.74774774774775 0.7269198780174547
4 16.766766766766768 0.7269468631741803
4 16.785785785785787 0.7269737853099028
4 16.804804804804807 0.7270006446330709
4 16.823823823823826 0.7270274413725405
4 16.842842842842842 0.7270541757324355
4 16.86186186186186 0.7270808479463297
4 16.88088088088088 0.7271074582249278
4 16.8998998998999 0.7271340067788091
4 16.91891891891892 0.7271604938378383
4 16.93793793793794 0.7271869195950568
4 16.956956956956958 0.7272132842708688
4 16.975975975975977 0.7272395880888088
4 16.994994994994997 0.7272658312408158
4 17.014014014014016 0.72729201395215
4 17.033033033033036 0.7273181364153458
4 17.052052052052055 0.7273441988510313
4 17.07107107107107 0.7273702014637626
4 17.09009009009009 0.7273961444541086
4 17.10910910910911 0.7274220280282384
4 17.12812812812813 0.727447852397986
4 17.147147147147148 0.7274736177541569
4 17.166166166166168 0.7274993243135202
4 17.185185185185187 0.7275249722599795
4 17.204204204204206 0.72755056180831
4 17.223223223223226 0.7275760931443556
4 17.242242242242245 0.727601566474263
4 17.261261261261264 0.7276269820014519
4 17.28028028028028 0.7276523399078987
4 17.2992992992993 0.7276776404082514
4 17.31831831831832 0.7277028836785784
4 17.33733733733734 0.7277280699202705
4 17.356356356356358 0.7277531993308581
4 17.375375375375377 0.7277782720934902
4 17.394394394394396 0.7278032884103256
4 17.413413413413416 0.7278282484627263
4 17.432432432432435 0.7278531524437267
4 17.451451451451454 0.7278780005381689
4 17.47047047047047 0.7279027929367486
4 17.48948948948949 0.7279275298371973
4 17.50850850850851 0.7279522114056896
4 17.52752752752753 0.7279768378394511
4 17.546546546546548 0.7280014093269579
4 17.565565565565567 0.7280259260401879
4 17.584584584584587 0.7280503881758356
4 17.603603603603606 0.7280747958978618
4 17.622622622622625 0.7280991494039522
4 17.641641641641645 0.7281234488689607
4 17.66066066066066 0.72814769446524
4 17.67967967967968 0.7281718863859197
4 17.6986986986987 0.7281960247987038
4 17.71771771771772 0.7282201098858067
4 17.736736736736738 0.7282441418206173
4 17.755755755755757 0.7282681207870096
4 17.774774774774777 0.7282920469444482
4 17.793793793793796 0.7283159204759286
4 17.812812812812815 0.7283397415538339
4 17.831831831831835 0.7283635103622396
4 17.85085085085085 0.728387227052529
4 17.86986986986987 0.7284108918063925
4 17.88888888888889 0.7284345048006274
4 17.90790790790791 0.7284580661905385
4 17.926926926926928 0.7284815761558953
4 17.945945945945947 0.7285050348620126
4 17.964964964964967 0.7285284424756309
4 17.983983983983986 0.7285517991648676
4 18.003003003003005 0.7285751050939221
4 18.022022022022025 0.7285983604314881
4 18.04104104104104 0.7286215653304732
4 18.06006006006006 0.7286447199740202
4 18.07907907907908 0.7286678245058826
4 18.0980980980981 0.7286908791075293
4 18.117117117117118 0.7287138839214142
4 18.136136136136138 0.728736839123778
4 18.155155155155157 0.7287597448674302
4 18.174174174174176 0.7287826013191769
4 18.193193193193196 0.7288054086218765
4 18.212212212212215 0.7288281669491321
4 18.231231231231234 0.7288508764582583
4 18.25025025025025 0.7288735372952421
4 18.26926926926927 0.7288961496268177
4 18.28828828828829 0.7289187136052935
4 18.30730730730731 0.7289412293828444
4 18.326326326326328 0.7289636971195561
4 18.345345345345347 0.7289861169631587
4 18.364364364364366 0.7290084890660513
4 18.383383383383386 0.7290308135822894
4 18.402402402402405 0.7290530906711291
4 18.421421421421424 0.7290753204752598
4 18.44044044044044 0.7290975031441154
4 18.45945945945946 0.7291196388321874
4 18.47847847847848 0.7291417276839135
4 18.4974974974975 0.7291637698583854
4 18.516516516516518 0.7291857654859095
4 18.535535535535537 0.7292077147248874
4 18.554554554554556 0.7292296177234094
4 18.573573573573576 0.7292514746232269
4 18.592592592592595 0.7292732855752222
4 18.611611611611615 0.7292950507124294
4 18.63063063063063 0.7293167701907184
4 18.64964964964965 0.7293384441508393
4 18.66866866866867 0.729360072726732
4 18.68768768768769 0.7293816560785242
4 18.706706706706708 0.729403194329979
4 18.725725725725727 0.7294246876343824
4 18.744744744744747 0.7294461361241146
4 18.763763763763766 0.7294675399460127
4 18.782782782782785 0.7294888992372676
4 18.801801801801805 0.7295102141312821
4 18.82082082082082 0.7295314847731079
4 18.83983983983984 0.7295527112990327
4 18.85885885885886 0.7295738938479671
4 18.87787787787788 0.7295950325499305
4 18.896896896896898 0.7296161275444082
4 18.915915915915917 0.7296371789710655
4 18.934934934934937 0.7296581869574024
4 18.953953953953956 0.7296791516396953
4 18.972972972972975 0.7297000731591385
4 18.991991991991995 0.7297209516388712
4 19.011011011011014 0.7297417872147224
4 19.03003003003003 0.7297625800197277
4 19.04904904904905 0.7297833301902509
4 19.06806806806807 0.7298040378514803
4 19.087087087087088 0.7298247031354859
4 19.106106106106107 0.7298453261681233
4 19.125125125125127 0.7298659070857192
4 19.144144144144146 0.7298864460055643
4 19.163163163163166 0.7299069430739411
4 19.182182182182185 0.7299273984024206
4 19.201201201201204 0.729947812132095
4 19.22022022022022 0.7299681843755179
4 19.23923923923924 0.7299885152702301
4 19.25825825825826 0.7300088049360409
4 19.27727727727728 0.7300290534983667
4 19.296296296296298 0.7300492610930237
4 19.315315315315317 0.7300694278254124
4 19.334334334334336 0.7300895538309234
4 19.353353353353356 0.7301096392367733
4 19.372372372372375 0.7301296841502445
4 19.391391391391394 0.7301496887057287
4 19.41041041041041 0.7301696530217197
4 19.42942942942943 0.7301895772254492
4 19.44844844844845 0.730209461431597
4 19.46746746746747 0.7302293057563509
4 19.486486486486488 0.7302491103280966
4 19.505505505505507 0.7302688752607285
4 19.524524524524526 0.7302886006724114
4 19.543543543543546 0.7303082866898287
4 19.562562562562565 0.7303279334197212
4 19.581581581581585 0.7303475409867669
4 19.6006006006006 0.7303671095108467
4 19.61961961961962 0.7303866390963423
4 19.63863863863864 0.730406129870071
4 19.65765765765766 0.7304255819433761
4 19.676676676676678 0.7304449954399518
4 19.695695695695697 0.7304643704581059
4 19.714714714714717 0.7304837071238314
4 19.733733733733736 0.7305030055490281
4 19.752752752752755 0.7305222658453127
4 19.771771771771775 0.730541488122376
4 19.790790790790794 0.7305606725010042
4 19.80980980980981 0.7305798190885263
4 19.82882882882883 0.7305989279944638
4 19.84784784784785 0.730617999332306
4 19.866866866866868 0.7306370332171216
4 19.885885885885887 0.7306560297434453
4 19.904904904904907 0.7306749890411094
4 19.923923923923926 0.7306939112124462
4 19.942942942942945 0.7307127963639455
4 19.961961961961965 0.7307316445966492
4 19.980980980980984 0.7307504560318172
4 20.0 0.730769230774021
