0.0 0.0
0.010101010101010102 6.297429227271394e-06
0.020202020202020204 9.670878173222691e-05
0.030303030303030304 0.0004697090670748437
0.04040404040404041 0.001423617700467433
0.05050505050505051 0.003331581366507813
0.06060606060606061 0.006619051930756026
0.07070707070707072 0.011743632768938654
0.08080808080808081 0.01917716963639532
0.09090909090909091 0.029389964953213204
0.10101010101010102 0.04283699713332534
0.11111111111111112 0.05994602933868073
0.12121212121212122 0.08110749479242259
0.13131313131313133 0.10666604853784571
0.14141414141414144 0.1369136782827299
0.15151515151515152 0.17208426972148128
0.16161616161616163 0.21234952448034283
0.17171717171717174 0.2578161315837634
0.18181818181818182 0.308524096092851
0.19191919191919193 0.36444613131966314
0.20202020202020204 0.4254880237739144
0.21212121212121213 0.4914898827515223
0.22222222222222224 0.5622281892272355
0.23232323232323235 0.6374185614664113
0.24242424242424243 0.7167191575238706
0.25252525252525254 0.7997346375505442
0.26262626262626265 0.8860206115814977
0.27272727272727276 0.975088501231727
0.2828282828282829 1.06641074647895
0.29292929292929293 1.1594262914654687
0.30303030303030304 1.2535462860039837
0.31313131313131315 1.3481599422250852
0.32323232323232326 1.4426404885569726
0.33333333333333337 1.5363511659807965
0.3434343434343435 1.6286512142578284
0.3535353535353536 1.7189017985775041
0.36363636363636365 1.8064718298282223
0.37373737373737376 1.8907436344456092
0.38383838383838387 1.9711184325457713
0.393939393939394 2.0470215858039267
0.4040404040404041 2.1179075792915967
0.4141414141414142 2.1832647042384044
0.42424242424242425 2.2426194114373166
0.43434343434343436 2.2955403077650667
0.4444444444444445 2.3416417710422124
0.4545454545454546 2.3805871612102703
0.4646464646464647 2.412091608556013
0.4747474747474748 2.4359243624660345
0.48484848484848486 2.451910686947376
0.494949494949495 2.4599332919028907
0.5050505050505051 2.4599332919028907
0.5151515151515152 2.451910686947376
0.5252525252525253 2.4359243624660345
0.5353535353535354 2.412091608556013
0.5454545454545455 2.3805871612102703
0.5555555555555556 2.3416417710422124
0.5656565656565657 2.2955403077650622
0.5757575757575758 2.2426194114373166
0.5858585858585859 2.183264704238402
0.595959595959596 2.1179075792915967
0.6060606060606061 2.047021585803925
0.6161616161616162 1.9711184325457696
0.6262626262626263 1.8907436344456092
0.6363636363636365 1.8064718298282223
0.6464646464646465 1.7189017985775012
0.6565656565656566 1.628651214257827
0.6666666666666667 1.5363511659807951
0.6767676767676768 1.4426404885569712
0.686868686868687 1.348159942225084
0.696969696969697 1.2535462860039825
0.7070707070707072 1.1594262914654676
0.7171717171717172 1.066410746478949
0.7272727272727273 0.9750885012317261
0.7373737373737375 0.8860206115814977
0.7474747474747475 0.7997346375505442
0.7575757575757577 0.7167191575238693
0.7676767676767677 0.6374185614664107
0.7777777777777778 0.5622281892272349
0.787878787878788 0.4914898827515223
0.797979797979798 0.42548802377391365
0.8080808080808082 0.36444613131966247
0.8181818181818182 0.3085240960928507
0.8282828282828284 0.25781613158376265
0.8383838383838385 0.21234952448034244
0.8484848484848485 0.17208426972148128
0.8585858585858587 0.1369136782827294
0.8686868686868687 0.10666604853784553
0.8787878787878789 0.0811074947924223
0.888888888888889 0.05994602933868051
0.8989898989898991 0.04283699713332511
0.9090909090909092 0.0293899649532131
0.9191919191919192 0.019177169636395288
0.9292929292929294 0.01174363276893859
0.9393939393939394 0.006619051930756003
0.9494949494949496 0.0033315813665077774
0.9595959595959597 0.0014236177004674228
0.9696969696969697 0.000469709067074842
0.9797979797979799 9.670878173222501e-05
0.98989898989899 6.297429227271282e-06
1.0 0.0
