0.0 inf
0.010101010101010102 3.1832612606983406
0.020202020202020204 2.262478479567928
0.030303030303030304 1.8569024020740317
0.04040404040404041 1.61656630977233
0.05050505050505051 1.4535714789519132
0.06060606060606061 1.334038067035001
0.07070707070707072 1.2417735018656346
0.08080808080808081 1.1679375788200286
0.09090909090909091 1.1072426662987152
0.10101010101010102 1.0563073910363048
0.11111111111111112 1.0128558556767444
0.12121212121212122 0.9752929223399653
0.13131313131313133 0.9424632404719686
0.14141414141414144 0.9135069192373871
0.15151515151515152 0.8877691502802559
0.16161616161616163 0.8647414653330672
0.17171717171717174 0.8440223266367002
0.18181818181818182 0.8252899564773474
0.19191919191919193 0.808283154886165
0.20202020202020204 0.7927874716716898
0.21212121212121213 0.7786250525466858
0.22222222222222224 0.7656470594503413
0.23232323232323235 0.7537279283509991
0.24242424242424243 0.7427609608296126
0.25252525252525254 0.7326548986220548
0.26262626262626265 0.7233312326432867
0.27272727272727276 0.7147220677975366
0.2828282828282829 0.7067684132579436
0.29292929292929293 0.6994188019572443
0.30303030303030304 0.6926281673468092
0.31313131313131315 0.6863569230682501
0.32323232323232326 0.6805702040558187
0.33333333333333337 0.6752372371178297
0.3434343434343435 0.6703308161739749
0.3535353535353536 0.665826862710192
0.36363636363636365 0.6617040561179596
0.37373737373737376 0.6579435217420515
0.38383838383838387 0.6545285669091551
0.393939393939394 0.6514444571238059
0.4040404040404041 0.6486782261262006
0.4141414141414142 0.646218514703995
0.42424242424242425 0.6440554341086715
0.43434343434343436 0.6421804507004689
0.4444444444444445 0.6405862890754596
0.4545454545454546 0.6392668514458021
0.4646464646464647 0.6382171514741904
0.4747474747474748 0.6374332611253772
0.48484848484848486 0.636912269406845
0.494949494949495 0.636652252139668
0.5050505050505051 0.636652252139668
0.5151515151515152 0.636912269406845
0.5252525252525253 0.6374332611253772
0.5353535353535354 0.6382171514741904
0.5454545454545455 0.6392668514458021
0.5555555555555556 0.6405862890754596
0.5656565656565657 0.6421804507004691
0.5757575757575758 0.6440554341086715
0.5858585858585859 0.6462185147039952
0.595959595959596 0.6486782261262006
0.6060606060606061 0.651444457123806
0.6161616161616162 0.6545285669091551
0.6262626262626263 0.6579435217420515
0.6363636363636365 0.6617040561179596
0.6464646464646465 0.6658268627101921
0.6565656565656566 0.6703308161739749
0.6666666666666667 0.6752372371178298
0.6767676767676768 0.6805702040558188
0.686868686868687 0.6863569230682501
0.696969696969697 0.6926281673468092
0.7070707070707072 0.6994188019572443
0.7171717171717172 0.7067684132579436
0.7272727272727273 0.7147220677975367
0.7373737373737375 0.7233312326432867
0.7474747474747475 0.7326548986220548
0.7575757575757577 0.7427609608296128
0.7676767676767677 0.7537279283509992
0.7777777777777778 0.7656470594503414
0.787878787878788 0.7786250525466858
0.797979797979798 0.79278747167169
0.8080808080808082 0.8082831548861651
0.8181818181818182 0.8252899564773475
0.8282828282828284 0.8440223266367005
0.8383838383838385 0.8647414653330674
0.8484848484848485 0.8877691502802559
0.8585858585858587 0.9135069192373875
0.8686868686868687 0.9424632404719687
0.8787878787878789 0.9752929223399658
0.888888888888889 1.0128558556767449
0.8989898989898991 1.0563073910363054
0.9090909090909092 1.1072426662987156
0.9191919191919192 1.1679375788200288
0.9292929292929294 1.2417735018656353
0.9393939393939394 1.3340380670350016
0.9494949494949496 1.4535714789519152
0.9595959595959597 1.6165663097723315
0.9696969696969697 1.8569024020740326
0.9797979797979799 2.2624784795679336
0.98989898989899 3.1832612606983477
1.0 inf
