0.0 0.0
0.02040816326530612 0.11995002082465635
0.04081632653061224 0.23490212411495204
0.061224489795918366 0.34485630987088706
0.08163265306122448 0.4498125780924614
0.1020408163265306 0.549770928779675
0.12244897959183673 0.6447313619325282
0.14285714285714285 0.7346938775510201
0.16326530612244897 0.819658475635152
0.18367346938775508 0.8996251561849229
0.2040816326530612 0.9745939192003331
0.22448979591836732 1.0445647646813825
0.24489795918367346 1.1095376926280716
0.26530612244897955 1.1695127030403998
0.2857142857142857 1.2244897959183672
0.3061224489795918 1.2744689712619741
0.32653061224489793 1.31945022907122
0.3469387755102041 1.3594335693461057
0.36734693877551017 1.3944189920866308
0.3877551020408163 1.4244064972927946
0.4081632653061224 1.4493960849645977
0.42857142857142855 1.4693877551020407
0.44897959183673464 1.484381507705123
0.4693877551020408 1.494377342773844
0.4897959183673469 1.499375260308205
0.5102040816326531 1.499375260308205
0.5306122448979591 1.494377342773844
0.5510204081632653 1.484381507705123
0.5714285714285714 1.4693877551020407
0.5918367346938775 1.4493960849645982
0.6122448979591836 1.4244064972927948
0.6326530612244897 1.3944189920866308
0.6530612244897959 1.359433569346106
0.673469387755102 1.3194502290712202
0.6938775510204082 1.2744689712619741
0.7142857142857142 1.2244897959183678
0.7346938775510203 1.1695127030404
0.7551020408163265 1.1095376926280718
0.7755102040816326 1.0445647646813827
0.7959183673469387 0.9745939192003336
0.8163265306122448 0.8996251561849233
0.836734693877551 0.8196584756351522
0.8571428571428571 0.7346938775510204
0.8775510204081632 0.6447313619325282
0.8979591836734693 0.5497709287796757
0.9183673469387754 0.449812578092462
0.9387755102040816 0.34485630987088733
0.9591836734693877 0.23490212411495234
0.9795918367346939 0.1199500208246565
1.0 0.0
