0.0 0.0
0.010101010101010102 0.29097091818058163
0.020202020202020204 0.5585502036071305
0.030303030303030304 0.8038064163556503
0.04040404040404041 1.0277788922216144
0.05050505050505051 1.231478121272823
0.06060606060606061 1.4158861264022573
0.07070707070707072 1.5819568418809387
0.08080808080808081 1.7306164919107845
0.09090909090909091 1.8627639691774653
0.10101010101010102 1.9792712134032597
0.11111111111111112 2.080983589899914
0.12121212121212122 2.168720268121494
0.13131313131313133 2.243274600217245
0.14141414141414144 2.3054144995844505
0.15151515151515152 2.355882819421285
0.16161616161616163 2.3953977312796693
0.17171717171717174 2.424653103618135
0.18181818181818182 2.444318880354671
0.19191919191919193 2.4550414594195855
0.20202020202020204 2.4574440713083643
0.21212121212121213 2.452127157634523
0.22222222222222224 2.439668749682468
0.23232323232323235 2.4206248469603464
0.24242424242424243 2.3955297957529136
0.25252525252525254 2.364896667674378
0.26262626262626265 2.3292176382212633
0.27272727272727276 2.2889643653252696
0.2828282828282829 2.24458836790612
0.29292929292929293 2.196521404424423
0.30303030303030304 2.145175851434531
0.31313131313131315 2.0909450821373943
0.32323232323232326 2.0342038449334146
0.33333333333333337 1.975308641975308
0.3434343434343435 1.914598107720958
0.3535353535353536 1.8523933874862715
0.36363636363636365 1.7889985159980384
0.37373737373737376 1.7247007959467817
0.38383838383838387 1.6597711765396257
0.393939393939394 1.5944646320531393
0.4040404040404041 1.5290205403862027
0.4141414141414142 1.4636630616128594
0.42424242424242425 1.398601516535173
0.43434343434343436 1.3340307652360857
0.4444444444444445 1.2701315856322712
0.4545454545454546 1.2070710520269974
0.4646464646464647 1.1450029136629771
0.4747474747474748 1.0840679732752265
0.48484848484848486 1.0243944656439248
0.494949494949495 0.9660984361472653
0.5050505050505051 0.9092841193143169
0.5151515151515152 0.8540443173778779
0.5252525252525253 0.8004607788273347
0.5353535353535354 0.7486045769615154
0.5454545454545455 0.6985364884415495
0.5555555555555556 0.650307371843723
0.5656565656565657 0.6039585462123347
0.5757575757575758 0.5595221696125547
0.5858585858585859 0.5170216176832789
0.595959595959596 0.4764718621899852
0.6060606060606061 0.43787984957759335
0.6161616161616162 0.40124487952331817
0.6262626262626263 0.36655898348952837
0.6363636363636365 0.33380730327660163
0.6464646464646465 0.3029684695757821
0.6565656565656566 0.2740149805220374
0.6666666666666667 0.24691358024691323
0.6767676767676768 0.22162563743139319
0.686868686868687 0.19810752385875185
0.696969696969697 0.17631099296741437
0.7070707070707072 0.15618355840381107
0.7171717171717172 0.13766887257523547
0.7272727272727273 0.12070710520269978
0.7373737373737375 0.10523532187379189
0.7474747474747475 0.09118786259553267
0.7575757575757577 0.07849672034723133
0.7676767676767677 0.0670919196333433
0.7777777777777778 0.05690189503632577
0.787878787878788 0.047853869769494795
0.797979797979798 0.03987423422988221
0.8080808080808082 0.032888924551091596
0.8181818181818182 0.02682380115615547
0.8282828282828284 0.021605027310391375
0.8383838383838385 0.01715944767425897
0.8484848484848485 0.013414966856216317
0.8585858585858587 0.010300927965576582
0.8686868686868687 0.0077484911653648205
0.8787878787878789 0.005691012225174264
0.888888888888889 0.004064421074023259
0.8989898989898991 0.002807600353211633
0.9090909090909092 0.0018627639691774574
0.9191919191919192 0.0011758356463535899
0.9292929292929294 0.0006968274800242955
0.9393939393939394 0.00038021848918190124
0.9494949494949496 0.00018533316938335132
0.9595959595959597 7.672004560686149e-05
0.9696969696969697 2.4530225108509782e-05
0.9797979797979799 4.8959502788588665e-06
0.98989898989899 3.0915149956712024e-07
1.0 0.0
