0.0 3.0000000000000004
0.010101010101010102 2.9397000306091217
0.020202020202020204 2.8800122436486078
0.030303030303030304 2.8209366391184574
0.04040404040404041 2.7624732170186714
0.05050505050505051 2.7046219773492504
0.06060606060606061 2.6473829201101933
0.07070707070707072 2.5907560453014997
0.08080808080808081 2.5347413529231715
0.09090909090909091 2.479338842975207
0.10101010101010102 2.4245485154576065
0.11111111111111112 2.3703703703703702
0.12121212121212122 2.316804407713499
0.13131313131313133 2.263850627486991
0.14141414141414144 2.211509029690848
0.15151515151515152 2.159779614325069
0.16161616161616163 2.1086623813896543
0.17171717171717174 2.0581573308846037
0.18181818181818182 2.0082644628099175
0.19191919191919193 1.9589837771655954
0.20202020202020204 1.9103152739516376
0.21212121212121213 1.8622589531680442
0.22222222222222224 1.8148148148148149
0.23232323232323235 1.7679828588919497
0.24242424242424243 1.7217630853994492
0.25252525252525254 1.6761554943373125
0.26262626262626265 1.6311600857055402
0.27272727272727276 1.5867768595041323
0.2828282828282829 1.5430058157330884
0.29292929292929293 1.4998469543924091
0.30303030303030304 1.4573002754820938
0.31313131313131315 1.4153657790021426
0.32323232323232326 1.374043464952556
0.33333333333333337 1.3333333333333333
0.3434343434343435 1.293235384144475
0.3535353535353536 1.2537496173859808
0.36363636363636365 1.2148760330578512
0.37373737373737376 1.1766146311600858
0.38383838383838387 1.1389654116926844
0.393939393939394 1.1019283746556474
0.4040404040404041 1.0655035200489746
0.4141414141414142 1.0296908478726658
0.42424242424242425 0.9944903581267219
0.43434343434343436 0.9599020508111418
0.4444444444444445 0.9259259259259259
0.4545454545454546 0.8925619834710744
0.4646464646464647 0.8598102234465871
0.4747474747474748 0.8276706458524639
0.48484848484848486 0.7961432506887053
0.494949494949495 0.7652280379553107
0.5050505050505051 0.7349250076522803
0.5151515151515152 0.7052341597796141
0.5252525252525253 0.6761554943373124
0.5353535353535354 0.647689011325375
0.5454545454545455 0.6198347107438016
0.5555555555555556 0.5925925925925927
0.5656565656565657 0.5659626568717475
0.5757575757575758 0.5399449035812671
0.5858585858585859 0.5145393327211509
0.595959595959596 0.4897459442913987
0.6060606060606061 0.46556473829201106
0.6161616161616162 0.4419957147229873
0.6262626262626263 0.4190388735843281
0.6363636363636365 0.39669421487603296
0.6464646464646465 0.37496173859810206
0.6565656565656566 0.3538414447505356
0.6666666666666667 0.33333333333333315
0.6767676767676768 0.31343740434649525
0.686868686868687 0.2941536577900213
0.696969696969697 0.27548209366391174
0.7070707070707072 0.25742271196816635
0.7171717171717172 0.23997551270278536
0.7272727272727273 0.2231404958677686
0.7373737373737375 0.20691766146311594
0.7474747474747475 0.19130700948882767
0.7575757575757577 0.17630853994490345
0.7676767676767677 0.16192225283134365
0.7777777777777778 0.14814814814814814
0.787878787878788 0.13498622589531678
0.797979797979798 0.12243648607284964
0.8080808080808082 0.11049892868074679
0.8181818181818182 0.0991735537190082
0.8282828282828284 0.08846036118763383
0.8383838383838385 0.07835935108662377
0.8484848484848485 0.06887052341597794
0.8585858585858587 0.059993878175696264
0.8686868686868687 0.051729415365778984
0.8787878787878789 0.04407713498622585
0.888888888888889 0.037037037037037
0.8989898989898991 0.03060912151821235
0.9090909090909092 0.024793388429752025
0.9191919191919192 0.01958983777165594
0.9292929292929294 0.014998469543924049
0.9393939393939394 0.01101928374655646
0.9494949494949496 0.007652280379553072
0.9595959595959597 0.004897459442913971
0.9696969696969697 0.0027548209366391146
0.9797979797979799 0.001224364860728486
0.98989898989899 0.00030609121518212145
1.0 0.0
