0.0 0.0
0.010101010101010102 0.00030609121518212416
0.020202020202020204 0.001224364860728498
0.030303030303030304 0.0027548209366391194
0.04040404040404041 0.004897459442913988
0.05050505050505051 0.007652280379553113
0.06060606060606061 0.01101928374655648
0.07070707070707072 0.014998469543924102
0.08080808080808081 0.019589837771655957
0.09090909090909091 0.024793388429752067
0.10101010101010102 0.03060912151821243
0.11111111111111112 0.03703703703703707
0.12121212121212122 0.044077134986225924
0.13131313131313133 0.05172941536577903
0.14141414141414144 0.05999387817569637
0.15151515151515152 0.068870523415978
0.16161616161616163 0.07835935108662384
0.17171717171717174 0.08846036118763398
0.18181818181818182 0.0991735537190083
0.19191919191919193 0.11049892868074689
0.20202020202020204 0.12243648607284975
0.21212121212121213 0.13498622589531678
0.22222222222222224 0.1481481481481482
0.23232323232323235 0.1619222528313438
0.24242424242424243 0.17630853994490361
0.25252525252525254 0.19130700948882776
0.26262626262626265 0.20691766146311602
0.27272727272727276 0.2231404958677687
0.2828282828282829 0.23997551270278555
0.29292929292929293 0.2574227119681666
0.30303030303030304 0.27548209366391185
0.31313131313131315 0.29415365779002156
0.32323232323232326 0.31343740434649536
0.33333333333333337 0.3333333333333334
0.3434343434343435 0.35384144475053575
0.3535353535353536 0.3749617385981024
0.36363636363636365 0.3966942148760331
0.37373737373737376 0.4190388735843282
0.38383838383838387 0.4419957147229875
0.393939393939394 0.46556473829201117
0.4040404040404041 0.48974594429139895
0.4141414141414142 0.5145393327211512
0.42424242424242425 0.5399449035812673
0.43434343434343436 0.565962656871748
0.4444444444444445 0.5925925925925928
0.4545454545454546 0.6198347107438018
0.4646464646464647 0.6476890113253752
0.4747474747474748 0.6761554943373127
0.48484848484848486 0.7052341597796145
0.494949494949495 0.7349250076522806
0.5050505050505051 0.7652280379553108
0.5151515151515152 0.7961432506887056
0.5252525252525253 0.8276706458524643
0.5353535353535354 0.8598102234465872
0.5454545454545455 0.8925619834710747
0.5555555555555556 0.9259259259259262
0.5656565656565657 0.959902050811142
0.5757575757575758 0.9944903581267219
0.5858585858585859 1.029690847872666
0.595959595959596 1.0655035200489749
0.6060606060606061 1.1019283746556474
0.6161616161616162 1.1389654116926848
0.6262626262626263 1.176614631160086
0.6363636363636365 1.2148760330578516
0.6464646464646465 1.2537496173859815
0.6565656565656566 1.2932353841444753
0.6666666666666667 1.3333333333333337
0.6767676767676768 1.3740434649525561
0.686868686868687 1.415365779002143
0.696969696969697 1.4573002754820938
0.7070707070707072 1.4998469543924096
0.7171717171717172 1.543005815733089
0.7272727272727273 1.5867768595041325
0.7373737373737375 1.6311600857055408
0.7474747474747475 1.676155494337313
0.7575757575757577 1.7217630853994497
0.7676767676767677 1.7679828588919502
0.7777777777777778 1.814814814814815
0.787878787878788 1.8622589531680447
0.797979797979798 1.9103152739516378
0.8080808080808082 1.958983777165596
0.8181818181818182 2.0082644628099175
0.8282828282828284 2.0581573308846046
0.8383838383838385 2.108662381389655
0.8484848484848485 2.159779614325069
0.8585858585858587 2.211509029690849
0.8686868686868687 2.263850627486992
0.8787878787878789 2.3168044077134993
0.888888888888889 2.370370370370371
0.8989898989898991 2.4245485154576074
0.9090909090909092 2.4793388429752072
0.9191919191919192 2.5347413529231715
0.9292929292929294 2.5907560453015006
0.9393939393939394 2.6473829201101933
0.9494949494949496 2.704621977349251
0.9595959595959597 2.7624732170186723
0.9696969696969697 2.8209366391184574
0.9797979797979799 2.880012243648608
0.98989898989899 2.939700030609122
1.0 3.0000000000000004
