0.0 0.0
0.010101010101010102 3.839640599857172e-05
0.020202020202020204 0.0005717815898273852
0.030303030303030304 0.0026921031457271356
0.04040404040404041 0.007907027471691523
0.05050505050505051 0.01792598538030312
0.06060606060606061 0.034490039104316396
0.07070707070707072 0.05923999276769169
0.08080808080808081 0.0936176509366104
0.09090909090909091 0.13879558419463137
0.10101010101010102 0.19563118782555883
0.11111111111111112 0.2646412206431115
0.12121212121212122 0.34599338676678365
0.13131313131313133 0.439511874679376
0.14141414141414144 0.5446940961669371
0.15151515151515152 0.6607361736719506
0.16161616161616163 0.7865650091036507
0.17171717171717174 0.9208750311456824
0.18181818181818182 1.0621679624636995
0.19191919191919193 1.2087941738090708
0.20202020202020204 1.3589943996868936
0.21212121212121213 1.5109407808370736
0.22222222222222224 1.6627763730780785
0.23232323232323235 1.812652420878851
0.24242424242424243 1.9587628381320519
0.25252525252525254 2.099375468760277
0.26262626262626265 2.2328598167378417
0.27272727272727276 2.357711039578012
0.2828282828282829 2.4725700920251246
0.29292929292929293 2.576239988291805
0.30303030303030304 2.6676982223639825
0.31313131313131315 2.7461054473140436
0.32323232323232326 2.810810566850878
0.33333333333333337 2.8613524361123814
0.3434343434343435 2.8974584045719727
0.3535353535353536 2.9190399624677172
0.36363636363636365 2.9261857739366253
0.37373737373737376 2.9191523955939265
0.38383838383838387 2.8983529891680746
0.393939393939394 2.8643443414983474
0.4040404040404041 2.8178125052178262
0.4141414141414142 2.7595573692568687
0.42424242424242425 2.69047646036968
0.43434343434343436 2.611548265651348
0.4444444444444445 2.5238153518973467
0.4545454545454546 2.4283675410692704
0.4646464646464647 2.326325382456882
0.4747474747474748 2.2188241417388532
0.48484848484848486 2.106998505395508
0.494949494949495 1.9919681761521681
0.5050505050505051 1.8748245116490097
0.5151515151515152 1.7566183346427815
0.5252525252525253 1.6383490190298762
0.5353535353535354 1.5209549321038383
0.5454545454545455 1.405305289970644
0.5555555555555556 1.2921934601714429
0.5656565656565657 1.1823317235168864
0.5757575757575758 1.0763474861137765
0.5858585858585859 0.9747809127401315
0.595959595959596 0.8780839342578401
0.6060606060606061 0.7866205647839826
0.6161616161616162 0.7006684489963052
0.6262626262626263 0.6204215463311875
0.6363636363636365 0.5459938470319058
0.6464646464646465 0.47742400509187
0.6565656565656566 0.41468076516448454
0.6666666666666667 0.35766905451404696
0.6767676767676768 0.30623660707789646
0.686868686868687 0.2601809846991797
0.696969696969697 0.2192568605542843
0.7070707070707072 0.18318343170393192
0.7171717171717172 0.15165183148921235
0.7272727272727273 0.12433241810274685
0.7373737373737375 0.10088182300255315
0.7474747474747475 0.08094965179599269
0.7575757575757577 0.06418474067991102
0.7676767676767677 0.05024088333948312
0.7777777777777778 0.03878195622339541
0.787878787878788 0.029486384150382117
0.797979797979798 0.02205090306749592
0.8080808080808082 0.016193592262024204
0.8181818181818182 0.011656164197132486
0.8282828282828284 0.008205516148958081
0.8383838383838385 0.00563456370517088
0.8484848484848485 0.003762391659484043
0.8585858585858587 0.002433772603105341
0.8686868686868687 0.0015181172548809996
0.8787878787878789 0.0009079329514565602
0.888888888888889 0.000516877384068575
0.8989898989898991 0.000277503248831589
0.9090909090909092 0.00013879558419463065
0.9191919191919192 6.360679654544066e-05
0.9292929292929294 2.6094299025178338e-05
0.9393939393939394 9.261868108976871e-06
0.9494949494949496 2.6977983834721683e-06
0.9595959595959597 5.902315301802015e-07
0.9696969696969697 8.215646807028543e-08
0.9797979797979799 5.0119294847321496e-09
0.98989898989899 4.079550824759502e-11
1.0 0.0
