0.0 0.0
0.010101010101010102 4.0795508247596175e-11
0.020202020202020204 5.011929484732292e-09
0.030303030303030304 8.215646807028601e-08
0.04040404040404041 5.902315301802099e-07
0.05050505050505051 2.697798383472226e-06
0.06060606060606061 9.261868108976905e-06
0.07070707070707072 2.6094299025178616e-05
0.08080808080808081 6.360679654544088e-05
0.09090909090909091 0.00013879558419463165
0.10101010101010102 0.00027750324883159196
0.11111111111111112 0.0005168773840685777
0.12121212121212122 0.0009079329514565651
0.13131313131313133 0.0015181172548810022
0.14141414141414144 0.0024337726031053585
0.15151515151515152 0.0037623916594840493
0.16161616161616163 0.0056345637051709
0.17171717171717174 0.008205516148958111
0.18181818181818182 0.011656164197132505
0.19191919191919193 0.01619359226202426
0.20202020202020204 0.022050903067496
0.21212121212121213 0.029486384150382117
0.22222222222222224 0.03878195622339548
0.23232323232323235 0.050240883339483296
0.24242424242424243 0.06418474067991102
0.25252525252525254 0.08094965179599284
0.26262626262626265 0.10088182300255333
0.27272727272727276 0.12433241810274707
0.2828282828282829 0.1516518314892129
0.29292929292929293 0.18318343170393256
0.30303030303030304 0.2192568605542847
0.31313131313131315 0.2601809846991806
0.32323232323232326 0.306236607077897
0.33333333333333337 0.35766905451404757
0.3434343434343435 0.4146807651644853
0.3535353535353536 0.4774240050918709
0.36363636363636365 0.5459938470319068
0.37373737373737376 0.6204215463311864
0.38383838383838387 0.7006684489963064
0.393939393939394 0.7866205647839839
0.4040404040404041 0.8780839342578401
0.4141414141414142 0.9747809127401331
0.42424242424242425 1.0763474861137783
0.43434343434343436 1.1823317235168886
0.4444444444444445 1.2921934601714429
0.4545454545454546 1.405305289970644
0.4646464646464647 1.5209549321038383
0.4747474747474748 1.6383490190298775
0.48484848484848486 1.7566183346427846
0.494949494949495 1.8748245116490112
0.5050505050505051 1.9919681761521681
0.5151515151515152 2.106998505395508
0.5252525252525253 2.2188241417388532
0.5353535353535354 2.326325382456884
0.5454545454545455 2.4283675410692744
0.5555555555555556 2.523815351897349
0.5656565656565657 2.611548265651348
0.5757575757575758 2.690476460369678
0.5858585858585859 2.7595573692568687
0.595959595959596 2.8178125052178262
0.6060606060606061 2.8643443414983447
0.6161616161616162 2.8983529891680746
0.6262626262626263 2.9191523955939265
0.6363636363636365 2.9261857739366253
0.6464646464646465 2.9190399624677172
0.6565656565656566 2.8974584045719727
0.6666666666666667 2.8613524361123814
0.6767676767676768 2.8108105668508756
0.686868686868687 2.7461054473140436
0.696969696969697 2.6676982223639802
0.7070707070707072 2.576239988291803
0.7171717171717172 2.4725700920251223
0.7272727272727273 2.357711039578012
0.7373737373737375 2.2328598167378417
0.7474747474747475 2.099375468760277
0.7575757575757577 1.95876283813205
0.7676767676767677 1.812652420878848
0.7777777777777778 1.6627763730780785
0.787878787878788 1.5109407808370736
0.797979797979798 1.3589943996868912
0.8080808080808082 1.2087941738090686
0.8181818181818182 1.0621679624636995
0.8282828282828284 0.9208750311456791
0.8383838383838385 0.7865650091036493
0.8484848484848485 0.6607361736719495
0.8585858585858587 0.5446940961669361
0.8686868686868687 0.439511874679376
0.8787878787878789 0.345993386766783
0.888888888888889 0.2646412206431111
0.8989898989898991 0.1956311878255578
0.9090909090909092 0.13879558419463112
0.9191919191919192 0.09361765093661023
0.9292929292929294 0.059239992767691374
0.9393939393939394 0.03449003910431627
0.9494949494949496 0.01792598538030293
0.9595959595959597 0.007907027471691468
0.9696969696969697 0.002692103145727131
0.9797979797979799 0.0005717815898273741
0.98989898989899 3.839640599857104e-05
1.0 0.0
