0.0 0.0
0.002002002002001781 0.001001001001001001
0.004004004004003784 0.002002002002002002
0.0060060060060057865 0.003003003003003003
0.00800800800800779 0.004004004004004004
0.010010010010009791 0.005005005005005005
0.012012012012011795 0.006006006006006006
0.014014014014013797 0.007007007007007007
0.0160160160160158 0.008008008008008008
0.018018018018017803 0.009009009009009009
0.020020020020019805 0.01001001001001001
0.022022022022021807 0.011011011011011011
0.024024024024023812 0.012012012012012012
0.026026026026025814 0.013013013013013013
0.028028028028027816 0.014014014014014014
0.030030030030029818 0.015015015015015015
0.032032032032031824 0.016016016016016016
0.03403403403403382 0.017017017017017015
0.03603603603603583 0.018018018018018018
0.03803803803803783 0.01901901901901902
0.04004004004003983 0.02002002002002002
0.04204204204204183 0.02102102102102102
0.044044044044043835 0.022022022022022022
0.04604604604604584 0.023023023023023025
0.048048048048047846 0.024024024024024024
0.050050050050049845 0.025025025025025023
0.05205205205205185 0.026026026026026026
0.054054054054053856 0.02702702702702703
0.056056056056055854 0.028028028028028028
0.05805805805805785 0.029029029029029027
0.06006006006005986 0.03003003003003003
0.062062062062061864 0.031031031031031032
0.06406406406406387 0.03203203203203203
0.06606606606606587 0.03303303303303303
0.06806806806806787 0.03403403403403403
0.07007007007006988 0.035035035035035036
0.07207207207207188 0.036036036036036036
0.07407407407407388 0.037037037037037035
0.07607607607607589 0.03803803803803804
0.07807807807807789 0.03903903903903904
0.08008008008007989 0.04004004004004004
0.08208208208208188 0.04104104104104104
0.08408408408408388 0.04204204204204204
0.0860860860860859 0.043043043043043044
0.08808808808808789 0.044044044044044044
0.09009009009008989 0.04504504504504504
0.0920920920920919 0.04604604604604605
0.09409409409409392 0.04704704704704705
0.09609609609609591 0.04804804804804805
0.09809809809809791 0.04904904904904905
0.10010010010009991 0.050050050050050046
0.10210210210210192 0.05105105105105105
0.10410410410410392 0.05205205205205205
0.10610610610610592 0.05305305305305305
0.10810810810810793 0.05405405405405406
0.11011011011010993 0.055055055055055056
0.11211211211211193 0.056056056056056056
0.11411411411411393 0.057057057057057055
0.11611611611611593 0.058058058058058054
0.11811811811811794 0.05905905905905906
0.12012012012011994 0.06006006006006006
0.12212212212212194 0.06106106106106106
0.12412412412412395 0.062062062062062065
0.12612612612612595 0.06306306306306306
0.12812812812812796 0.06406406406406406
0.13013013013012997 0.06506506506506507
0.13213213213213196 0.06606606606606606
0.13413413413413397 0.06706706706706707
0.13613613613613595 0.06806806806806806
0.13813813813813797 0.06906906906906907
0.14014014014013998 0.07007007007007007
0.14214214214214196 0.07107107107107107
0.14414414414414398 0.07207207207207207
0.146146146146146 0.07307307307307308
0.14814814814814797 0.07407407407407407
0.15015015015014999 0.07507507507507508
0.152152152152152 0.07607607607607608
0.15415415415415398 0.07707707707707707
0.156156156156156 0.07807807807807808
0.15815815815815798 0.07907907907907907
0.16016016016016 0.08008008008008008
0.162162162162162 0.08108108108108109
0.164164164164164 0.08208208208208208
0.166166166166166 0.08308308308308308
0.168168168168168 0.08408408408408408
0.17017017017017 0.08508508508508508
0.172172172172172 0.08608608608608609
0.174174174174174 0.08708708708708708
0.176176176176176 0.08808808808808809
0.17817817817817802 0.0890890890890891
0.18018018018018 0.09009009009009009
0.18218218218218202 0.09109109109109109
0.18418418418418403 0.0920920920920921
0.18618618618618601 0.09309309309309309
0.18818818818818805 0.0940940940940941
0.19019019019019004 0.09509509509509509
0.19219219219219205 0.0960960960960961
0.19419419419419406 0.0970970970970971
0.19619619619619605 0.0980980980980981
0.19819819819819806 0.0990990990990991
0.20020020020020005 0.10010010010010009
0.20220220220220206 0.1011011011011011
0.20420420420420407 0.1021021021021021
0.20620620620620606 0.1031031031031031
0.20820820820820807 0.1041041041041041
0.21021021021021008 0.10510510510510511
0.21221221221221206 0.1061061061061061
0.21421421421421408 0.10710710710710711
0.2162162162162161 0.10810810810810811
0.21821821821821807 0.1091091091091091
0.2202202202202201 0.11011011011011011
0.22222222222222207 0.1111111111111111
0.22422422422422408 0.11211211211211211
0.2262262262262261 0.11311311311311312
0.22822822822822808 0.11411411411411411
0.2302302302302301 0.11511511511511512
0.23223223223223208 0.11611611611611611
0.2342342342342341 0.11711711711711711
0.2362362362362361 0.11811811811811812
0.2382382382382381 0.11911911911911911
0.2402402402402401 0.12012012012012012
0.2422422422422421 0.12112112112112113
0.2442442442442441 0.12212212212212212
0.2462462462462461 0.12312312312312312
0.24824824824824812 0.12412412412412413
0.25025025025025016 0.12512512512512514
0.2522522522522521 0.12612612612612611
0.25425425425425413 0.12712712712712712
0.25625625625625614 0.12812812812812813
0.25825825825825816 0.12912912912912913
0.26026026026026017 0.13013013013013014
0.2622622622622621 0.13113113113113112
0.26426426426426414 0.13213213213213212
0.26626626626626615 0.13313313313313313
0.26826826826826816 0.13413413413413414
0.2702702702702702 0.13513513513513514
0.27227227227227213 0.13613613613613612
0.27427427427427414 0.13713713713713713
0.27627627627627616 0.13813813813813813
0.27827827827827817 0.13913913913913914
0.2802802802802802 0.14014014014014015
0.2822822822822822 0.14114114114114115
0.28428428428428415 0.14214214214214213
0.28628628628628616 0.14314314314314314
0.2882882882882882 0.14414414414414414
0.2902902902902902 0.14514514514514515
0.2922922922922922 0.14614614614614616
0.29429429429429416 0.14714714714714713
0.29629629629629617 0.14814814814814814
0.2982982982982982 0.14914914914914915
0.3003003003003002 0.15015015015015015
0.3023023023023022 0.15115115115115116
0.3043043043043042 0.15215215215215216
0.3063063063063062 0.15315315315315314
0.3083083083083082 0.15415415415415415
0.3103103103103102 0.15515515515515516
0.3123123123123122 0.15615615615615616
0.3143143143143142 0.15715715715715717
0.3163163163163162 0.15815815815815815
0.3183183183183182 0.15915915915915915
0.3203203203203202 0.16016016016016016
0.3223223223223222 0.16116116116116116
0.32432432432432423 0.16216216216216217
0.3263263263263262 0.16316316316316315
0.3283283283283282 0.16416416416416416
0.3303303303303302 0.16516516516516516
0.3323323323323322 0.16616616616616617
0.33433433433433424 0.16716716716716717
0.3363363363363362 0.16816816816816815
0.3383383383383382 0.16916916916916916
0.3403403403403402 0.17017017017017017
0.34234234234234223 0.17117117117117117
0.34434434434434424 0.17217217217217218
0.34634634634634626 0.17317317317317318
0.3483483483483482 0.17417417417417416
0.3503503503503502 0.17517517517517517
0.35235235235235224 0.17617617617617617
0.35435435435435425 0.17717717717717718
0.35635635635635626 0.1781781781781782
0.3583583583583582 0.17917917917917917
0.36036036036036023 0.18018018018018017
0.36236236236236224 0.18118118118118118
0.36436436436436426 0.18218218218218218
0.36636636636636627 0.1831831831831832
0.3683683683683683 0.1841841841841842
0.37037037037037024 0.18518518518518517
0.37237237237237225 0.18618618618618618
0.37437437437437426 0.1871871871871872
0.37637637637637633 0.1881881881881882
0.37837837837837834 0.1891891891891892
0.3803803803803803 0.19019019019019018
0.3823823823823823 0.19119119119119118
0.3843843843843843 0.1921921921921922
0.38638638638638634 0.1931931931931932
0.38838838838838835 0.1941941941941942
0.3903903903903903 0.19519519519519518
0.3923923923923923 0.1961961961961962
0.39439439439439433 0.1971971971971972
0.39639639639639634 0.1981981981981982
0.39839839839839836 0.1991991991991992
0.4004004004004003 0.20020020020020018
0.4024024024024023 0.2012012012012012
0.40440440440440434 0.2022022022022022
0.40640640640640635 0.2032032032032032
0.40840840840840836 0.2042042042042042
0.4104104104104104 0.20520520520520522
0.41241241241241233 0.2062062062062062
0.41441441441441434 0.2072072072072072
0.41641641641641636 0.2082082082082082
0.41841841841841837 0.2092092092092092
0.4204204204204204 0.21021021021021022
0.42242242242242234 0.2112112112112112
0.42442442442442435 0.2122122122122122
0.42642642642642636 0.2132132132132132
0.4284284284284284 0.21421421421421422
0.4304304304304304 0.21521521521521522
0.4324324324324324 0.21621621621621623
0.43443443443443436 0.2172172172172172
0.43643643643643637 0.2182182182182182
0.4384384384384384 0.21921921921921922
0.4404404404404404 0.22022022022022023
0.4424424424424424 0.22122122122122123
0.44444444444444436 0.2222222222222222
0.4464464464464464 0.22322322322322322
0.4484484484484484 0.22422422422422422
0.4504504504504504 0.22522522522522523
0.4524524524524524 0.22622622622622623
0.45445445445445437 0.2272272272272272
0.4564564564564564 0.22822822822822822
0.4584584584584584 0.22922922922922923
0.4604604604604604 0.23023023023023023
0.4624624624624624 0.23123123123123124
0.4644644644644644 0.23223223223223222
0.4664664664664664 0.23323323323323322
0.4684684684684684 0.23423423423423423
0.4704704704704704 0.23523523523523523
0.4724724724724724 0.23623623623623624
0.47447447447447444 0.23723723723723725
0.4764764764764764 0.23823823823823823
0.4784784784784784 0.23923923923923923
0.4804804804804804 0.24024024024024024
0.48248248248248243 0.24124124124124124
0.48448448448448445 0.24224224224224225
0.4864864864864864 0.24324324324324323
0.4884884884884884 0.24424424424424424
0.4904904904904904 0.24524524524524524
0.49249249249249244 0.24624624624624625
0.49449449449449445 0.24724724724724725
0.49649649649649646 0.24824824824824826
0.4984984984984984 0.24924924924924924
0.5005005005005005 0.2502502502502503
0.5025025025025025 0.25125125125125125
0.5045045045045045 0.25225225225225223
0.5065065065065065 0.25325325325325326
0.5085085085085085 0.25425425425425424
0.5105105105105106 0.2552552552552553
0.5125125125125125 0.25625625625625625
0.5145145145145145 0.25725725725725723
0.5165165165165165 0.25825825825825827
0.5185185185185185 0.25925925925925924
0.5205205205205206 0.2602602602602603
0.5225225225225225 0.26126126126126126
0.5245245245245245 0.26226226226226224
0.5265265265265265 0.26326326326326327
0.5285285285285285 0.26426426426426425
0.5305305305305306 0.2652652652652653
0.5325325325325325 0.26626626626626626
0.5345345345345345 0.26726726726726724
0.5365365365365365 0.2682682682682683
0.5385385385385385 0.26926926926926925
0.5405405405405406 0.2702702702702703
0.5425425425425425 0.27127127127127126
0.5445445445445445 0.27227227227227224
0.5465465465465466 0.2732732732732733
0.5485485485485485 0.27427427427427425
0.5505505505505506 0.2752752752752753
0.5525525525525525 0.27627627627627627
0.5545545545545545 0.2772772772772773
0.5565565565565564 0.2782782782782783
0.5585585585585584 0.27927927927927926
0.5605605605605605 0.2802802802802803
0.5625625625625623 0.28128128128128127
0.5645645645645644 0.2822822822822823
0.566566566566566 0.2832832832832833
0.5685685685685675 0.28428428428428426
0.570570570570569 0.2852852852852853
0.5725725725725695 0.2862862862862863
0.5745745745745695 0.2872872872872873
0.5765765765765678 0.2882882882882883
0.5785785785785634 0.28928928928928926
0.5805805805805548 0.2902902902902903
0.5825825825825386 0.2912912912912913
0.5845845845845101 0.2922922922922923
0.5865865865864612 0.2932932932932933
0.5885885885883786 0.29429429429429427
0.5905905905902411 0.2952952952952953
0.5925925925920144 0.2962962962962963
0.5945945945936433 0.2972972972972973
0.59659659659504 0.2982982982982983
0.5985985985960661 0.29929929929929927
0.6006006005965038 0.3003003003003003
0.602602602596012 0.3013013013013013
0.6046046045940612 0.3023023023023023
0.6066066065898331 0.3033033033033033
0.6086086085820711 0.30430430430430433
0.6106106105688553 0.3053053053053053
0.6126126125472718 0.3063063063063063
0.6146146145129219 0.3073073073073073
0.6166166164592035 0.3083083083083083
0.6186186183762664 0.30930930930930933
0.6206206202494957 0.3103103103103103
0.6226226220573329 0.3113113113113113
0.6246246237681579 0.3123123123123123
0.6266266253358557 0.3133133133133133
0.6286286266935543 0.31431431431431434
0.6306306277448287 0.3153153153153153
0.6326326283514261 0.3163163163163163
0.6346346283162357 0.3173173173173173
0.6366366273598116 0.3183183183183183
0.6386386250882 0.31931931931931934
0.6406406209491255 0.3203203203203203
0.6426426141726899 0.3213213213213213
0.6446446036916021 0.32232232232232233
0.6466465880345419 0.3233233233233233
0.64864856518449 0.32432432432432434
0.6506505323916898 0.3253253253253253
0.6526524859282583 0.3263263263263263
0.6546544207682667 0.32732732732732733
0.656656330173291 0.3283283283283283
0.6586582051589234 0.32932932932932935
0.660660033812449 0.3303303303303303
0.6626618004258046 0.3313313313313313
0.664663484400985 0.33233233233233234
0.6666650588772584 0.3333333333333333
0.668666489020917 0.33433433433433435
0.6706677299089099 0.3353353353353353
0.6726687239277092 0.3363363363363363
0.6746693975983891 0.33733733733733734
0.6766696577284116 0.3383383383383383
0.6786693867804467 0.33933933933933935
0.6806684373391636 0.34034034034034033
0.6826666255489534 0.34134134134134136
0.6846637233896392 0.34234234234234234
0.6866594496542382 0.3433433433433433
0.6886534594935672 0.34434434434434436
0.6906453323978837 0.34534534534534533
0.6926345584966846 0.34634634634634637
0.6946205230750949 0.34734734734734735
0.6966024892296856 0.3483483483483483
0.698579578618543 0.34934934934934936
0.7005507503002004 0.35035035035035034
0.7025147777034508 0.35135135135135137
0.7044702238244548 0.35235235235235235
0.7064154148077688 0.3533533533533533
0.7083484121321727 0.35435435435435436
0.7102669836881225 0.35535535535535534
0.7121685740983321 0.3563563563563564
0.7140502746929412 0.35735735735735735
0.7159087936021455 0.35835835835835833
0.717740426467992 0.35935935935935936
0.7195410282993603 0.36036036036036034
0.7213059869963033 0.3613613613613614
0.7230301990489412 0.36236236236236236
0.7247080478700105 0.36336336336336333
0.7263333851481512 0.36436436436436437
0.7278995155118396 0.36536536536536535
0.7293991846738066 0.3663663663663664
0.7308245710867942 0.36736736736736736
0.7321672809890976 0.3683683683683684
0.733418346559207 0.36936936936936937
0.7345682267408081 0.37037037037037035
0.7356068101505026 0.3713713713713714
0.7365234193491258 0.37237237237237236
0.7373068156510459 0.3733733733733734
0.7379452035709851 0.3743743743743744
0.7384262339700148 0.37537537537537535
0.7387370049650299 0.3763763763763764
0.7388640597112318 0.37737737737737737
0.7387933802552794 0.3783783783783784
0.7385103767867369 0.3793793793793794
0.737999871785321 0.38038038038038036
0.7372460787685661 0.3813813813813814
0.7362325755863988 0.38238238238238237
0.7349422724836698 0.3833833833833834
0.7333573754576058 0.3843843843843844
0.7314593457749429 0.38538538538538536
0.7292288568845819 0.3863863863863864
0.7266457503694557 0.38738738738738737
0.7236889930307927 0.3883883883883884
0.7203366376949449 0.3893893893893894
0.7165657908840376 0.39039039039039036
0.7123525911029388 0.3913913913913914
0.7076722021712354 0.3923923923923924
0.7024988267711046 0.3933933933933934
0.6968057461868163 0.3943943943943944
0.690565393066599 0.39539539539539537
0.6837494649205371 0.3963963963963964
0.6763290869410714 0.3973973973973974
0.6682750335375821 0.3983983983983984
0.6595580186341957 0.3993993993993994
0.650149065179635 0.40040040040040037
0.6400199643133925 0.4014014014014014
0.6291438340601607 0.4024024024024024
0.6174957860506627 0.4034034034034034
0.6050537063753136 0.4044044044044044
0.5917991529991431 0.40540540540540543
0.577718366960623 0.4064064064064064
0.5628033876448235 0.4074074074074074
0.5470532536503441 0.4084084084084084
0.5304752602144743 0.4094094094094094
0.5130862320963127 0.41041041041041043
0.4949137578274658 0.4114114114114114
0.4759973182709589 0.4124124124124124
0.45638923081648414 0.4134134134134134
0.4361553219875378 0.4144144144144144
0.4153752376910714 0.41541541541541543
0.3941423037946618 0.4164164164164164
0.372562861884066 0.4174174174174174
0.3507550269932683 0.4184184184184184
0.3288468458005554 0.4194194194194194
0.30697387383840274 0.42042042042042044
0.28527623571389465 0.4214214214214214
0.26389527877874525 0.4224224224224224
0.24296997273900942 0.42342342342342343
0.22263323972860133 0.4244244244244244
0.20300841647650242 0.42542542542542544
0.18420604912318841 0.4264264264264264
0.16632120112011364 0.4274274274274274
0.1494314173042082 0.42842842842842843
0.13359543697005657 0.4294294294294294
0.11885269161947797 0.43043043043043044
0.10522356581080942 0.4314314314314314
0.09271034849732579 0.43243243243243246
0.08129876237664563 0.43343343343343343
0.07095993300558776 0.4344344344344344
0.06165264852368288 0.43543543543543545
0.05332576358092606 0.4364364364364364
0.04592061486788138 0.43743743743743746
0.03937333711059747 0.43843843843843844
0.033616993984826864 0.4394394394394394
0.02858346494317004 0.44044044044044045
0.024205053920198363 0.44144144144144143
0.020415807568776246 0.44244244244244246
0.017152548149216282 0.44344344344344344
0.014355639164780843 0.4444444444444444
0.01196951052905466 0.44544544544544545
0.009942974995301094 0.44644644644644643
0.008229369469626786 0.44744744744744747
0.0067865544036128786 0.44844844844844844
0.005576802408778124 0.4494494494494494
0.004566604154694396 0.45045045045045046
0.003726415989085419 0.45145145145145144
0.003030369921049204 0.45245245245245247
0.0024559628995794894 0.45345345345345345
0.0019837388713194832 0.4544544544544544
0.0015969740142362672 0.45545545545545546
0.0012813728641772233 0.45645645645645644
0.0010247807871324678 0.4574574574574575
0.0008169163839046881 0.45845845845845845
0.0006491259127847102 0.45945945945945943
0.0005141606384826101 0.46046046046046046
0.00040597711786158146 0.46146146146146144
0.00031955977133933916 0.4624624624624625
0.0002507646222324281 0.46346346346346345
0.00019618277791636366 0.46446446446446443
0.00015302204375225602 0.46546546546546547
0.00011900497545521664 0.46646646646646645
9.228166406450542e-05 0.4674674674674675
7.135559048279441e-05 0.46846846846846846
5.5020967398249966e-05 0.4694694694694695
4.231009256830567e-05 0.47047047047047047
3.244935859665076e-05 0.47147147147147145
2.4822692701942685e-05 0.4724724724724725
1.894132947282066e-05 0.47347347347347346
1.4418946016276522e-05 0.4744744744744745
1.0951309042221215e-05 0.4754754754754755
8.299695377871543e-06 0.47647647647647645
6.277449911160509e-06 0.4774774774774775
4.739137449590995e-06 0.47847847847847846
3.5718274763893615e-06 0.4794794794794795
2.68812338993853e-06 0.4804804804804805
2.0206112497315898e-06 0.48148148148148145
1.5174577207840101e-06 0.4824824824824825
1.1389339079046088e-06 0.48348348348348347
8.546815084222132e-07 0.4844844844844845
6.415714432926172e-07 0.4854854854854855
4.820331144376057e-07 0.48648648648648646
3.627559007408206e-07 0.4874874874874875
2.736837898372707e-07 0.48848848848848847
2.072398752937288e-07 0.4894894894894895
1.5773045466408016e-07 0.4904904904904905
1.208887261161282e-07 0.49149149149149146
9.35268860592934e-08 0.4924924924924925
7.327191931272195e-08 0.4934934934934935
5.8365893234441075e-08 0.4944944944944945
4.7516056829595475e-08 0.4954954954954955
3.978320225964437e-08 0.4964964964964965
3.449970572326363e-08 0.4974974974974975
3.12107172579793e-08 0.4984984984984985
2.963379942435841e-08 0.4994994994994995
2.963379942435511e-08 0.5005005005005005
3.12107172579793e-08 0.5015015015015015
3.449970572326363e-08 0.5025025025025025
3.978320225964437e-08 0.5035035035035035
4.7516056829596064e-08 0.5045045045045045
5.836589323444048e-08 0.5055055055055055
7.327191931272195e-08 0.5065065065065065
9.35268860592934e-08 0.5075075075075075
1.2088872611612896e-07 0.5085085085085085
1.577304546640811e-07 0.5095095095095095
2.0723987529372767e-07 0.5105105105105106
2.736837898372707e-07 0.5115115115115115
3.627559007408206e-07 0.5125125125125125
4.820331144376078e-07 0.5135135135135135
6.415714432926197e-07 0.5145145145145145
8.5468150842221e-07 0.5155155155155156
1.1389339079046088e-06 0.5165165165165165
1.5174577207840101e-06 0.5175175175175175
2.020611249731596e-06 0.5185185185185185
2.688123389938538e-06 0.5195195195195195
3.5718274763893514e-06 0.5205205205205206
4.739137449590995e-06 0.5215215215215215
6.277449911160509e-06 0.5225225225225225
8.299695377871563e-06 0.5235235235235235
1.0951309042221239e-05 0.5245245245245245
1.441894601627649e-05 0.5255255255255256
1.894132947282066e-05 0.5265265265265265
2.4822692701942685e-05 0.5275275275275275
3.244935859665083e-05 0.5285285285285285
4.2310092568305756e-05 0.5295295295295295
5.502096739824986e-05 0.5305305305305306
7.135559048279441e-05 0.5315315315315315
9.228166406450542e-05 0.5325325325325325
0.00011900497545521687 0.5335335335335335
0.00015302204375225627 0.5345345345345345
0.00019618277791636366 0.5355355355355356
0.0002507646222324281 0.5365365365365365
0.00031955977133933916 0.5375375375375375
0.00040597711786158206 0.5385385385385385
0.0005141606384826109 0.5395395395395395
0.0006491259127847102 0.5405405405405406
0.0008169163839046881 0.5415415415415415
0.0010247807871324678 0.5425425425425425
0.001281372864177225 0.5435435435435435
0.0015969740142362696 0.5445445445445445
0.0019837388713194832 0.5455455455455456
0.0024559628995794894 0.5465465465465466
0.003030369921049204 0.5475475475475475
0.0037264159890854237 0.5485485485485485
0.00456660415469439 0.5495495495495496
0.005576802408778124 0.5505505505505506
0.0067865544036128786 0.5515515515515516
0.008229369469626786 0.5525525525525525
0.009942974995301106 0.5535535535535535
0.011969510529055533 0.5545545545545546
0.014355639164780843 0.5555555555555556
0.017152548149216282 0.5565565565565566
0.020415807568776246 0.5575575575575575
0.024205053920195993 0.5585585585585585
0.028583464943173112 0.5595595595595596
0.03361699398482686 0.5605605605605606
0.039373337110597456 0.5615615615615616
0.04592061486788138 0.5625625625625625
0.05332576358091996 0.5635635635635635
0.06165264852368282 0.5645645645645646
0.07095993300558776 0.5655655655655656
0.08129876237664563 0.5665665665665666
0.09271034849732579 0.5675675675675675
0.1052235658108039 0.5685685685685685
0.11885269161947841 0.5695695695695696
0.13359543697005657 0.5705705705705706
0.14943141730420817 0.5715715715715716
0.16632120112011378 0.5725725725725725
0.1842060491231881 0.5735735735735735
0.20300841647650308 0.5745745745745746
0.2226332397286013 0.5755755755755756
0.2429699727390094 0.5765765765765766
0.2638952787787454 0.5775775775775776
0.28527623571389266 0.5785785785785785
0.30697387383841473 0.5795795795795796
0.32884684580055534 0.5805805805805806
0.3507550269932683 0.5815815815815816
0.3725628618840661 0.5825825825825826
0.3941423037946723 0.5835835835835835
0.4153752376910706 0.5845845845845846
0.43615532198753776 0.5855855855855856
0.4563892308164841 0.5865865865865866
0.4759973182709591 0.5875875875875876
0.49491375782747843 0.5885885885885885
0.5130862320963269 0.5895895895895896
0.5304752602144743 0.5905905905905906
0.5470532536503441 0.5915915915915916
0.5628033876448237 0.5925925925925926
0.5777183669606484 0.5935935935935935
0.5917991529991445 0.5945945945945946
0.6050537063753136 0.5955955955955956
0.6174957860506625 0.5965965965965966
0.629143834060161 0.5975975975975976
0.6400199643134027 0.5985985985985985
0.6501490651796349 0.5995995995995996
0.6595580186341957 0.6006006006006006
0.6682750335375821 0.6016016016016016
0.6763290869410714 0.6026026026026026
0.6837494649205356 0.6036036036036035
0.6905653930665988 0.6046046046046046
0.6968057461868163 0.6056056056056056
0.7024988267711046 0.6066066066066066
0.7076722021712356 0.6076076076076076
0.7123525911029387 0.6086086086086087
0.7165657908840376 0.6096096096096096
0.7203366376949449 0.6106106106106106
0.7236889930307927 0.6116116116116116
0.7266457503694558 0.6126126126126126
0.7292288568845818 0.6136136136136137
0.7314593457749429 0.6146146146146146
0.7333573754576058 0.6156156156156156
0.7349422724836698 0.6166166166166166
0.7362325755863989 0.6176176176176176
0.737246078768566 0.6186186186186187
0.737999871785321 0.6196196196196196
0.7385103767867369 0.6206206206206206
0.7387933802552794 0.6216216216216216
0.7388640597112319 0.6226226226226226
0.7387370049650298 0.6236236236236237
0.7384262339700148 0.6246246246246246
0.737945203570985 0.6256256256256256
0.7373068156510459 0.6266266266266266
0.7365234193491259 0.6276276276276276
0.7356068101505024 0.6286286286286287
0.734568226740808 0.6296296296296297
0.7334183465592069 0.6306306306306306
0.7321672809890974 0.6316316316316316
0.7308245710867942 0.6326326326326326
0.7293991846738064 0.6336336336336337
0.7278995155118396 0.6346346346346347
0.726333385148151 0.6356356356356356
0.7247080478700105 0.6366366366366366
0.7230301990489413 0.6376376376376376
0.7213059869963031 0.6386386386386387
0.7195410282993603 0.6396396396396397
0.717740426467992 0.6406406406406406
0.7159087936021457 0.6416416416416416
0.7140502746929412 0.6426426426426426
0.7121685740983319 0.6436436436436437
0.7102669836881225 0.6446446446446447
0.7083484121321726 0.6456456456456456
0.7064154148077689 0.6466466466466466
0.7044702238244549 0.6476476476476476
0.7025147777034507 0.6486486486486487
0.7005507503002004 0.6496496496496497
0.698579578618543 0.6506506506506506
0.6966024892296856 0.6516516516516516
0.6946205230750949 0.6526526526526526
0.6926345584966845 0.6536536536536537
0.6906453323978837 0.6546546546546547
0.6886534594935672 0.6556556556556556
0.6866594496542383 0.6566566566566566
0.6846637233896393 0.6576576576576576
0.6826666255489533 0.6586586586586587
0.6806684373391636 0.6596596596596597
0.6786693867804466 0.6606606606606606
0.6766696577284116 0.6616616616616616
0.6746693975983892 0.6626626626626626
0.6726687239277092 0.6636636636636637
0.6706677299089098 0.6646646646646647
0.668666489020917 0.6656656656656657
0.6666650588772584 0.6666666666666666
0.6646634844009851 0.6676676676676676
0.6626618004258046 0.6686686686686687
0.660660033812449 0.6696696696696697
0.6586582051589234 0.6706706706706707
0.6566563301732911 0.6716716716716716
0.6546544207682669 0.6726726726726726
0.6526524859282583 0.6736736736736737
0.6506505323916897 0.6746746746746747
0.64864856518449 0.6756756756756757
0.646646588034542 0.6766766766766766
0.644644603691602 0.6776776776776777
0.6426426141726899 0.6786786786786787
0.6406406209491255 0.6796796796796797
0.6386386250882 0.6806806806806807
0.6366366273598116 0.6816816816816816
0.6346346283162356 0.6826826826826827
0.632632628351426 0.6836836836836837
0.6306306277448287 0.6846846846846847
0.6286286266935543 0.6856856856856857
0.6266266253358558 0.6866866866866866
0.6246246237681576 0.6876876876876877
0.6226226220573328 0.6886886886886887
0.6206206202494956 0.6896896896896897
0.6186186183762664 0.6906906906906907
0.6166166164592036 0.6916916916916916
0.6146146145129218 0.6926926926926927
0.6126126125472718 0.6936936936936937
0.6106106105688553 0.6946946946946947
0.6086086085820711 0.6956956956956957
0.6066066065898332 0.6966966966966966
0.6046046045940611 0.6976976976976977
0.6026026025960118 0.6986986986986987
0.6006006005965037 0.6996996996996997
0.5985985985960662 0.7007007007007007
0.59659659659504 0.7017017017017017
0.594594594593643 0.7027027027027027
0.5925925925920144 0.7037037037037037
0.5905905905902411 0.7047047047047047
0.5885885885883787 0.7057057057057057
0.5865865865864612 0.7067067067067067
0.58458458458451 0.7077077077077077
0.5825825825825386 0.7087087087087087
0.5805805805805547 0.7097097097097097
0.5785785785785635 0.7107107107107107
0.5765765765765679 0.7117117117117117
0.5745745745745694 0.7127127127127127
0.5725725725725695 0.7137137137137137
0.5705705705705689 0.7147147147147147
0.5685685685685676 0.7157157157157157
0.5665665665665661 0.7167167167167167
0.5645645645645642 0.7177177177177178
0.5625625625625623 0.7187187187187187
0.5605605605605605 0.7197197197197197
0.5585585585585585 0.7207207207207207
0.5565565565565566 0.7217217217217217
0.5545545545545544 0.7227227227227228
0.5525525525525525 0.7237237237237237
0.5505505505505506 0.7247247247247247
0.5485485485485486 0.7257257257257257
0.5465465465465467 0.7267267267267267
0.5445445445445445 0.7277277277277278
0.5425425425425425 0.7287287287287287
0.5405405405405406 0.7297297297297297
0.5385385385385386 0.7307307307307307
0.5365365365365367 0.7317317317317317
0.5345345345345345 0.7327327327327328
0.5325325325325325 0.7337337337337337
0.5305305305305306 0.7347347347347347
0.5285285285285286 0.7357357357357357
0.5265265265265264 0.7367367367367368
0.5245245245245245 0.7377377377377378
0.5225225225225225 0.7387387387387387
0.5205205205205206 0.7397397397397397
0.5185185185185186 0.7407407407407407
0.5165165165165164 0.7417417417417418
0.5145145145145145 0.7427427427427428
0.5125125125125125 0.7437437437437437
0.5105105105105106 0.7447447447447447
0.5085085085085086 0.7457457457457457
0.5065065065065064 0.7467467467467468
0.5045045045045045 0.7477477477477478
0.5025025025025025 0.7487487487487487
0.5005005005005005 0.7497497497497497
0.49849849849849853 0.7507507507507507
0.49649649649649635 0.7517517517517518
0.4944944944944944 0.7527527527527528
0.49249249249249244 0.7537537537537538
0.4904904904904905 0.7547547547547547
0.4884884884884885 0.7557557557557557
0.48648648648648635 0.7567567567567568
0.4844844844844844 0.7577577577577578
0.48248248248248243 0.7587587587587588
0.4804804804804805 0.7597597597597597
0.4784784784784785 0.7607607607607607
0.47647647647647634 0.7617617617617618
0.4744744744744744 0.7627627627627628
0.4724724724724724 0.7637637637637638
0.47047047047047047 0.7647647647647647
0.4684684684684685 0.7657657657657657
0.46646646646646633 0.7667667667667668
0.4644644644644644 0.7677677677677678
0.4624624624624624 0.7687687687687688
0.46046046046046046 0.7697697697697697
0.4584584584584585 0.7707707707707707
0.4564564564564563 0.7717717717717718
0.45445445445445437 0.7727727727727728
0.4524524524524524 0.7737737737737738
0.45045045045045046 0.7747747747747747
0.4484484484484485 0.7757757757757757
0.4464464464464463 0.7767767767767768
0.44444444444444436 0.7777777777777778
0.4424424424424424 0.7787787787787788
0.44044044044044045 0.7797797797797797
0.4384384384384385 0.7807807807807807
0.4364364364364363 0.7817817817817818
0.43443443443443436 0.7827827827827828
0.4324324324324324 0.7837837837837838
0.43043043043043044 0.7847847847847848
0.4284284284284285 0.7857857857857857
0.4264264264264263 0.7867867867867868
0.42442442442442435 0.7877877877877878
0.4224224224224224 0.7887887887887888
0.42042042042042044 0.7897897897897898
0.4184184184184185 0.7907907907907907
0.4164164164164163 0.7917917917917918
0.41441441441441434 0.7927927927927928
0.4124124124124124 0.7937937937937938
0.41041041041041043 0.7947947947947948
0.4084084084084085 0.7957957957957957
0.4064064064064063 0.7967967967967968
0.40440440440440434 0.7977977977977978
0.4024024024024024 0.7987987987987988
0.4004004004004004 0.7997997997997998
0.39839839839839847 0.8008008008008007
0.3963963963963963 0.8018018018018018
0.39439439439439433 0.8028028028028028
0.3923923923923924 0.8038038038038038
0.3903903903903904 0.8048048048048048
0.38838838838838824 0.8058058058058059
0.3863863863863863 0.8068068068068068
0.3843843843843843 0.8078078078078078
0.38238238238238237 0.8088088088088088
0.3803803803803804 0.8098098098098098
0.37837837837837823 0.8108108108108109
0.3763763763763763 0.8118118118118118
0.37437437437437426 0.8128128128128128
0.3723723723723723 0.8138138138138138
0.37037037037037035 0.8148148148148148
0.36836836836836817 0.8158158158158159
0.3663663663663662 0.8168168168168168
0.36436436436436426 0.8178178178178178
0.3623623623623623 0.8188188188188188
0.36036036036036034 0.8198198198198198
0.35835835835835816 0.8208208208208209
0.3563563563563562 0.8218218218218218
0.35435435435435425 0.8228228228228228
0.3523523523523523 0.8238238238238238
0.35035035035035034 0.8248248248248248
0.34834834834834816 0.8258258258258259
0.3463463463463462 0.8268268268268268
0.34434434434434424 0.8278278278278278
0.3423423423423423 0.8288288288288288
0.34034034034034033 0.8298298298298298
0.33833833833833815 0.8308308308308309
0.3363363363363362 0.8318318318318318
0.33433433433433424 0.8328328328328328
0.3323323323323323 0.8338338338338338
0.3303303303303303 0.8348348348348348
0.32832832832832815 0.8358358358358359
0.3263263263263262 0.8368368368368369
0.32432432432432423 0.8378378378378378
0.3223223223223223 0.8388388388388388
0.3203203203203203 0.8398398398398398
0.31831831831831814 0.8408408408408409
0.3163163163163162 0.8418418418418419
0.3143143143143142 0.8428428428428428
0.31231231231231227 0.8438438438438438
0.3103103103103103 0.8448448448448448
0.30830830830830813 0.8458458458458459
0.3063063063063062 0.8468468468468469
0.3043043043043042 0.8478478478478478
0.30230230230230226 0.8488488488488488
0.3003003003003003 0.8498498498498498
0.2982982982982981 0.8508508508508509
0.29629629629629617 0.8518518518518519
0.2942942942942942 0.8528528528528528
0.29229229229229226 0.8538538538538538
0.2902902902902903 0.8548548548548548
0.2882882882882881 0.8558558558558559
0.28628628628628616 0.8568568568568569
0.2842842842842842 0.8578578578578578
0.28228228228228225 0.8588588588588588
0.2802802802802803 0.8598598598598598
0.2782782782782781 0.8608608608608609
0.27627627627627616 0.8618618618618619
0.2742742742742742 0.8628628628628628
0.27227227227227224 0.8638638638638638
0.27027027027027006 0.8648648648648649
0.2682682682682681 0.8658658658658659
0.26626626626626615 0.8668668668668669
0.2642642642642642 0.8678678678678678
0.26226226226226224 0.8688688688688688
0.26026026026026006 0.8698698698698699
0.2582582582582581 0.8708708708708709
0.25625625625625614 0.8718718718718719
0.2542542542542542 0.8728728728728729
0.25225225225225223 0.8738738738738738
0.25025025025025005 0.8748748748748749
0.24824824824824807 0.8758758758758759
0.2462462462462461 0.8768768768768769
0.24424424424424415 0.8778778778778779
0.2422422422422422 0.8788788788788788
0.24024024024024002 0.8798798798798799
0.23823823823823806 0.8808808808808809
0.2362362362362361 0.8818818818818819
0.23423423423423415 0.8828828828828829
0.2322322322322322 0.8838838838838838
0.23023023023023 0.8848848848848849
0.22822822822822805 0.8858858858858859
0.2262262262262261 0.8868868868868869
0.22422422422422414 0.8878878878878879
0.22222222222222218 0.8888888888888888
0.22022022022022 0.8898898898898899
0.21821821821821805 0.8908908908908909
0.2162162162162161 0.8918918918918919
0.21421421421421413 0.8928928928928929
0.21221221221221218 0.8938938938938938
0.21021021021021 0.8948948948948949
0.20820820820820804 0.8958958958958959
0.20620620620620608 0.8968968968968969
0.20420420420420413 0.8978978978978979
0.20220220220220217 0.8988988988988988
0.2002002002002 0.8998998998998999
0.19819819819819803 0.9009009009009009
0.19619619619619608 0.9019019019019019
0.19419419419419412 0.9029029029029029
0.19219219219219216 0.9039039039039038
0.19019019019018998 0.9049049049049049
0.18818818818818803 0.9059059059059059
0.18618618618618604 0.9069069069069069
0.18418418418418409 0.9079079079079079
0.18218218218218213 0.9089089089089089
0.18018018018017995 0.9099099099099099
0.178178178178178 0.9109109109109109
0.17617617617617604 0.9119119119119119
0.17417417417417408 0.9129129129129129
0.17217217217217212 0.9139139139139139
0.17017017017016994 0.914914914914915
0.168168168168168 0.9159159159159159
0.16616616616616603 0.9169169169169169
0.16416416416416407 0.9179179179179179
0.16216216216216212 0.9189189189189189
0.16016016016015994 0.91991991991992
0.15815815815815798 0.9209209209209209
0.15615615615615602 0.9219219219219219
0.15415415415415407 0.9229229229229229
0.1521521521521521 0.9239239239239239
0.15015015015014993 0.924924924924925
0.14814814814814797 0.9259259259259259
0.14614614614614602 0.9269269269269269
0.14414414414414406 0.9279279279279279
0.1421421421421421 0.9289289289289289
0.14014014014013992 0.92992992992993
0.13813813813813797 0.9309309309309309
0.136136136136136 0.9319319319319319
0.13413413413413405 0.9329329329329329
0.13213213213213187 0.933933933933934
0.13013013013012992 0.934934934934935
0.12812812812812796 0.9359359359359359
0.126126126126126 0.9369369369369369
0.12412412412412403 0.9379379379379379
0.12212212212212185 0.938938938938939
0.1201201201201199 0.93993993993994
0.11811811811811794 0.9409409409409409
0.11611611611611598 0.9419419419419419
0.11411411411411403 0.9429429429429429
0.11211211211211185 0.943943943943944
0.11011011011010989 0.944944944944945
0.10810810810810793 0.9459459459459459
0.10610610610610598 0.9469469469469469
0.10410410410410402 0.9479479479479479
0.10210210210210184 0.948948948948949
0.10010010010009988 0.94994994994995
0.09809809809809793 0.950950950950951
0.09609609609609597 0.9519519519519519
0.09409409409409401 0.9529529529529529
0.09209209209209182 0.953953953953954
0.09009009009008986 0.954954954954955
0.0880880880880879 0.955955955955956
0.08608608608608595 0.9569569569569569
0.084084084084084 0.9579579579579579
0.08208208208208181 0.958958958958959
0.08008008008007986 0.95995995995996
0.0780780780780779 0.960960960960961
0.07607607607607594 0.9619619619619619
0.07407407407407399 0.9629629629629629
0.07207207207207181 0.963963963963964
0.07007007007006985 0.964964964964965
0.0680680680680679 0.965965965965966
0.06606606606606594 0.9669669669669669
0.06406406406406398 0.9679679679679679
0.062062062062061794 0.968968968968969
0.06006006006005984 0.96996996996997
0.05805805805805788 0.970970970970971
0.056056056056055924 0.9719719719719719
0.05405405405405397 0.9729729729729729
0.05205205205205179 0.973973973973974
0.05005005005004983 0.974974974974975
0.048048048048047874 0.975975975975976
0.04604604604604591 0.9769769769769769
0.04404404404404395 0.9779779779779779
0.042042042042041775 0.978978978978979
0.04004004004003982 0.97997997997998
0.03803803803803786 0.980980980980981
0.036036036036035904 0.9819819819819819
0.03403403403403395 0.9829829829829829
0.03203203203203177 0.983983983983984
0.030030030030029808 0.984984984984985
0.02802802802802785 0.985985985985986
0.026026026026025894 0.986986986986987
0.024024024024023937 0.9879879879879879
0.022022022022021755 0.988988988988989
0.020020020020019798 0.98998998998999
0.01801801801801784 0.990990990990991
0.016016016016015884 0.991991991991992
0.014014014014013703 0.992992992992993
0.012012012012011746 0.993993993993994
0.010010010010009788 0.994994994994995
0.008008008008007831 0.995995995995996
0.006006006006005873 0.996996996996997
0.0040040040040036935 0.997997997997998
0.0020020020020017357 0.998998998998999
-0.0 1.0
