0.0 0.0
0.002002002002002002 0.001001001001001001
0.004004004004004004 0.002002002002002002
0.006006006006006006 0.003003003003003003
0.008008008008008008 0.004004004004004004
0.01001001001001001 0.005005005005005005
0.012012012012012012 0.006006006006006006
0.014014014014014014 0.007007007007007007
0.016016016016016016 0.008008008008008008
0.018018018018018018 0.009009009009009009
0.02002002002002002 0.01001001001001001
0.022022022022022022 0.011011011011011011
0.024024024024024024 0.012012012012012012
0.026026026026026026 0.013013013013013013
0.028028028028028028 0.014014014014014014
0.03003003003003003 0.015015015015015015
0.03203203203203203 0.016016016016016016
0.03403403403403403 0.017017017017017015
0.036036036036036036 0.018018018018018018
0.03803803803803804 0.01901901901901902
0.04004004004004004 0.02002002002002002
0.04204204204204204 0.02102102102102102
0.044044044044044044 0.022022022022022022
0.04604604604604605 0.023023023023023025
0.04804804804804805 0.024024024024024024
0.050050050050050046 0.025025025025025023
0.05205205205205205 0.026026026026026026
0.05405405405405406 0.02702702702702703
0.056056056056056056 0.028028028028028028
0.058058058058058054 0.029029029029029027
0.06006006006006006 0.03003003003003003
0.062062062062062065 0.031031031031031032
0.06406406406406406 0.03203203203203203
0.06606606606606606 0.03303303303303303
0.06806806806806806 0.03403403403403403
0.07007007007007007 0.035035035035035036
0.07207207207207207 0.036036036036036036
0.07407407407407407 0.037037037037037035
0.07607607607607608 0.03803803803803804
0.07807807807807808 0.03903903903903904
0.08008008008008008 0.04004004004004004
0.08208208208208208 0.04104104104104104
0.08408408408408408 0.04204204204204204
0.08608608608608609 0.043043043043043044
0.08808808808808809 0.044044044044044044
0.09009009009009009 0.04504504504504504
0.0920920920920921 0.04604604604604605
0.0940940940940941 0.04704704704704705
0.0960960960960961 0.04804804804804805
0.0980980980980981 0.04904904904904905
0.10010010010010009 0.050050050050050046
0.1021021021021021 0.05105105105105105
0.1041041041041041 0.05205205205205205
0.1061061061061061 0.05305305305305305
0.10810810810810811 0.05405405405405406
0.11011011011011011 0.055055055055055056
0.11211211211211211 0.056056056056056056
0.11411411411411411 0.057057057057057055
0.11611611611611611 0.058058058058058054
0.11811811811811812 0.05905905905905906
0.12012012012012012 0.06006006006006006
0.12212212212212212 0.06106106106106106
0.12412412412412413 0.062062062062062065
0.12612612612612611 0.06306306306306306
0.12812812812812813 0.06406406406406406
0.13013013013013014 0.06506506506506507
0.13213213213213212 0.06606606606606606
0.13413413413413414 0.06706706706706707
0.13613613613613612 0.06806806806806806
0.13813813813813813 0.06906906906906907
0.14014014014014015 0.07007007007007007
0.14214214214214213 0.07107107107107107
0.14414414414414414 0.07207207207207207
0.14614614614614616 0.07307307307307308
0.14814814814814814 0.07407407407407407
0.15015015015015015 0.07507507507507508
0.15215215215215216 0.07607607607607608
0.15415415415415415 0.07707707707707707
0.15615615615615616 0.07807807807807808
0.15815815815815815 0.07907907907907907
0.16016016016016016 0.08008008008008008
0.16216216216216217 0.08108108108108109
0.16416416416416416 0.08208208208208208
0.16616616616616617 0.08308308308308308
0.16816816816816815 0.08408408408408408
0.17017017017017017 0.08508508508508508
0.17217217217217218 0.08608608608608609
0.17417417417417416 0.08708708708708708
0.17617617617617617 0.08808808808808809
0.1781781781781782 0.0890890890890891
0.18018018018018017 0.09009009009009009
0.18218218218218218 0.09109109109109109
0.1841841841841842 0.0920920920920921
0.18618618618618618 0.09309309309309309
0.1881881881881882 0.0940940940940941
0.19019019019019018 0.09509509509509509
0.1921921921921922 0.0960960960960961
0.1941941941941942 0.0970970970970971
0.1961961961961962 0.0980980980980981
0.1981981981981982 0.0990990990990991
0.20020020020020018 0.10010010010010009
0.2022022022022022 0.1011011011011011
0.2042042042042042 0.1021021021021021
0.2062062062062062 0.1031031031031031
0.2082082082082082 0.1041041041041041
0.21021021021021022 0.10510510510510511
0.2122122122122122 0.1061061061061061
0.21421421421421422 0.10710710710710711
0.21621621621621623 0.10810810810810811
0.2182182182182182 0.1091091091091091
0.22022022022022023 0.11011011011011011
0.2222222222222222 0.1111111111111111
0.22422422422422422 0.11211211211211211
0.22622622622622623 0.11311311311311312
0.22822822822822822 0.11411411411411411
0.23023023023023023 0.11511511511511512
0.23223223223223222 0.11611611611611611
0.23423423423423423 0.11711711711711711
0.23623623623623624 0.11811811811811812
0.23823823823823823 0.11911911911911911
0.24024024024024024 0.12012012012012012
0.24224224224224225 0.12112112112112113
0.24424424424424424 0.12212212212212212
0.24624624624624625 0.12312312312312312
0.24824824824824826 0.12412412412412413
0.2502502502502503 0.12512512512512514
0.25225225225225223 0.12612612612612611
0.25425425425425424 0.12712712712712712
0.25625625625625625 0.12812812812812813
0.25825825825825827 0.12912912912912913
0.2602602602602603 0.13013013013013014
0.26226226226226224 0.13113113113113112
0.26426426426426425 0.13213213213213212
0.26626626626626626 0.13313313313313313
0.2682682682682683 0.13413413413413414
0.2702702702702703 0.13513513513513514
0.27227227227227224 0.13613613613613612
0.27427427427427425 0.13713713713713713
0.27627627627627627 0.13813813813813813
0.2782782782782783 0.13913913913913914
0.2802802802802803 0.14014014014014015
0.2822822822822823 0.14114114114114115
0.28428428428428426 0.14214214214214213
0.2862862862862863 0.14314314314314314
0.2882882882882883 0.14414414414414414
0.2902902902902903 0.14514514514514515
0.2922922922922923 0.14614614614614616
0.29429429429429427 0.14714714714714713
0.2962962962962963 0.14814814814814814
0.2982982982982983 0.14914914914914915
0.3003003003003003 0.15015015015015015
0.3023023023023023 0.15115115115115116
0.30430430430430433 0.15215215215215216
0.3063063063063063 0.15315315315315314
0.3083083083083083 0.15415415415415415
0.3103103103103103 0.15515515515515516
0.3123123123123123 0.15615615615615616
0.31431431431431434 0.15715715715715717
0.3163163163163163 0.15815815815815815
0.3183183183183183 0.15915915915915915
0.3203203203203203 0.16016016016016016
0.32232232232232233 0.16116116116116116
0.32432432432432434 0.16216216216216217
0.3263263263263263 0.16316316316316315
0.3283283283283283 0.16416416416416416
0.3303303303303303 0.16516516516516516
0.33233233233233234 0.16616616616616617
0.33433433433433435 0.16716716716716717
0.3363363363363363 0.16816816816816815
0.3383383383383383 0.16916916916916916
0.34034034034034033 0.17017017017017017
0.34234234234234234 0.17117117117117117
0.34434434434434436 0.17217217217217218
0.34634634634634637 0.17317317317317318
0.3483483483483483 0.17417417417417416
0.35035035035035034 0.17517517517517517
0.35235235235235235 0.17617617617617617
0.35435435435435436 0.17717717717717718
0.3563563563563564 0.1781781781781782
0.35835835835835833 0.17917917917917917
0.36036036036036034 0.18018018018018017
0.36236236236236236 0.18118118118118118
0.36436436436436437 0.18218218218218218
0.3663663663663664 0.1831831831831832
0.3683683683683684 0.1841841841841842
0.37037037037037035 0.18518518518518517
0.37237237237237236 0.18618618618618618
0.3743743743743744 0.1871871871871872
0.3763763763763764 0.1881881881881882
0.3783783783783784 0.1891891891891892
0.38038038038038036 0.19019019019019018
0.38238238238238237 0.19119119119119118
0.3843843843843844 0.1921921921921922
0.3863863863863864 0.1931931931931932
0.3883883883883884 0.1941941941941942
0.39039039039039036 0.19519519519519518
0.3923923923923924 0.1961961961961962
0.3943943943943944 0.1971971971971972
0.3963963963963964 0.1981981981981982
0.3983983983983984 0.1991991991991992
0.40040040040040037 0.20020020020020018
0.4024024024024024 0.2012012012012012
0.4044044044044044 0.2022022022022022
0.4064064064064064 0.2032032032032032
0.4084084084084084 0.2042042042042042
0.41041041041041043 0.20520520520520522
0.4124124124124124 0.2062062062062062
0.4144144144144144 0.2072072072072072
0.4164164164164164 0.2082082082082082
0.4184184184184184 0.2092092092092092
0.42042042042042044 0.21021021021021022
0.4224224224224224 0.2112112112112112
0.4244244244244244 0.2122122122122122
0.4264264264264264 0.2132132132132132
0.42842842842842843 0.21421421421421422
0.43043043043043044 0.21521521521521522
0.43243243243243246 0.21621621621621623
0.4344344344344344 0.2172172172172172
0.4364364364364364 0.2182182182182182
0.43843843843843844 0.21921921921921922
0.44044044044044045 0.22022022022022023
0.44244244244244246 0.22122122122122123
0.4444444444444444 0.2222222222222222
0.44644644644644643 0.22322322322322322
0.44844844844844844 0.22422422422422422
0.45045045045045046 0.22522522522522523
0.45245245245245247 0.22622622622622623
0.4544544544544544 0.2272272272272272
0.45645645645645644 0.22822822822822822
0.45845845845845845 0.22922922922922923
0.46046046046046046 0.23023023023023023
0.4624624624624625 0.23123123123123124
0.46446446446446443 0.23223223223223222
0.46646646646646645 0.23323323323323322
0.46846846846846846 0.23423423423423423
0.47047047047047047 0.23523523523523523
0.4724724724724725 0.23623623623623624
0.4744744744744745 0.23723723723723725
0.47647647647647645 0.23823823823823823
0.47847847847847846 0.23923923923923923
0.4804804804804805 0.24024024024024024
0.4824824824824825 0.24124124124124124
0.4844844844844845 0.24224224224224225
0.48648648648648646 0.24324324324324323
0.48848848848848847 0.24424424424424424
0.4904904904904905 0.24524524524524524
0.4924924924924925 0.24624624624624625
0.4944944944944945 0.24724724724724725
0.4964964964964965 0.24824824824824826
0.4984984984984985 0.24924924924924924
0.5005005005005005 0.2502502502502503
0.5025025025025025 0.25125125125125125
0.5045045045045045 0.25225225225225223
0.5065065065065065 0.25325325325325326
0.5085085085085085 0.25425425425425424
0.5105105105105106 0.2552552552552553
0.5125125125125125 0.25625625625625625
0.5145145145145145 0.25725725725725723
0.5165165165165165 0.25825825825825827
0.5185185185185185 0.25925925925925924
0.5205205205205206 0.2602602602602603
0.5225225225225225 0.26126126126126126
0.5245245245245245 0.26226226226226224
0.5265265265265265 0.26326326326326327
0.5285285285285285 0.26426426426426425
0.5305305305305306 0.2652652652652653
0.5325325325325325 0.26626626626626626
0.5345345345345345 0.26726726726726724
0.5365365365365365 0.2682682682682683
0.5385385385385385 0.26926926926926925
0.5405405405405406 0.2702702702702703
0.5425425425425425 0.27127127127127126
0.5445445445445445 0.27227227227227224
0.5465465465465466 0.2732732732732733
0.5485485485485485 0.27427427427427425
0.5505505505505506 0.2752752752752753
0.5525525525525525 0.27627627627627627
0.5545545545545546 0.2772772772772773
0.5565565565565566 0.2782782782782783
0.5585585585585585 0.27927927927927926
0.5605605605605606 0.2802802802802803
0.5625625625625625 0.28128128128128127
0.5645645645645646 0.2822822822822823
0.5665665665665666 0.2832832832832833
0.5685685685685685 0.28428428428428426
0.5705705705705705 0.2852852852852853
0.5725725725725723 0.2862862862862863
0.5745745745745742 0.2872872872872873
0.5765765765765758 0.2882882882882883
0.5785785785785771 0.28928928928928926
0.580580580580578 0.2902902902902903
0.5825825825825779 0.2912912912912913
0.5845845845845762 0.2922922922922923
0.5865865865865715 0.2932932932932933
0.5885885885885617 0.29429429429429427
0.5905905905905432 0.2952952952952953
0.5925925925925095 0.2962962962962963
0.5945945945944502 0.2972972972972973
0.5965965965963472 0.2982982982982983
0.5985985985981709 0.29929929929929927
0.6006006005998724 0.3003003003003003
0.6026026026013711 0.3013013013013013
0.6046046046025363 0.3023023023023023
0.6066066066031564 0.3033033033033033
0.6086086086028918 0.30430430430430433
0.6106106106012017 0.3053053053053053
0.6126126125972298 0.3063063063063063
0.6146146145896306 0.3073073073073073
0.6166166165763038 0.3083083083083083
0.6186186185539937 0.30930930930930933
0.6206206205176873 0.3103103103103103
0.6226226224597191 0.3113113113113113
0.6246246243684445 0.3123123123123123
0.6266266262262931 0.3133133133133133
0.6286286280069295 0.31431431431431434
0.6306306296711399 0.3153153153153153
0.6326326311609181 0.3163163163163163
0.6346346323910188 0.3173173173173173
0.6366366332369796 0.3183183183183183
0.6386386335182526 0.31931931931931934
0.6406406329746129 0.3203203203203203
0.6426426312333954 0.3213213213213213
0.6446446277643066 0.32232232232232233
0.6466466218175327 0.3233233233233233
0.6486486123395542 0.32432432432432434
0.6506505978594315 0.3253253253253253
0.6526525763362664 0.3263263263263263
0.6546545449560037 0.32732732732732733
0.6566564998626292 0.3283283283283283
0.658658435805062 0.32932932932932935
0.6606603456765401 0.3303303303303303
0.6626622199179834 0.3313313313313313
0.6646640457506128 0.33233233233233234
0.6666658061959531 0.3333333333333333
0.6686674788332349 0.33433433433433435
0.670669034235139 0.3353353353353353
0.6726704340128776 0.3363363363363363
0.6746716283908916 0.33733733733733734
0.6766725532201986 0.3383383383383383
0.6786731263279377 0.33933933933933935
0.6806732430893381 0.34034034034034033
0.6826727710977268 0.34134134134134136
0.6846715437989187 0.34234234234234234
0.6866693529491613 0.3433433433433433
0.6886659397516174 0.34434434434434436
0.6906609845261011 0.34534534534534533
0.692654094771454 0.34634634634634637
0.6946447914905526 0.34734734734734735
0.6966324936654541 0.3483483483483483
0.6986165007953938 0.34934934934934936
0.700595973443882 0.35035035035035034
0.7025699117832602 0.35135135135135137
0.7045371321756311 0.35235235235235235
0.7064962418874341 0.3533533533533533
0.7084456120998238 0.35435435435435436
0.7103833494465418 0.35535535535535534
0.7123072663825593 0.3563563563563564
0.7142148507571838 0.35735735735735735
0.7161032350307873 0.35835835835835833
0.7179691656305872 0.35935935935935936
0.7198089729836161 0.36036036036036034
0.7216185427897625 0.3613613613613614
0.7233932891006039 0.36236236236236236
0.7251281297474639 0.36336336336336333
0.7268174646125124 0.36436436436436437
0.7284551571590695 0.36536536536536535
0.7300345195324003 0.3663663663663664
0.7315483014128589 0.36736736736736736
0.7329886826536708 0.3683683683683684
0.7343472695720152 0.36936936936936937
0.7356150945918296 0.37037037037037035
0.7367826187683139 0.3713713713713714
0.7378397365663294 0.37237237237237236
0.738775782126498 0.3733733733733734
0.7395795361418755 0.3743743743743744
0.740239232391477 0.37537537537537535
0.74074256293993 0.3763763763763764
0.7410766810186035 0.37737737737737737
0.7412282006542263 0.3783783783783784
0.7411831922060551 0.3793793793793794
0.7409271731103436 0.38038038038038036
0.7404450933084102 0.3813813813813814
0.7397213150486617 0.38238238238238237
0.7387395870001735 0.3833833833833834
0.7374830128931136 0.3843843843843844
0.7359340152076872 0.38538538538538536
0.7340742947681411 0.3863863863863864
0.7318847874630342 0.38738738738738737
0.7293456197106127 0.3883883883883884
0.7264360647233884 0.3893893893893894
0.7231345021048675 0.39039039039039036
0.7194183838403908 0.3913913913913914
0.7152642103295912 0.3923923923923924
0.7106475207550125 0.3933933933933934
0.7055429027919902 0.3943943943943944
0.6999240274360199 0.39539539539539537
0.6937637155452575 0.3963963963963964
0.6870340435467034 0.3973973973973974
0.6797064966002784 0.3983983983983984
0.6717521783025393 0.3993993993993994
0.6631420866656829 0.40040040040040037
0.6538474665253595 0.4014014014014014
0.6438402485791799 0.4024024024024024
0.6330935847700073 0.4034034034034034
0.6215824885046705 0.4044044044044044
0.609284586012175 0.40540540540540543
0.5961809817526041 0.4064064064064064
0.5822572359501196 0.4074074074074074
0.5675044458399496 0.4084084084084084
0.5519204139717061 0.4094094094094094
0.5355108769229263 0.41041041041041043
0.5182907562798394 0.4114114114114114
0.500285381249386 0.4124124124124124
0.4815316196309323 0.4134134134134134
0.4620788423241549 0.4144144144144144
0.4419896376623779 0.41541541541541543
0.4213401874810089 0.4164164164164164
0.40022021887774994 0.4174174174174174
0.378732455809205 0.4184184184184184
0.3569915141472415 0.4194194194194194
0.33512221278759585 0.42042042042042044
0.31325731077601426 0.4214214214214214
0.29153472363479094 0.4224224224224224
0.2700943171628786 0.42342342342342343
0.24907441892379317 0.4244244244244244
0.22860822102007253 0.42542542542542544
0.2088202676625701 0.4264264264264264
0.18982322396501483 0.4274274274274274
0.17171510697276857 0.42842842842842843
0.1545771273531681 0.4294294294294294
0.13847224405883393 0.43043043043043044
0.12344448010931719 0.4314314314314314
0.10951899182518395 0.43243243243243246
0.09670283263939071 0.43343343343343343
0.08498631111801389 0.4344344344344344
0.07434481435580706 0.43543543543543545
0.06474095370938902 0.4364364364364364
0.056126889192330984 0.43743743743743746
0.04844669958288063 0.43843843843843844
0.041638684286724036 0.4394394394394394
0.035637506865203665 0.44044044044044045
0.030376115716739163 0.44144144144144143
0.025787402087810735 0.44244244244244246
0.021805577531008116 0.44344344344344344
0.018367271019570655 0.4444444444444444
0.015412359735501025 0.44544544544544545
0.012884557153751098 0.44644644644644643
0.010731787880301288 0.44744744744744747
0.008906381394875248 0.44844844844844844
0.007365117097614651 0.4494494494494494
0.006069151541812093 0.45045045045045046
0.004983856054545735 0.45145145145145144
0.004078589602924102 0.45245245245245247
0.003326428143496781 0.45345345345345345
0.0027038680792829638 0.4544544544544544
0.002190518034711821 0.45545545545545546
0.0017687900613973784 0.45645645645645644
0.0014235986679504464 0.4574574574574575
0.001142073744446667 0.45845845845845845
0.000913291517877946 0.45945945945945943
0.0007280261021069359 0.46046046046046046
0.0005785229577013483 0.46146146146146144
0.00045829461223304083 0.4624624624624625
0.00036193826828064283 0.46346346346346345
0.00028497440451733506 0.46446446446446443
0.00022370511822247105 0.46546546546546547
0.0001750907326981879 0.46646646646646645
0.00013664307205432316 0.4674674674674675
0.00010633376462558507 0.46846846846846846
8.251595450841962e-05 0.4694694694694695
6.385786193201469e-05 0.47047047047047047
4.928672376723208e-05 0.47147147147147145
3.794175470916494e-05 0.4724724724724725
2.9134889195594427e-05 0.47347347347347346
2.2318187351544183e-05 0.4744744744744745
1.705691056426753e-05 0.4754754754754755
1.3007390015657026e-05 0.47647647647647645
9.898922432952623e-06 0.4774774774774775
7.519029832550542e-06 0.47847847847847846
5.701513421391553e-06 0.4794794794794795
4.3168155803264085e-06 0.4804804804804805
3.2642783800834545e-06 0.48148148148148145
2.4659523116524162e-06 0.4824824824824825
1.8616658921283596e-06 0.48348348348348347
1.4051156905992998e-06 0.4844844844844845
1.0607782748837303e-06 0.4854854854854855
8.014811122584162e-07 0.48648648648648646
6.064993526174318e-07 0.4874874874874875
4.6007042698867943e-07 0.48848848848848847
3.502392203522077e-07 0.4894894894894895
2.679636918999491e-07 0.4904904904904905
2.06424910722034e-07 0.49149149149149146
1.6049691757626616e-07 0.4924924924924925
1.263412017392936e-07 0.4934934934934935
1.0109809764426593e-07 0.4944944944944945
8.265346112717555e-08 0.4954954954954955
6.946382478378542e-08 0.4964964964964965
6.042735086870008e-08 0.4974974974974975
5.479064856930755e-08 0.4984984984984985
5.208472581731527e-08 0.4994994994994995
5.2084725817309464e-08 0.5005005005005005
5.479064856930755e-08 0.5015015015015015
6.042735086870008e-08 0.5025025025025025
6.946382478378542e-08 0.5035035035035035
8.265346112717657e-08 0.5045045045045045
1.0109809764426491e-07 0.5055055055055055
1.263412017392936e-07 0.5065065065065065
1.6049691757626616e-07 0.5075075075075075
2.0642491072203538e-07 0.5085085085085085
2.6796369189995066e-07 0.5095095095095095
3.502392203522058e-07 0.5105105105105106
4.6007042698867943e-07 0.5115115115115115
6.064993526174318e-07 0.5125125125125125
8.014811122584195e-07 0.5135135135135135
1.0607782748837343e-06 0.5145145145145145
1.4051156905992945e-06 0.5155155155155156
1.8616658921283596e-06 0.5165165165165165
2.4659523116524162e-06 0.5175175175175175
3.2642783800834642e-06 0.5185185185185185
4.316815580326422e-06 0.5195195195195195
5.701513421391537e-06 0.5205205205205206
7.519029832550542e-06 0.5215215215215215
9.898922432952623e-06 0.5225225225225225
1.3007390015657058e-05 0.5235235235235235
1.705691056426757e-05 0.5245245245245245
2.231818735154413e-05 0.5255255255255256
2.9134889195594427e-05 0.5265265265265265
3.794175470916494e-05 0.5275275275275275
4.928672376723219e-05 0.5285285285285285
6.385786193201482e-05 0.5295295295295295
8.251595450841945e-05 0.5305305305305306
0.00010633376462558507 0.5315315315315315
0.00013664307205432316 0.5325325325325325
0.00017509073269818823 0.5335335335335335
0.00022370511822247146 0.5345345345345345
0.00028497440451733506 0.5355355355355356
0.00036193826828064283 0.5365365365365365
0.00045829461223304083 0.5375375375375375
0.0005785229577006852 0.5385385385385385
0.0007280261021069369 0.5395395395395395
0.000913291517877946 0.5405405405405406
0.001142073744446667 0.5415415415415415
0.0014235986679504464 0.5425425425425425
0.0017687900613973806 0.5435435435435435
0.002190518034711824 0.5445445445445445
0.0027038680792829638 0.5455455455455456
0.003326428143496781 0.5465465465465466
0.004078589602924102 0.5475475475475475
0.004983856054545741 0.5485485485485485
0.006069151541812086 0.5495495495495496
0.007365117097614651 0.5505505505505506
0.008906381394875248 0.5515515515515516
0.010731787880301288 0.5525525525525525
0.012884557153751114 0.5535535535535535
0.015412359735501008 0.5545545545545546
0.018367271019570655 0.5555555555555556
0.021805577531008116 0.5565565565565566
0.025787402087810735 0.5575575575575575
0.0303761157167388 0.5585585585585585
0.03563750686520362 0.5595595595595596
0.041638684286724036 0.5605605605605606
0.04844669958288063 0.5615615615615616
0.056126889192330984 0.5625625625625625
0.06474095370938876 0.5635635635635635
0.07434481435580764 0.5645645645645646
0.08498631111801389 0.5655655655655656
0.09670283263939071 0.5665665665665666
0.10951899182518395 0.5675675675675675
0.12344448010931651 0.5685685685685685
0.1384722440588346 0.5695695695695696
0.1545771273531681 0.5705705705705706
0.17171510697276857 0.5715715715715716
0.1898232239650137 0.5725725725725725
0.2088202676625688 0.5735735735735735
0.2286082210200735 0.5745745745745746
0.24907441892379317 0.5755755755755756
0.2700943171628786 0.5765765765765766
0.29153472363478977 0.5775775775775776
0.31325731077601315 0.5785785785785785
0.33512221278759724 0.5795795795795796
0.3569915141472415 0.5805805805805806
0.378732455809205 0.5815815815815816
0.4002202188777489 0.5825825825825826
0.4213401874810077 0.5835835835835835
0.44198963766237914 0.5845845845845846
0.4620788423241549 0.5855855855855856
0.4815316196309323 0.5865865865865866
0.500285381249385 0.5875875875875876
0.5182907562798384 0.5885885885885885
0.5355108769229273 0.5895895895895896
0.5519204139717061 0.5905905905905906
0.5675044458399496 0.5915915915915916
0.5822572359501187 0.5925925925925926
0.5961809817526034 0.5935935935935935
0.6092845860121757 0.5945945945945946
0.6215824885046705 0.5955955955955956
0.6330935847700073 0.5965965965965966
0.6438402485791793 0.5975975975975976
0.6538474665253591 0.5985985985985985
0.6631420866656829 0.5995995995995996
0.6717521783025393 0.6006006006006006
0.6797064966002784 0.6016016016016016
0.687034043546703 0.6026026026026026
0.6937637155452572 0.6036036036036035
0.6999240274360199 0.6046046046046046
0.7055429027919902 0.6056056056056056
0.7106475207550125 0.6066066066066066
0.715264210329591 0.6076076076076076
0.719418383840391 0.6086086086086087
0.7231345021048675 0.6096096096096096
0.7264360647233884 0.6106106106106106
0.7293456197106127 0.6116116116116116
0.7318847874630341 0.6126126126126126
0.7340742947681412 0.6136136136136137
0.7359340152076872 0.6146146146146146
0.7374830128931136 0.6156156156156156
0.7387395870001735 0.6166166166166166
0.7397213150486617 0.6176176176176176
0.7404450933084104 0.6186186186186187
0.7409271731103436 0.6196196196196196
0.7411831922060551 0.6206206206206206
0.7412282006542263 0.6216216216216216
0.7410766810186035 0.6226226226226226
0.7407425629399301 0.6236236236236237
0.740239232391477 0.6246246246246246
0.7395795361418755 0.6256256256256256
0.738775782126498 0.6266266266266266
0.7378397365663295 0.6276276276276276
0.7367826187683139 0.6286286286286287
0.7356150945918296 0.6296296296296297
0.7343472695720152 0.6306306306306306
0.7329886826536708 0.6316316316316316
0.731548301412859 0.6326326326326326
0.7300345195324002 0.6336336336336337
0.7284551571590695 0.6346346346346347
0.7268174646125124 0.6356356356356356
0.725128129747464 0.6366366366366366
0.723393289100604 0.6376376376376376
0.7216185427897623 0.6386386386386387
0.7198089729836161 0.6396396396396397
0.7179691656305872 0.6406406406406406
0.7161032350307874 0.6416416416416416
0.7142148507571839 0.6426426426426426
0.7123072663825591 0.6436436436436437
0.7103833494465418 0.6446446446446447
0.7084456120998238 0.6456456456456456
0.7064962418874342 0.6466466466466466
0.7045371321756312 0.6476476476476476
0.7025699117832601 0.6486486486486487
0.700595973443882 0.6496496496496497
0.6986165007953938 0.6506506506506506
0.6966324936654542 0.6516516516516516
0.6946447914905527 0.6526526526526526
0.6926540947714539 0.6536536536536537
0.6906609845261011 0.6546546546546547
0.6886659397516174 0.6556556556556556
0.6866693529491614 0.6566566566566566
0.6846715437989188 0.6576576576576576
0.6826727710977267 0.6586586586586587
0.6806732430893381 0.6596596596596597
0.6786731263279377 0.6606606606606606
0.6766725532201987 0.6616616616616616
0.6746716283908917 0.6626626626626626
0.6726704340128776 0.6636636636636637
0.670669034235139 0.6646646646646647
0.6686674788332349 0.6656656656656657
0.6666658061959532 0.6666666666666666
0.6646640457506129 0.6676676676676676
0.6626622199179834 0.6686686686686687
0.6606603456765401 0.6696696696696697
0.658658435805062 0.6706706706706707
0.6566564998626293 0.6716716716716716
0.6546545449560038 0.6726726726726726
0.6526525763362664 0.6736736736736737
0.6506505978594315 0.6746746746746747
0.6486486123395542 0.6756756756756757
0.6466466218175329 0.6766766766766766
0.6446446277643065 0.6776776776776777
0.6426426312333954 0.6786786786786787
0.6406406329746129 0.6796796796796797
0.6386386335182526 0.6806806806806807
0.6366366332369797 0.6816816816816816
0.6346346323910187 0.6826826826826827
0.6326326311609181 0.6836836836836837
0.6306306296711399 0.6846846846846847
0.6286286280069295 0.6856856856856857
0.6266266262262932 0.6866866866866866
0.6246246243684443 0.6876876876876877
0.6226226224597191 0.6886886886886887
0.6206206205176873 0.6896896896896897
0.6186186185539937 0.6906906906906907
0.616616616576304 0.6916916916916916
0.6146146145896305 0.6926926926926927
0.6126126125972298 0.6936936936936937
0.6106106106012017 0.6946946946946947
0.6086086086028918 0.6956956956956957
0.6066066066031565 0.6966966966966966
0.6046046046025362 0.6976976976976977
0.6026026026013711 0.6986986986986987
0.6006006005998724 0.6996996996996997
0.598598598598171 0.7007007007007007
0.5965965965963473 0.7017017017017017
0.5945945945944501 0.7027027027027027
0.5925925925925095 0.7037037037037037
0.5905905905905432 0.7047047047047047
0.5885885885885618 0.7057057057057057
0.5865865865865716 0.7067067067067067
0.5845845845845761 0.7077077077077077
0.5825825825825779 0.7087087087087087
0.580580580580578 0.7097097097097097
0.5785785785785772 0.7107107107107107
0.5765765765765759 0.7117117117117117
0.5745745745745741 0.7127127127127127
0.5725725725725723 0.7137137137137137
0.5705705705705705 0.7147147147147147
0.5685685685685686 0.7157157157157157
0.5665665665665667 0.7167167167167167
0.5645645645645645 0.7177177177177178
0.5625625625625625 0.7187187187187187
0.5605605605605606 0.7197197197197197
0.5585585585585586 0.7207207207207207
0.5565565565565567 0.7217217217217217
0.5545545545545545 0.7227227227227228
0.5525525525525525 0.7237237237237237
0.5505505505505506 0.7247247247247247
0.5485485485485486 0.7257257257257257
0.5465465465465467 0.7267267267267267
0.5445445445445445 0.7277277277277278
0.5425425425425425 0.7287287287287287
0.5405405405405406 0.7297297297297297
0.5385385385385386 0.7307307307307307
0.5365365365365367 0.7317317317317317
0.5345345345345345 0.7327327327327328
0.5325325325325325 0.7337337337337337
0.5305305305305306 0.7347347347347347
0.5285285285285286 0.7357357357357357
0.5265265265265264 0.7367367367367368
0.5245245245245245 0.7377377377377378
0.5225225225225225 0.7387387387387387
0.5205205205205206 0.7397397397397397
0.5185185185185186 0.7407407407407407
0.5165165165165164 0.7417417417417418
0.5145145145145145 0.7427427427427428
0.5125125125125125 0.7437437437437437
0.5105105105105106 0.7447447447447447
0.5085085085085086 0.7457457457457457
0.5065065065065064 0.7467467467467468
0.5045045045045045 0.7477477477477478
0.5025025025025025 0.7487487487487487
0.5005005005005005 0.7497497497497497
0.4984984984984986 0.7507507507507507
0.4964964964964964 0.7517517517517518
0.49449449449449445 0.7527527527527528
0.4924924924924925 0.7537537537537538
0.49049049049049054 0.7547547547547547
0.4884884884884886 0.7557557557557557
0.4864864864864864 0.7567567567567568
0.48448448448448445 0.7577577577577578
0.4824824824824825 0.7587587587587588
0.48048048048048053 0.7597597597597597
0.4784784784784786 0.7607607607607607
0.4764764764764764 0.7617617617617618
0.47447447447447444 0.7627627627627628
0.4724724724724725 0.7637637637637638
0.4704704704704705 0.7647647647647647
0.46846846846846857 0.7657657657657657
0.4664664664664664 0.7667667667667668
0.46446446446446443 0.7677677677677678
0.4624624624624625 0.7687687687687688
0.4604604604604605 0.7697697697697697
0.45845845845845856 0.7707707707707707
0.4564564564564564 0.7717717717717718
0.4544544544544544 0.7727727727727728
0.45245245245245247 0.7737737737737738
0.4504504504504505 0.7747747747747747
0.44844844844844856 0.7757757757757757
0.4464464464464464 0.7767767767767768
0.4444444444444444 0.7777777777777778
0.44244244244244246 0.7787787787787788
0.4404404404404405 0.7797797797797797
0.43843843843843855 0.7807807807807807
0.43643643643643637 0.7817817817817818
0.4344344344344344 0.7827827827827828
0.43243243243243246 0.7837837837837838
0.4304304304304305 0.7847847847847848
0.42842842842842854 0.7857857857857857
0.42642642642642636 0.7867867867867868
0.4244244244244244 0.7877877877877878
0.42242242242242245 0.7887887887887888
0.4204204204204205 0.7897897897897898
0.41841841841841854 0.7907907907907907
0.41641641641641636 0.7917917917917918
0.4144144144144144 0.7927927927927928
0.41241241241241244 0.7937937937937938
0.4104104104104105 0.7947947947947948
0.40840840840840853 0.7957957957957957
0.40640640640640635 0.7967967967967968
0.4044044044044044 0.7977977977977978
0.40240240240240244 0.7987987987987988
0.4004004004004005 0.7997997997997998
0.3983983983983985 0.8008008008008007
0.39639639639639634 0.8018018018018018
0.3943943943943944 0.8028028028028028
0.39239239239239243 0.8038038038038038
0.3903903903903905 0.8048048048048048
0.3883883883883883 0.8058058058058059
0.38638638638638634 0.8068068068068068
0.3843843843843844 0.8078078078078078
0.3823823823823824 0.8088088088088088
0.38038038038038047 0.8098098098098098
0.3783783783783783 0.8108108108108109
0.37637637637637633 0.8118118118118118
0.3743743743743744 0.8128128128128128
0.3723723723723724 0.8138138138138138
0.37037037037037046 0.8148148148148148
0.3683683683683683 0.8158158158158159
0.3663663663663663 0.8168168168168168
0.36436436436436437 0.8178178178178178
0.3623623623623624 0.8188188188188188
0.36036036036036045 0.8198198198198198
0.3583583583583583 0.8208208208208209
0.3563563563563563 0.8218218218218218
0.35435435435435436 0.8228228228228228
0.3523523523523524 0.8238238238238238
0.35035035035035045 0.8248248248248248
0.34834834834834827 0.8258258258258259
0.3463463463463463 0.8268268268268268
0.34434434434434436 0.8278278278278278
0.3423423423423424 0.8288288288288288
0.34034034034034044 0.8298298298298298
0.33833833833833826 0.8308308308308309
0.3363363363363363 0.8318318318318318
0.33433433433433435 0.8328328328328328
0.3323323323323324 0.8338338338338338
0.33033033033033044 0.8348348348348348
0.32832832832832826 0.8358358358358359
0.3263263263263263 0.8368368368368369
0.32432432432432434 0.8378378378378378
0.3223223223223224 0.8388388388388388
0.32032032032032043 0.8398398398398398
0.31831831831831825 0.8408408408408409
0.3163163163163163 0.8418418418418419
0.31431431431431434 0.8428428428428428
0.3123123123123124 0.8438438438438438
0.3103103103103104 0.8448448448448448
0.30830830830830824 0.8458458458458459
0.3063063063063063 0.8468468468468469
0.30430430430430433 0.8478478478478478
0.3023023023023024 0.8488488488488488
0.3003003003003004 0.8498498498498498
0.29829829829829824 0.8508508508508509
0.2962962962962963 0.8518518518518519
0.2942942942942943 0.8528528528528528
0.29229229229229237 0.8538538538538538
0.2902902902902904 0.8548548548548548
0.28828828828828823 0.8558558558558559
0.2862862862862863 0.8568568568568569
0.2842842842842843 0.8578578578578578
0.28228228228228236 0.8588588588588588
0.2802802802802804 0.8598598598598598
0.2782782782782782 0.8608608608608609
0.27627627627627627 0.8618618618618619
0.2742742742742743 0.8628628628628628
0.27227227227227235 0.8638638638638638
0.2702702702702702 0.8648648648648649
0.2682682682682682 0.8658658658658659
0.26626626626626626 0.8668668668668669
0.2642642642642643 0.8678678678678678
0.26226226226226235 0.8688688688688688
0.26026026026026017 0.8698698698698699
0.2582582582582582 0.8708708708708709
0.25625625625625625 0.8718718718718719
0.2542542542542543 0.8728728728728729
0.25225225225225234 0.8738738738738738
0.25025025025025016 0.8748748748748749
0.2482482482482482 0.8758758758758759
0.24624624624624625 0.8768768768768769
0.2442442442442443 0.8778778778778779
0.24224224224224233 0.8788788788788788
0.24024024024024015 0.8798798798798799
0.2382382382382382 0.8808808808808809
0.23623623623623624 0.8818818818818819
0.23423423423423428 0.8828828828828829
0.23223223223223233 0.8838838838838838
0.23023023023023015 0.8848848848848849
0.2282282282282282 0.8858858858858859
0.22622622622622623 0.8868868868868869
0.22422422422422428 0.8878878878878879
0.22222222222222232 0.8888888888888888
0.22022022022022014 0.8898898898898899
0.21821821821821819 0.8908908908908909
0.21621621621621623 0.8918918918918919
0.21421421421421427 0.8928928928928929
0.21221221221221231 0.8938938938938938
0.21021021021021014 0.8948948948948949
0.20820820820820818 0.8958958958958959
0.20620620620620622 0.8968968968968969
0.20420420420420426 0.8978978978978979
0.2022022022022023 0.8988988988988988
0.20020020020020013 0.8998998998998999
0.19819819819819817 0.9009009009009009
0.19619619619619622 0.9019019019019019
0.19419419419419426 0.9029029029029029
0.1921921921921923 0.9039039039039038
0.19019019019019012 0.9049049049049049
0.18818818818818817 0.9059059059059059
0.1861861861861862 0.9069069069069069
0.18418418418418425 0.9079079079079079
0.1821821821821823 0.9089089089089089
0.18018018018018012 0.9099099099099099
0.17817817817817816 0.9109109109109109
0.1761761761761762 0.9119119119119119
0.17417417417417425 0.9129129129129129
0.1721721721721723 0.9139139139139139
0.1701701701701701 0.914914914914915
0.16816816816816815 0.9159159159159159
0.1661661661661662 0.9169169169169169
0.16416416416416424 0.9179179179179179
0.16216216216216228 0.9189189189189189
0.1601601601601601 0.91991991991992
0.15815815815815815 0.9209209209209209
0.1561561561561562 0.9219219219219219
0.15415415415415423 0.9229229229229229
0.15215215215215228 0.9239239239239239
0.1501501501501501 0.924924924924925
0.14814814814814814 0.9259259259259259
0.14614614614614618 0.9269269269269269
0.14414414414414423 0.9279279279279279
0.14214214214214227 0.9289289289289289
0.1401401401401401 0.92992992992993
0.13813813813813813 0.9309309309309309
0.13613613613613618 0.9319319319319319
0.13413413413413422 0.9329329329329329
0.13213213213213204 0.933933933933934
0.13013013013013008 0.934934934934935
0.12812812812812813 0.9359359359359359
0.12612612612612617 0.9369369369369369
0.12412412412412421 0.9379379379379379
0.12212212212212203 0.938938938938939
0.12012012012012008 0.93993993993994
0.11811811811811812 0.9409409409409409
0.11611611611611616 0.9419419419419419
0.1141141141141142 0.9429429429429429
0.11211211211211203 0.943943943943944
0.11011011011011007 0.944944944944945
0.10810810810810811 0.9459459459459459
0.10610610610610616 0.9469469469469469
0.1041041041041042 0.9479479479479479
0.10210210210210202 0.948948948948949
0.10010010010010006 0.94994994994995
0.09809809809809811 0.950950950950951
0.09609609609609615 0.9519519519519519
0.0940940940940942 0.9529529529529529
0.09209209209209201 0.953953953953954
0.09009009009009006 0.954954954954955
0.0880880880880881 0.955955955955956
0.08608608608608614 0.9569569569569569
0.08408408408408419 0.9579579579579579
0.08208208208208201 0.958958958958959
0.08008008008008005 0.95995995995996
0.0780780780780781 0.960960960960961
0.07607607607607614 0.9619619619619619
0.07407407407407418 0.9629629629629629
0.072072072072072 0.963963963963964
0.07007007007007005 0.964964964964965
0.06806806806806809 0.965965965965966
0.06606606606606613 0.9669669669669669
0.06406406406406417 0.9679679679679679
0.062062062062061996 0.968968968968969
0.06006006006006004 0.96996996996997
0.05805805805805808 0.970970970970971
0.056056056056056125 0.9719719719719719
0.05405405405405417 0.9729729729729729
0.05205205205205199 0.973973973973974
0.05005005005005003 0.974974974974975
0.048048048048048075 0.975975975975976
0.04604604604604612 0.9769769769769769
0.04404404404404416 0.9779779779779779
0.04204204204204198 0.978978978978979
0.040040040040040026 0.97997997997998
0.03803803803803807 0.980980980980981
0.03603603603603611 0.9819819819819819
0.034034034034034155 0.9829829829829829
0.032032032032031976 0.983983983983984
0.03003003003003002 0.984984984984985
0.028028028028028062 0.985985985985986
0.026026026026026106 0.986986986986987
0.02402402402402415 0.9879879879879879
0.02202202202202197 0.988988988988989
0.020020020020020013 0.98998998998999
0.018018018018018056 0.990990990990991
0.0160160160160161 0.991991991991992
0.01401401401401392 0.992992992992993
0.012012012012011963 0.993993993993994
0.010010010010010006 0.994994994994995
0.00800800800800805 0.995995995995996
0.006006006006006093 0.996996996996997
0.004004004004003914 0.997997997997998
0.002002002002001957 0.998998998998999
-0.0 1.0
