1.0 -0.0
1.019019019019019 0.018285173459864332
1.038038038038038 0.03519718367253419
1.057057057057057 0.05086446336650508
1.0760760760760761 0.06539980571460548
1.095095095095095 0.07890267832783945
1.1141141141141142 0.0914611383195129
1.1331331331331331 0.10315342643509964
1.1521521521521523 0.11404930128924651
1.1711711711711712 0.12421116183358034
1.1901901901901901 0.13369499625738826
1.2092092092092093 0.14255118784504536
1.2282282282282282 0.1508252023294526
1.2472472472472473 0.15855817658459376
1.2662662662662663 0.16578742479159997
1.2852852852852852 0.17254687526600293
1.3043043043043043 0.17886744877907784
1.3233233233233235 0.1847773873141013
1.3423423423423424 0.19030254067010272
1.3613613613613613 0.19546661708517446
1.3803803803803805 0.20029140303965495
1.3993993993993994 0.2047969565705905
1.4184184184184185 0.20900177774681433
1.4374374374374375 0.21292295939041056
1.4564564564564564 0.2165763206628273
1.4754754754754755 0.21997652574459248
1.4944944944944947 0.22313718951221478
1.5135135135135136 0.22607097184296168
1.5325325325325325 0.2287896619485443
1.5515515515515514 0.2313042539448464
1.5705705705705706 0.23362501470061006
1.5895895895895897 0.23576154486848858
1.6086086086086087 0.23772283388301987
1.6276276276276276 0.23951730960852505
1.6466466466466467 0.24115288323294645
1.6656656656656659 0.2426369899289152
1.6846846846846848 0.24397662573899292
1.7037037037037037 0.24517838108649315
1.7227227227227226 0.2462484712652245
1.7417417417417418 0.24719276421982017
1.760760760760761 0.2480168058920909
1.7797797797797799 0.24872584337728165
1.7987987987987988 0.24932484610657052
1.817817817817818 0.24981852524805398
1.8368368368368369 0.2502113514973523
1.855855855855856 0.2505075714104309
1.874874874874875 0.2507112224149243
1.8938938938938938 0.2508261466218836
1.912912912912913 0.25085600354717674
1.9319319319319321 0.2508042818405544
1.950950950950951 0.25067431011046165
1.96996996996997 0.2504692669238506
1.9889889889889891 0.2501921900524245
2.008008008008008 0.2498459850297661
2.027027027027027 0.2494334330775906
2.046046046046046 0.24895719845381897
2.065065065065065 0.24841983527020672
2.0840840840840844 0.24782379382282796
2.103103103103103 0.2471714264747356
2.1221221221221223 0.24646499312654974
2.141141141141141 0.24570666630751783
2.16016016016016 0.24489853591670407
2.1791791791791795 0.24404261364136393
2.1981981981981984 0.24314083707721584
2.2172172172172173 0.2421950735732022
2.2362362362362362 0.24120712382141749
2.255255255255255 0.240178725211148
2.2742742742742745 0.23911155496439584
2.2932932932932935 0.23800723306883614
2.3123123123123124 0.23686732502286148
2.3313313313313317 0.235693344406191
2.3503503503503502 0.23448675528845273
2.3693693693693696 0.23324897448716872
2.3883883883883885 0.23198137368568872
2.4074074074074074 0.23068528142079991
2.426426426426427 0.2293619849490042
2.4454454454454453 0.2280127319997727
2.4644644644644647 0.226638732423467
2.4834834834834836 0.2252411597410482
2.5025025025025025 0.22382115260217259
2.521521521521522 0.22237981615779287
2.5405405405405403 0.2209182233529455
2.5595595595595597 0.2194374161449973
2.5785785785785786 0.21793840665225506
2.5975975975975976 0.21642217823749507
2.616616616616617 0.2148896865306557
2.635635635635636 0.21334186039464292
2.6546546546546548 0.2117796028379283
2.6736736736736737 0.2102037918773703
2.6926926926926926 0.20861528135445975
2.711711711711712 0.2070149017079734
2.730730730730731 0.20540346070582624
2.74974974974975 0.2037817441387245
2.768768768768769 0.20215051647805515
2.7877877877877877 0.20051052150028642
2.806806806806807 0.19886248288000666
2.825825825825826 0.1972071047535952
2.844844844844845 0.195545072255386
2.8638638638638643 0.19387705202807046
2.8828828828828827 0.1922036927089732
2.901901901901902 0.19052562539372997
2.920920920920921 0.18884346407880387
2.93993993993994 0.1871578060841805
2.9589589589589593 0.185469232457504
2.9779779779779783 0.18377830836083245
2.996996996996997 0.18208558344111925
3.016016016016016 0.18039159218545867
3.035035035035035 0.17869685426206516
3.0540540540540544 0.17700187484790128
3.0730730730730733 0.17530714494380437
3.0920920920920922 0.17361314167791575
3.111111111111111 0.1719203285981598
3.13013013013013 0.1702291559544777
3.1491491491491495 0.16854006097147325
3.1681681681681684 0.16685346811208626
3.1871871871871873 0.1651697893328715
3.206206206206206 0.16348942433142222
3.2252252252252256 0.161812760786444
3.2442442442442445 0.1601401745909502
3.2632632632632634 0.15847203007902033
3.2822822822822824 0.15680868024653286
3.3013013013013013 0.15515046696625723
3.3203203203203207 0.15349772119766403
3.3393393393393396 0.15185076319178642
3.3583583583583585 0.1502099026914444
3.3773773773773774 0.14857543912712123
3.396396396396397 0.14694766180876084
3.4154154154154157 0.14532685011373697
3.4344344344344346 0.14371327367122363
3.4534534534534536 0.14210719254318385
3.4724724724724725 0.14050885740217317
3.491491491491492 0.13891850970614203
3.5105105105105108 0.1373363818704071
3.5295295295295297 0.1357626974369449
3.5485485485485486 0.13419767124115406
3.567567567567568 0.1326415095762144
3.586586586586587 0.13109441035516534
3.605605605605606 0.12955656327081216
3.6246246246246248 0.12802814995356093
3.6436436436436437 0.1265093441272733
3.662662662662663 0.12500031176322185
3.681681681681682 0.12350121123222267
3.700700700700701 0.12201219345501008
3.71971971971972 0.120533402050915
3.738738738738739 0.11906497348489992
3.757757757757758 0.11760703721299683
3.776776776776777 0.1161597158261919
3.795795795795796 0.11472312519279158
3.814814814814815 0.11329737459930365
3.8338338338338342 0.1118825668898597
3.852852852852853 0.110478798604202
3.871871871871872 0.1090861601142553
3.890890890890891 0.10770473575929854
3.90990990990991 0.10633460397975059
3.9289289289289293 0.10497583744957925
3.9479479479479482 0.10362850320734109
3.966966966966967 0.10229266278585725
3.985985985985986 0.10096837234052848
4.005005005005005 0.09965568277629029
4.024024024024024 0.09835463987320794
4.043043043043044 0.0970652844107083
4.062062062062062 0.0957876522904464
4.081081081081081 0.09452177465780136
4.1001001001001 0.09326767802199665
4.119119119119119 0.09202538437483862
4.138138138138139 0.09079491130806554
4.157157157157157 0.08957627212930078
4.176176176176177 0.08836947597660157
4.195195195195195 0.08717452793159593
4.2142142142142145 0.08599142913119844
4.233233233233234 0.0848201768778979
4.252252252252252 0.08366076474860738
4.271271271271272 0.08251318270206866
4.29029029029029 0.08137741718480414
4.3093093093093096 0.08025345123560654
4.328328328328329 0.07914126458856072
4.347347347347347 0.07804083377458956
4.366366366366367 0.07695213222151721
4.385385385385385 0.07587513035264469
4.404404404404405 0.07480979568383037
4.423423423423424 0.07375609291907227
4.442442442442443 0.07271398404458625
4.461461461461462 0.07168342842137687
4.48048048048048 0.07066438287629774
4.4994994994995 0.0696568017915988
4.518518518518519 0.06866063719295891
4.537537537537538 0.06767583883600209
4.556556556556557 0.06670235429129781
4.575575575575575 0.0657401290278449
4.594594594594595 0.06478910649504087
4.613613613613614 0.06384922820313808
4.6326326326326335 0.06292043380218906
4.651651651651652 0.06200266115948472
4.67067067067067 0.061095846435489
4.68968968968969 0.06019992415827518
4.708708708708709 0.059314827296468704
4.7277277277277285 0.0584404873307028
4.746746746746747 0.05757683432359392
4.7657657657657655 0.05672379698824391
4.784784784784785 0.05588130275527771
4.803803803803804 0.05504927783842476
4.822822822822824 0.05422764729865371
4.841841841841842 0.05341633510687024
4.8608608608608606 0.052615264205188764
4.87987987987988 0.051824356566789
4.898898898898899 0.05104353325436916
4.917917917917919 0.05027271447720764
4.936936936936937 0.049511819646846325
4.9559559559559565 0.04876076743140816
4.974974974974975 0.048019475808563486
4.993993993993994 0.0472878621171578
5.013013013013014 0.04656584310751708
5.032032032032032 0.045853334990444146
5.051051051051052 0.04515025348492188
5.07007007007007 0.04445651386453932
5.089089089089089 0.043772031002655455
5.108108108108109 0.043096719416318194
5.127127127127127 0.04243049330895395
5.146146146146147 0.041773266611845224
5.165165165165165 0.04112495302441314
5.1841841841841845 0.0404854660533218
5.203203203203204 0.03985471905042244
5.222222222222222 0.03923262524955444
5.241241241241242 0.038619097802221225
5.26026026026026 0.03801404981215921
5.2792792792792795 0.03741739436881714
5.298298298298299 0.036829044579764755
5.317317317317317 0.03624891360204837
5.336336336336337 0.03567691467251191
5.355355355355356 0.03511296113710185
5.374374374374375 0.03455696647917422
5.393393393393394 0.03400884434682197
5.412412412412412 0.03346850857924167
5.431431431431432 0.03293587323215695
5.450450450450451 0.032410852602318144
5.46946946946947 0.031893361251095466
5.488488488488489 0.031383314027184535
5.5075075075075075 0.03088062608844248
5.526526526526527 0.03038521292287219
5.545545545545546 0.029896990368773496
5.564564564564565 0.02941587463407857
5.583583583583584 0.02894178231488956
5.602602602602603 0.028474630413236453
5.621621621621622 0.02801433635407208
5.640640640640641 0.027560818001522415
5.65965965965966 0.02711399367440878
5.678678678678679 0.02667378216105944
5.6976976976976985 0.026240102733427577
5.716716716716717 0.025812875160532083
5.735735735735736 0.025392019721238016
5.754754754754755 0.0249774572163932
5.773773773773774 0.024569108980336832
5.792792792792794 0.02416689689179657
5.811811811811812 0.023770743384189524
5.830830830830831 0.023380571455342933
5.84984984984985 0.0229963046766501
5.868868868868869 0.022617867201676314
5.887887887887889 0.0222451837742303
5.906906906906907 0.021878179735915458
5.9259259259259265 0.02151678103317563
5.944944944944945 0.02116091422384985
5.963963963963964 0.02081050648324973
5.982982982982984 0.0204654856097738
6.002002002002002 0.020125780030072038
6.0210210210210215 0.019791318803774154
6.04004004004004 0.019462031627794786
6.059059059059059 0.019137848840228372
6.078078078078079 0.018818701423846573
6.097097097097097 0.018504521009210514
6.116116116116117 0.018195239877410067
6.135135135135136 0.01789079096244237
6.1541541541541545 0.01759110785324098
6.173173173173174 0.017296124795367355
6.192192192192192 0.017005776692376042
6.211211211211212 0.016719999106864253
6.230230230230231 0.01643872826121712
6.2492492492492495 0.016161901038058757
6.268268268268269 0.01588945498041972
6.287287287287287 0.015621328291631037
6.306306306306307 0.015357459834954512
6.325325325325326 0.01509778913295915
6.344344344344345 0.014842256366653109
6.363363363363364 0.014590802374380325
6.382382382382382 0.01434336865049111
6.401401401401402 0.014099897343795117
6.420420420420421 0.013860331255805736
6.43943943943944 0.01362461383878391
6.458458458458459 0.013392689193589795
6.477477477477478 0.01316450206735023
6.496496496496497 0.012939997850949686
6.515515515515516 0.012719122576352318
6.534534534534535 0.012501822913762667
6.553553553553554 0.0122880461686319
6.572572572572573 0.012077740278516925
6.591591591591592 0.011870853809798963
6.610610610610611 0.011667335954268268
6.62962962962963 0.011467136525581612
6.648648648648649 0.011270205955598526
6.6676676676676685 0.011076495290602676
6.686686686686687 0.010885956187414137
6.705705705705706 0.01069854090939836
6.724724724724725 0.010514202322377535
6.743743743743744 0.010332893890449573
6.762762762762764 0.010154569671720275
6.781781781781782 0.009979184313953513
6.800800800800801 0.009806693050144564
6.81981981981982 0.009637051694021433
6.838838838838839 0.009470216635478687
6.857857857857859 0.009306144835948502
6.876876876876877 0.009144793823713169
6.8958958958958965 0.008986121689163344
6.914914914914916 0.00883008708000625
6.933933933933934 0.008676649196427659
6.952952952952954 0.00852576778621154
6.971971971971972 0.00837740313982127
6.9909909909909915 0.00823151608544568
7.010010010010011 0.008088067984013767
7.029029029029029 0.007947020724181122
7.048048048048049 0.007808336717291585
7.067067067067067 0.0076719788923170365
7.086086086086087 0.007537910690778496
7.105105105105106 0.0074060960616513715
7.124124124124124 0.007276499456257707
7.143143143143144 0.007149085823148049
7.162162162162162 0.007023820602975751
7.181181181181182 0.006900669723365882
7.200200200200201 0.0067795995937815655
7.2192192192192195 0.006660577100389684
7.238238238238239 0.006543569600928485
7.257257257257257 0.006428544919579021
7.276276276276277 0.0063154713418426475
7.295295295295296 0.0062043176094264355
7.314314314314315 0.006095052915138463
7.333333333333334 0.005987646897794757
7.352352352352353 0.005882069637139733
7.371371371371372 0.0057782916487816305
7.390390390390391 0.005676283879144661
7.40940940940941 0.005576017700439437
7.428428428428429 0.0054774649056529645
7.447447447447448 0.005380597703559764
7.466466466466467 0.005285388713755355
7.485485485485486 0.005191810961713405
7.504504504504505 0.005099837873867726
7.523523523523524 0.005009443272720246
7.542542542542543 0.004920601371976162
7.561561561561562 0.004833286771707106
7.580580580580581 0.004747474453543456
7.5995995995996 0.004663139775896728
7.618618618618619 0.004580258469212796
7.6376376376376385 0.004498806631256888
7.656656656656657 0.0044187607224310975
7.675675675675676 0.004340097561125141
7.694694694694695 0.004262794319101067
7.713713713713714 0.004186828516912509
7.7327327327327335 0.004112178019359231
7.751751751751752 0.004038821030977352
7.770770770770771 0.003966736091565864
7.789789789789791 0.003895902071750003
7.808808808808809 0.003826298168581784
7.827827827827829 0.003757903901178216
7.846846846846847 0.003690699106397558
7.8658658658658664 0.003624663934553961
7.884884884884886 0.0035597788451708356
7.903903903903904 0.0034960246027732093
7.922922922922924 0.003433382272719336
7.941941941941942 0.0033718332170718625
7.9609609609609615 0.003311359090508612
7.979979979979981 0.00325194183627334
7.998998998998999 0.003193563682166464
8.018018018018019 0.003136207136575994
8.037037037037038 0.0030798549845487354
8.056056056056057 0.003024490283901843
8.075075075075077 0.0029700963613748126
8.094094094094094 0.002916656808821938
8.113113113113114 0.0028641554794452294
8.132132132132133 0.002812576484067875
8.15115115115115 0.002761904187448142
8.17017017017017 0.002712123204633707
8.18918918918919 0.002663218397356443
8.208208208208209 0.002615174870467473
8.227227227227228 0.0025679779684125007
8.246246246246248 0.00252161327174729
8.265265265265267 0.0024760665936931865
8.284284284284285 0.0024313239767325564
8.303303303303304 0.002387371689243994
8.322322322322323 0.002344196222177198
8.34134134134134 0.0023017842857672877
8.36036036036036 0.002260122806288416
8.37937937937938 0.002219198922846546
8.398398398398399 0.002178999984211102
8.417417417417418 0.002139513545685373
8.436436436436438 0.002100727366015427
8.455455455455457 0.0020626294043373117
8.474474474474475 0.0020252078171623324
8.493493493493494 0.0019884509554001346
8.512512512512513 0.0019523473614194151
8.531531531531531 0.0019168857661459352
8.55055055055055 0.001882055086197617
8.56956956956957 0.0018478444210564848
8.588588588588589 0.001814243050277126
8.607607607607608 0.0017812404307314463
8.626626626626628 0.0017488261938894138
8.645645645645647 0.0017169901431355217
8.664664664664667 0.0016857222511206793
8.683683683683684 0.0016550126571492328
8.702702702702704 0.0016248516646008217
8.721721721721721 0.0015952297383867986
8.74074074074074 0.00156613750244085
8.75975975975976 0.001537565737243589
8.77877877877878 0.0015095053773807462
8.797797797797799 0.0014819475091346873
8.816816816816818 0.001454883368108934
8.835835835835837 0.001428304336885373
8.854854854854857 0.0014022019427138376
8.873873873873874 0.00137656785523375
8.892892892892894 0.0013513938842274898
8.911911911911913 0.001326671977405203
8.93093093093093 0.0013023942182206862
8.94994994994995 0.0012785528237180543
8.96896896896897 0.0012551401424088756
8.987987987987989 0.0012321486521794237
9.007007007007008 0.0012095709582277483
9.026026026026027 0.0011873997910302352
9.045045045045045 0.0011656280043373327
9.064064064064064 0.0011442485731981155
9.083083083083084 0.0011232545920133907
9.102102102102103 0.0011026392726169883
9.121121121121122 0.0010823959423849432
9.14014014014014 0.0010625180423722428
9.15915915915916 0.0010429991254768069
9.178178178178179 0.001023832854630418
9.197197197197198 0.0010050130010162423
9.216216216216218 0.000986533442312655
9.235235235235235 0.0009683881609630503
9.254254254254255 0.0009505712424713131
9.273273273273274 0.0009330768737226641
9.292292292292293 0.00091589934132954
9.311311311311313 0.000899033030002225
9.33033033033033 0.0008824724209439144
9.34934934934935 0.0008662120902699072
9.368368368368369 0.0008502467074506397
9.387387387387388 0.0008345710337782351
9.406406406406408 0.0008191799208562898
9.425425425425425 0.0008040683091125948
9.444444444444445 0.0007892312263344878
9.463463463463464 0.0007746637862265689
9.482482482482483 0.0007603611869904576
9.501501501501503 0.0007463187099263273
9.52052052052052 0.0007325317180559215
9.53953953953954 0.0007189956547667661
9.558558558558559 0.0007057060424773117
9.577577577577578 0.0006926584813227034
9.596596596596598 0.0006798486478609228
9.615615615615617 0.0006672722937990162
9.634634634634635 0.000654925244739145
9.653653653653654 0.0006428033989441771
9.672672672672673 0.0006309027261225759
9.691691691691693 0.0006192192662322925
9.710710710710712 0.0006077491283034246
9.72972972972973 0.0005964884892793708
9.74874874874875 0.0005854335928762222
9.767767767767769 0.0005745807484601517
9.786786786786788 0.0005639263299425292
9.805805805805807 0.0005534667746925284
9.824824824824825 0.0005431985824669742
9.843843843843844 0.000533118314357184
9.862862862862864 0.0005232225917525725
9.881881881881883 0.0005135080953207645
9.900900900900902 0.0005039715640039955
9.91991991991992 0.0004946097940315563
9.93893893893894 0.0004854196379480547
9.957957957957959 0.00047639800365726937
9.976976976976978 0.00046754185348136287
9.995995995995997 0.0004588482032352341
10.015015015015015 0.00045031412131579297
10.034034034034034 0.0004419367278059299
10.053053053053054 0.00043371319359297944
10.072072072072073 0.00042564073950144817
10.091091091091092 0.0004177166354398079
10.11011011011011 0.0004099381995611437
10.12912912912913 0.000402302797437445
10.148148148148149 0.0003948078412473513
10.167167167167168 0.0003874507889771332
10.186186186186188 0.00038022914363472596
10.205205205205205 0.00037314045247661276
10.224224224224224 0.0003661823062473632
10.243243243243244 0.0003593523384316456
10.262262262262263 0.000352648224518512
10.281281281281283 0.00034606768127777815
10.3003003003003 0.00033960846604831477
10.31931931931932 0.00033326837603806213
10.338338338338339 0.0003270452476356014
10.357357357357358 0.0003209369557330917
10.376376376376378 0.00031494141306040907
10.395395395395397 0.0003090565695303112
10.414414414414415 0.0003032804115944601
10.433433433433434 0.00029761096161013046
10.452452452452453 0.00029204627721744823
10.471471471471473 0.0002865844507269853
10.490490490490492 0.0002812236085175559
10.50950950950951 0.00027596191044405627
10.528528528528529 0.00027079754925518585
10.547547547547548 0.0002657287500209054
10.566566566566568 0.00026075376956946747
10.585585585585587 0.0002558708959338792
10.604604604604605 0.00025107844780764487
10.623623623623624 0.00024637477400964034
10.642642642642643 0.0002417582529579832
10.661661661661663 0.00023722729215274664
10.680680680680682 0.00023278032766738346
10.6996996996997 0.00022841582364872178
10.71871871871872 0.00022413227182539194
10.737737737737739 0.00021992819102455865
10.756756756756758 0.00021580212669681696
10.775775775775777 0.000211752650449128
10.794794794794795 0.00020777835958566416
10.813813813813814 0.0002038778766564352
10.832832832832834 0.00020004984901357594
10.851851851851853 0.0001962929483751654
10.870870870870872 0.0001926058703964616
10.88988988988989 0.00018898733424843053
10.90890890890891 0.0001854360822034506
10.927927927927929 0.00018195087922808092
10.946946946946948 0.00017853051258277298
10.965965965965967 0.00017517379142841766
10.984984984984985 0.00017187954643961589
11.004004004004004 0.00016864662942456097
11.023023023023024 0.00016547391295143097
11.042042042042043 0.0001623602899811774
11.061061061061062 0.00015930467350661187
11.08008008008008 0.0001563059961976853
11.0990990990991 0.0001533632100528575
11.118118118118119 0.00015047528605646095
11.137137137137138 0.000147641213841956
11.156156156156158 0.00014486000136098342
11.175175175175177 0.0001421306745581183
11.194194194194194 0.0001394522770512317
11.213213213213214 0.0001368238698173663
11.232232232232233 0.00013424453088403804
11.251251251251253 0.00013171335502586986
11.270270270270272 0.00012922945346647297
11.28928928928929 0.00012679195358548666
11.308308308308309 0.00012439999863069121
11.327327327327328 0.00012205274743511203
11.346346346346348 0.00011974937413902791
11.365365365365367 0.00011748906791680529
11.384384384384385 0.00011527103270847676
11.403403403403404 0.0001130944869559836
11.422422422422423 0.00011095866334400817
11.441441441441443 0.00010886280854531397
11.460460460460462 0.00010680618297052284
11.47947947947948 0.00010478806052225221
11.498498498498499 0.00010280772835353952
11.517517517517518 0.00010086448663048417
11.536536536536538 9.895764829903228e-05
11.555555555555557 9.708653885583774e-05
11.574574574574575 9.525049612312977e-05
11.593593593593594 9.34488700275185e-05
11.612612612612613 9.168102238267489e-05
11.631631631631633 8.994632667581611e-05
11.650650650650652 8.82441678579345e-05
11.66966966966967 8.657394213770607e-05
11.68868868868869 8.493505677901515e-05
11.707707707707709 8.332692990203678e-05
11.726726726726728 8.174899028781275e-05
11.745745745745747 8.020067718626462e-05
11.764764764764765 7.868144012758446e-05
11.783783783783784 7.719073873694523e-05
11.802802802802804 7.572804255247607e-05
11.821821821821823 7.429283084644458e-05
11.840840840840842 7.288459244959283e-05
11.85985985985986 7.150282557857315e-05
11.87887887887888 7.014703766642973e-05
11.897897897897899 6.881674519607592e-05
11.916916916916918 6.751147353671364e-05
11.935935935935937 6.6230756783146e-05
11.954954954954957 6.497413759793319e-05
11.973973973973974 6.374116705634269e-05
11.992992992992994 6.253140449404555e-05
12.012012012012013 6.134441735751288e-05
12.031031031031032 6.0179781057064106e-05
12.050050050050052 5.903707882252288e-05
12.06906906906907 5.791590156143525e-05
12.088088088088089 5.681584771980529e-05
12.107107107107108 5.573652314530656e-05
12.126126126126128 5.4677540952924204e-05
12.145145145145147 5.363852139298767e-05
12.164164164164164 5.261909172155176e-05
12.183183183183184 5.1618886073085306e-05
12.202202202202203 5.063754533542863e-05
12.221221221221223 4.967471702697878e-05
12.240240240240242 4.873005517606514e-05
12.25925925925926 4.780322020247724e-05
12.278278278278279 4.689387880110652e-05
12.297297297297298 4.600170382766701e-05
12.316316316316318 4.512637418645691e-05
12.335335335335337 4.426757472012668e-05
12.354354354354355 4.342499610141858e-05
12.373373373373374 4.259833472684271e-05
12.392392392392393 4.1787292612256906e-05
12.411411411411413 4.0991577290316e-05
12.430430430430432 4.021090170975866e-05
12.44944944944945 3.944498413649946e-05
12.468468468468469 3.869354805649433e-05
12.487487487487488 3.7956322080349255e-05
12.506506506506508 3.723303984964049e-05
12.525525525525527 3.65234399449172e-05
12.544544544544545 3.582726579535687e-05
12.563563563563564 3.514426559004391e-05
12.582582582582583 3.4474192190844317e-05
12.601601601601603 3.381680304684666e-05
12.620620620620622 3.317186011034326e-05
12.63963963963964 3.253912975432376e-05
12.65865865865866 3.1918382691454516e-05
12.677677677677679 3.1309393894518397e-05
12.696696696696698 3.071194251828804e-05
12.715715715715717 3.0125811822808363e-05
12.734734734734735 2.955078909806306e-05
12.753753753753754 2.89866655900004e-05
12.772772772772774 2.84332364278952e-05
12.791791791791793 2.789030055302231e-05
12.810810810810812 2.735766064861917e-05
12.829829829829832 2.68351230711144e-05
12.84884884884885 2.632249778260006e-05
12.867867867867869 2.5819598284525384e-05
12.886886886886888 2.5326241552590932e-05
12.905905905905907 2.4842247972821103e-05
12.924924924924927 2.4367441278794676e-05
12.943943943943944 2.3901648490012747e-05
12.962962962962964 2.3444699851383474e-05
12.981981981981983 2.2996428773804746e-05
13.001001001001002 2.2556671775824017e-05
13.020020020020022 2.2125268426357224e-05
13.03903903903904 2.1702061288447373e-05
13.058058058058059 2.1286895864044378e-05
13.077077077077078 2.0879620539788375e-05
13.096096096096097 2.048008653377799e-05
13.115115115115117 2.0088147843306504e-05
13.134134134134134 1.9703661193548495e-05
13.153153153153154 1.932648598717988e-05
13.172172172172173 1.895648425491514e-05
13.191191191191193 1.859352060694475e-05
13.210210210210212 1.8237462185257136e-05
13.22922922922923 1.7888178616829337e-05
13.248248248248249 1.754554196767053e-05
13.267267267267268 1.7209426697703772e-05
13.286286286286288 1.6879709616470194e-05
13.305305305305307 1.6556269839641546e-05
13.324324324324325 1.6238988746326305e-05
13.343343343343344 1.5927749937155102e-05
13.362362362362363 1.5622439193131896e-05
13.381381381381383 1.5322944435236505e-05
13.400400400400402 1.5029155684765614e-05
13.41941941941942 1.4740965024398675e-05
13.438438438438439 1.4458266559975674e-05
13.457457457457458 1.418095638297433e-05
13.476476476476478 1.3908932533673636e-05
13.495495495495497 1.3642094964991761e-05
13.514514514514515 1.3380345506986103e-05
13.533533533533534 1.3123587832003435e-05
13.552552552552553 1.2871727420468783e-05
13.571571571571573 1.2624671527301051e-05
13.590590590590592 1.2382329148944524e-05
13.609609609609612 1.2144610991004897e-05
13.62862862862863 1.1911429436479066e-05
13.647647647647648 1.168269851456777e-05
13.666666666666668 1.1458333870060968e-05
13.685685685685687 1.1238252733285063e-05
13.704704704704707 1.1022373890602287e-05
13.723723723723724 1.0810617655452026e-05
13.742742742742744 1.0602905839924286e-05
13.761761761761763 1.0399161726855937e-05
13.780780780780782 1.0199310042439874e-05
13.799799799799802 1.0003276929338113e-05
13.81881881881882 9.810989920289623e-06
13.837837837837839 9.622377912203804e-06
13.856856856856858 9.43737114073111e-06
13.875875875875877 9.255901155301799e-06
13.894894894894897 9.077900794624591e-06
13.913913913913914 8.903304162636796e-06
13.932932932932934 8.732046604897659e-06
13.951951951951953 8.56406468541707e-06
13.970970970970972 8.39929616391149e-06
13.989989989989992 8.237679973479491e-06
14.00900900900901 8.079156198689242e-06
14.028028028028029 7.923666054070411e-06
14.047047047047048 7.771151863003254e-06
14.066066066066067 7.6215570369974935e-06
14.085085085085087 7.474826055353996e-06
14.104104104104104 7.330904445202306e-06
14.123123123123124 7.18973876190704e-06
14.142142142142143 7.051276569836685e-06
14.161161161161163 6.915466423487891e-06
14.180180180180182 6.782257848958994e-06
14.1991991991992 6.65160132576633e-06
14.218218218218219 6.523448268997026e-06
14.237237237237238 6.397751011792298e-06
14.256256256256258 6.27446278815501e-06
14.275275275275277 6.153537716075718e-06
14.294294294294295 6.034930780971329e-06
14.313313313313314 5.918597819430655e-06
14.332332332332333 5.80449550326132e-06
14.351351351351353 5.692581323832397e-06
14.370370370370372 5.582813576707448e-06
14.38938938938939 5.475151346562644e-06
14.408408408408409 5.369554492384682e-06
14.427427427427428 5.265983632943517e-06
14.446446446446448 5.164400132534706e-06
14.465465465465467 5.064766086986531e-06
14.484484484484486 4.967044309927033e-06
14.503503503503504 4.871198319306176e-06
14.522522522522523 4.777192324168423e-06
14.541541541541543 4.684991211671272e-06
14.560560560560562 4.594560534345051e-06
14.579579579579582 4.5058664975896665e-06
14.598598598598599 4.418875947403938e-06
14.617617617617618 4.33355635834318e-06
14.636636636636638 4.249875821700973e-06
14.655655655655657 4.167803033910838e-06
14.674674674674677 4.087307285163895e-06
14.693693693693694 4.008358448238491e-06
14.712712712712714 3.930926967537867e-06
14.731731731731733 3.854983848332135e-06
14.750750750750752 3.7805006462006723e-06
14.769769769769772 3.7074494566713436e-06
14.78878878878879 3.6358029050528915e-06
14.807807807807809 3.5655341364569134e-06
14.826826826826828 3.4966168060060087e-06
14.845845845845847 3.4290250692245576e-06
14.864864864864867 3.3627335726088518e-06
14.883883883883884 3.2977174443732277e-06
14.902902902902904 3.2339522853689484e-06
14.921921921921923 3.171414160172714e-06
14.940940940940942 3.1100795883415653e-06
14.959959959959962 3.049925535831185e-06
14.97897897897898 2.9909294065745663e-06
14.997997997997999 2.9330690342180424e-06
15.017017017017018 2.8763226740118595e-06
15.036036036036037 2.820668994852329e-06
15.055055055055057 2.7660870714728387e-06
15.074074074074074 2.712556376780926e-06
15.093093093093094 2.6600567743387372e-06
15.112112112112113 2.608568510984201e-06
15.131131131131133 2.5580722095903227e-06
15.150150150150152 2.5085488619600397e-06
15.16916916916917 2.4599798218541393e-06
15.188188188188189 2.4123467981497104e-06
15.207207207207208 2.3656318481268624e-06
15.226226226226228 2.31981737088114e-06
15.245245245245247 2.274886100859445e-06
15.264264264264266 2.230821101517123e-06
15.283283283283284 2.187605759093983e-06
15.302302302302303 2.1452237765069857e-06
15.321321321321323 2.103659167357586e-06
15.340340340340342 2.0628962500513983e-06
15.359359359359361 2.022919642028259e-06
15.378378378378379 1.983714254100565e-06
15.397397397397398 1.945265284897891e-06
15.416416416416418 1.907558215415919e-06
15.435435435435437 1.8705788036677282e-06
15.454454454454456 1.8343130794355506e-06
15.473473473473474 1.7987473391211288e-06
15.492492492492493 1.7638681406928304e-06
15.511511511511513 1.7296622987277313e-06
15.530530530530532 1.6961168795468937e-06
15.549549549549551 1.6632191964421076e-06
15.568568568568569 1.6309568049923967e-06
15.587587587587588 1.5993174984685863e-06
15.606606606606608 1.5682893033243803e-06
15.625625625625627 1.5378604747722125e-06
15.644644644644647 1.5080194924423915e-06
15.663663663663664 1.4787550561239484e-06
15.682682682682684 1.45005608158564e-06
15.701701701701703 1.4219116964757002e-06
15.720720720720722 1.3943112362987522e-06
15.739739739739742 1.367244240468532e-06
15.75875875875876 1.3407004484349763e-06
15.777777777777779 1.3146697958842843e-06
15.796796796796798 1.2891424110106018e-06
15.815815815815817 1.264108610857984e-06
15.834834834834837 1.239558897731326e-06
15.853853853853854 1.2154839556749745e-06
15.872872872872874 1.1918746470177553e-06
15.891891891891893 1.168722008983174e-06
15.910910910910912 1.1460172503635754e-06
15.929929929929932 1.1237517482570629e-06
15.94894894894895 1.1019170448660103e-06
15.967967967967969 1.0805048443559887e-06
15.986986986986988 1.05950700977404e-06
16.006006006006007 1.0389155600251063e-06
16.025025025025027 1.0187226669055847e-06
16.044044044044046 9.989206521929177e-07
16.063063063063062 9.79501984790176e-07
16.08208208208208 9.60459277924582e-07
16.1011011011011 9.417852863990189e-07
16.12012012012012 9.234729038954588e-07
16.13913913913914 9.055151603293952e-07
16.15815815815816 8.87905219254297e-07
16.177177177177178 8.706363753151527e-07
16.196196196196198 8.537020517501878e-07
16.215215215215217 8.370957979398441e-07
16.234234234234236 8.208112870021425e-07
16.253253253253256 8.048423134335539e-07
16.272272272272275 7.891827907945267e-07
16.291291291291294 7.738267494388323e-07
16.310310310310314 7.587683342859064e-07
16.329329329329333 7.440018026353777e-07
16.34834834834835 7.295215220229954e-07
16.36736736736737 7.153219681171638e-07
16.386386386386388 7.013977226553554e-07
16.405405405405407 6.877434714196078e-07
16.424424424424426 6.743540022504028e-07
16.443443443443442 6.612242030981978e-07
16.46246246246246 6.48349060111886e-07
16.48148148148148 6.357236557635293e-07
16.5005005005005 6.233431670086348e-07
16.51951951951952 6.112028634813374e-07
16.53853853853854 5.992981057238239e-07
16.55755755755756 5.876243434493511e-07
16.576576576576578 5.761771138382285e-07
16.595595595595597 5.649520398661461e-07
16.614614614614617 5.539448286642326e-07
16.633633633633636 5.431512699102548e-07
16.652652652652655 5.325672342503649e-07
16.671671671671675 5.221886717508223e-07
16.690690690690694 5.12011610379127e-07
16.709709709709713 5.020321545140072e-07
16.72872872872873 4.922464834837215e-07
16.74774774774775 4.826508501321298e-07
16.766766766766768 4.732415794120355e-07
16.785785785785787 4.640150670052519e-07
16.804804804804807 4.549677779689122e-07
16.823823823823826 4.460962454075177e-07
16.842842842842842 4.3739706917024536e-07
16.86186186186186 4.2886691457302274e-07
16.88088088088088 4.2050251114493283e-07
16.8998998998999 4.1230065139845143e-07
16.91891891891892 4.042581896230969e-07
16.93793793793794 3.96372040702036e-07
16.956956956956958 3.886391789512156e-07
16.975975975975977 3.810566369805955e-07
16.994994994994997 3.736215045770624e-07
17.014014014014016 3.663309276086183e-07
17.033033033033036 3.59182106949438e-07
17.052052052052055 3.521722974254035e-07
17.07107107107107 3.4529880677972873e-07
17.09009009009009 3.385589946582862e-07
17.10910910910911 3.319502716142833e-07
17.12812812812813 3.254700981318957e-07
17.147147147147148 3.191159836685186e-07
17.166166166166168 3.128854857152762e-07
17.185185185185187 3.067762088754446e-07
17.204204204204206 3.007858039604488e-07
17.223223223223226 2.9491196710310183e-07
17.242242242242245 2.891524388877594e-07
17.261261261261264 2.835050034970681e-07
17.28028028028028 2.7796748787499635e-07
17.2992992992993 2.7253776090583154e-07
17.31831831831832 2.672137326088572e-07
17.33733733733734 2.619933533483914e-07
17.356356356356358 2.568746130589123e-07
17.375375375375377 2.5185554048497703e-07
17.394394394394396 2.46934202435655e-07
17.413413413413416 2.421087030532009e-07
17.432432432432435 2.3737718309569656e-07
17.451451451451454 2.3273781923339668e-07
17.47047047047047 2.2818882335852027e-07
17.48948948948949 2.2372844190822596e-07
17.50850850850851 2.1935495520053512e-07
17.52752752752753 2.150666767829392e-07
17.546546546546548 2.1086195279346336e-07
17.565565565565567 2.0673916133394524e-07
17.584584584584587 2.0269671185529678e-07
17.603603603603606 1.9873304455452278e-07
17.622622622622625 1.9484662978327143e-07
17.641641641641645 1.910359674676988e-07
17.66066066066066 1.8729958653943248e-07
17.67967967967968 1.8363604437741953e-07
17.6986986986987 1.800439262604617e-07
17.71771771771772 1.7652184483022153e-07
17.736736736736738 1.7306843956451054e-07
17.755755755755757 1.6968237626065926e-07
17.774774774774777 1.663623465287785e-07
17.793793793793796 1.6310706729472367e-07
17.812812812812815 1.599152803125777e-07
17.831831831831835 1.5678575168647074e-07
17.85085085085085 1.5371727140156038e-07
17.86986986986987 1.5070865286399403e-07
17.88888888888889 1.477587324496915e-07
17.90790790790791 1.4486636906176772e-07
17.926926926926928 1.4203044369644042e-07
17.945945945945947 1.3924985901725731e-07
17.964964964964967 1.36523538937485e-07
17.983983983983986 1.3385042821050393e-07
18.003003003003005 1.3122949202805717e-07
18.022022022022025 1.286597156262034e-07
18.04104104104104 1.2614010389882702e-07
18.06006006006006 1.2366968101855953e-07
18.07907907907908 1.2124749006497728e-07
18.0980980980981 1.1887259265992775e-07
18.117117117117118 1.16544068609855e-07
18.136136136136138 1.1426101555498886e-07
18.155155155155157 1.1202254862526652e-07
18.174174174174176 1.0982780010285858e-07
18.193193193193196 1.0767591909117356e-07
18.212212212212215 1.0556607119021679e-07
18.231231231231234 1.034974381781831e-07
18.25025025025025 1.0146921769916417e-07
18.26926926926927 9.948062295685158e-08
18.28828828828829 9.753088241412719e-08
18.30730730730731 9.561923949842019e-08
18.326326326326328 9.374495231272726e-08
18.345345345345347 9.190729335218426e-08
18.364364364364366 9.01055492260849e-08
18.383383383383386 8.833902038524157e-08
18.402402402402405 8.660702085458662e-08
18.421421421421424 8.490887797091375e-08
18.44044044044044 8.324393212566172e-08
18.45945945945946 8.16115365126421e-08
18.47847847847848 8.001105688062108e-08
18.4974974974975 7.844187129065646e-08
18.516516516516518 7.690336987810353e-08
18.535535535535537 7.539495461919865e-08
18.554554554554556 7.39160391021331e-08
18.573573573573576 7.246604830253176e-08
18.592592592592595 7.104441836325194e-08
18.611611611611615 6.965059637841964e-08
18.63063063063063 6.828404018162299e-08
18.64964964964965 6.694421813818092e-08
18.66866866866867 6.563060894141357e-08
18.68768768768769 6.43427014128325e-08
18.706706706706708 6.307999430617917e-08
18.725725725725727 6.18419961152372e-08
18.744744744744747 6.062822488534546e-08
18.763763763763766 5.9438208028541986e-08
18.782782782782785 5.8271482142268376e-08
18.801801801801805 5.712759283156714e-08
18.82082082082082 5.60060945347049e-08
18.83983983983984 5.4906550352154516e-08
18.85885885885886 5.382853187887507e-08
18.87787787787788 5.277161903982226e-08
18.896896896896898 5.173539992863031e-08
18.915915915915917 5.0719470649403514e-08
18.934934934934937 4.9723435161557775e-08
18.953953953953956 4.874690512765385e-08
18.972972972972975 4.7789499764164824e-08
18.991991991991995 4.6850845695121487e-08
19.011011011011014 4.593057680858052e-08
19.03003003003003 4.502833411586138e-08
19.04904904904905 4.4143765613497886e-08
19.06806806806807 4.327652614785471e-08
19.087087087087088 4.24262772823545e-08
19.106106106106107 4.1592687167267894e-08
19.125125125125127 4.077543041201634e-08
19.144144144144146 3.997418795993936e-08
19.163163163163166 3.918864696547942e-08
19.182182182182185 3.841850067373741e-08
19.201201201201204 3.766344830235374e-08
19.22022022022022 3.692319492567007e-08
19.23923923923924 3.6197451361127294e-08
19.25825825825826 3.548593405785889e-08
19.27727727727728 3.478836498743445e-08
19.296296296296298 3.410447153671445e-08
19.315315315315317 3.343398640277465e-08
19.334334334334336 3.277664748986048e-08
19.353353353353356 3.2132197808332574e-08
19.372372372372375 3.150038537556487e-08
19.391391391391394 3.088096311875805e-08
19.41041041041041 3.027368877963137e-08
19.42942942942943 2.9678324820956118e-08
19.44844844844845 2.9094638334897115e-08
19.46746746746747 2.8522400953124986e-08
19.486486486486488 2.796138875866707e-08
19.505505505505507 2.741138219946257e-08
19.524524524524526 2.687216600358956e-08
19.543543543543546 2.6343529096131423e-08
19.562562562562565 2.5825264517651288e-08
19.581581581581585 2.5317169344243486e-08
19.6006006006006 2.4819044609131756e-08
19.61961961961962 2.433069522578387e-08
19.63863863863864 2.3851929912514872e-08
19.65765765765766 2.3382561118548346e-08
19.676676676676678 2.2922404951509152e-08
19.695695695695697 2.2471281106319384e-08
19.714714714714717 2.202901279547063e-08
19.733733733733736 2.1595426680646082e-08
19.752752752752755 2.1170352805666412e-08
19.771771771771775 2.075362453073395e-08
19.790790790790794 2.034507846795014e-08
19.80980980980981 1.994455441808174e-08
19.82882882882883 1.955189530855137e-08
19.84784784784785 1.9166947132629847e-08
19.866866866866868 1.878955888980558e-08
19.885885885885887 1.8419582527309626e-08
19.904904904904907 1.805687288277349e-08
19.923923923923926 1.770128762799801e-08
19.942942942942945 1.7352687213811848e-08
19.961961961961965 1.7010934815998595e-08
19.980980980980984 1.667589628227185e-08
20.0 1.6347440080278115e-08
