1.0 1.387778780781447e-15
1.019019019019019 0.019109667234960596
1.038038038038038 0.036793670017618386
1.057057057057057 0.053186836402377986
1.0760760760760761 0.06840741491355663
1.095095095095095 0.08255954992787037
1.1141141141141142 0.0957353264961739
1.1331331331331331 0.1080164695144103
1.1521521521521523 0.11947576354096927
1.1711711711711712 0.13017824541254658
1.1901901901901901 0.14018221097243175
1.2092092092092093 0.14954360876480052
1.2282282282282282 0.1583066200051633
1.2472472472472473 0.1665139105486899
1.2662662662662663 0.17420416180134501
1.2852852852852852 0.1814125151107428
1.3043043043043043 0.18817096982395168
1.3233233233233235 0.19450872885253165
1.3423423423423424 0.2004524996461802
1.3613613613613613 0.20602675714570273
1.3803803803803805 0.21125765627939164
1.3993993993993994 0.21616436152081211
1.4184184184184185 0.22076408198865716
1.4374374374374375 0.22507439244677532
1.4564564564564564 0.2291115448801685
1.4754754754754755 0.23289059230523093
1.4944944944944947 0.2364254989464056
1.5135135135135136 0.23972923849822464
1.5325325325325325 0.2428150036058243
1.5515515515515514 0.24569909089714756
1.5705705705705706 0.24838610692244734
1.5895895895895897 0.2508858459274832
1.6086086086086087 0.25320746987281395
1.6276276276276276 0.25535955994911264
1.6466466466466467 0.2573501631421772
1.6656656656656659 0.25918683439299106
1.6846846846846848 0.2608798214612109
1.7037037037037037 0.26243824196938886
1.7227227227227226 0.2638630598123714
1.7417417417417418 0.26516020381683064
1.760760760760761 0.26633527060668805
1.7797797797797799 0.2673935485465772
1.7987987987987988 0.2683400396419162
1.817817817817818 0.26918139358693655
1.8368368368368369 0.26992819150054415
1.855855855855856 0.27057691337923956
1.874874874874875 0.2711315943613561
1.8938938938938938 0.27159606850466267
1.912912912912913 0.2719739819216362
1.9319319319319321 0.27226880489217636
1.950950950950951 0.27248997874622516
1.96996996996997 0.27263951278072496
1.9889889889889891 0.27271562999549026
2.008008008008008 0.27272119529840205
2.027027027027027 0.2726589459557423
2.046046046046046 0.27253149918562397
2.065065065065065 0.2723460565738758
2.0840840840840844 0.27210775495699346
2.103103103103103 0.27181164985247874
2.1221221221221223 0.27145993832439297
2.141141141141141 0.2710547280644244
2.16016016016016 0.2705980423054204
2.1791791791791795 0.2701000497117616
2.1981981981981984 0.26955931046493875
2.2172172172172173 0.2689728802563221
2.2362362362362362 0.268342481687666
2.255255255255255 0.26766977301227013
2.2742742742742745 0.2669595961914672
2.2932932932932935 0.2662209724371986
2.3123123123123124 0.2654448227746288
2.3313313313313317 0.26463257294278186
2.3503503503503502 0.26378559875986907
2.3693693693693696 0.26290745592752
2.3883883883883885 0.26200977094663536
2.4074074074074074 0.26108136126934833
2.426426426426427 0.26012341942441897
2.4454454454454453 0.2591370985441093
2.4644644644644647 0.2581289112496869
2.4834834834834836 0.2571047510161937
2.5025025025025025 0.25605558364357084
2.521521521521522 0.2549824151339498
2.5405405405405403 0.2538862198927419
2.5595595595595597 0.25278081057329216
2.5785785785785786 0.25165775193510215
2.5975975975975976 0.2505145264602824
2.616616616616617 0.24935198841955242
2.635635635635636 0.24817859774124235
2.6546546546546548 0.2469969159398327
2.6736736736736737 0.24579843397130563
2.6926926926926926 0.2445839027756654
2.711711711711712 0.24335935944944187
2.730730730730731 0.24213252785349904
2.74974974974975 0.24089185623504816
2.768768768768769 0.23963800584580722
2.7877877877877877 0.23837747985052607
2.806806806806807 0.23711739534741932
2.825825825825826 0.23584607422523482
2.844844844844845 0.2345640992610555
2.8638638638638643 0.23328123898765513
2.8828828828828827 0.23199839994615357
2.901901901901902 0.2307066120772299
2.920920920920921 0.22940638902177637
2.93993993993994 0.22811342914559932
2.9589589589589593 0.22681708284059027
2.9779779779779783 0.2255137943824011
2.996996996996997 0.2242080011950317
3.016016016016016 0.2229118647187518
3.035035035035035 0.22161013161640664
3.0540540540540544 0.22030321130759528
3.0730730730730733 0.2190058143990296
3.0920920920920922 0.21770981286951221
3.111111111111111 0.21640979338155017
3.13013013013013 0.21511236024364994
3.1491491491491495 0.2138258492116269
3.1681681681681684 0.21253636566552989
3.1871871871871873 0.2112442336059241
3.206206206206206 0.2099699112986049
3.2252252252252256 0.20869421561891463
3.2442442442442445 0.20741676926222463
3.2632632632632634 0.20615238665652083
3.2822822822822824 0.20489337078088535
3.3013013013013013 0.203633397890089
3.3203203203203207 0.20238243480949852
3.3393393393393396 0.201142652840491
3.3583583583583585 0.19990261090839237
3.3773773773773774 0.19866804116216202
3.396396396396397 0.19744973069894142
3.4154154154154157 0.19623176789262342
3.4344344344344346 0.19501607028082124
3.4534534534534536 0.19382117309839034
3.4724724724724725 0.19262714859946845
3.491491491491492 0.19143417627819356
3.5105105105105108 0.19026250117510474
3.5295295295295297 0.18909400501104429
3.5485485485485486 0.18792698931348367
3.567567567567568 0.18677824111232408
3.586586586586587 0.18563661352992192
3.605605605605606 0.18449682672002057
3.6246246246246248 0.1833719769165375
3.6436436436436437 0.18225832731358954
3.662662662662663 0.18114681667606308
3.681681681681682 0.18004640321784973
3.700700700700701 0.17896162862202214
3.71971971971972 0.1778792346818806
3.738738738738739 0.1768033778981725
3.757757757757758 0.17574818096223493
3.776776776776777 0.17469555522112692
3.795795795795796 0.1736455907029055
3.814814814814815 0.17261888074676576
3.8338338338338342 0.1715965028889961
3.852852852852853 0.17057691849809606
3.871871871871872 0.16957390813663367
3.890890890890891 0.16858210265077483
3.90990990990991 0.16759318292869696
3.9289289289289293 0.1666127767110357
3.9479479479479482 0.16565172887045468
3.966966966966967 0.16469362360832493
3.985985985985986 0.1637385157985333
4.005005005005005 0.16280415274005733
4.024024024024024 0.1618768919923132
4.043043043043044 0.16095264584668714
4.062062062062062 0.16003758774385698
4.081081081081081 0.1591410960909971
4.1001001001001 0.1582476098188387
4.119119119119119 0.15735716637921643
4.138138138138139 0.156483842821591
4.157157157157157 0.15562092619184767
4.176176176176177 0.15476101410792717
4.195195195195195 0.1539041363582365
4.2142142142142145 0.15306966438443975
4.233233233233234 0.15223999865236174
4.252252252252252 0.15141330500295383
4.271271271271272 0.1505904805912431
4.29029029029029 0.14979071460086954
4.3093093093093096 0.148993843411108
4.328328328328329 0.14819988597581205
4.347347347347347 0.1474093862770362
4.366366366366367 0.14664192731062187
4.385385385385385 0.145877288648719
4.404404404404405 0.14511548463462468
4.423423423423424 0.14435652879412766
4.442442442442443 0.1436176207410717
4.461461461461462 0.14288457047936154
4.48048048048048 0.14215425943486454
4.4994994994995 0.14142669749587045
4.518518518518519 0.1407115960317763
4.537537537537538 0.14000942859707838
4.556556556556557 0.13930989249410355
4.575575575575575 0.1386129946656726
4.594594594594595 0.1379187415201256
4.613613613613614 0.13724518820025275
4.6326326326326335 0.1365756688529938
4.651651651651652 0.135908668415566
4.67067067067067 0.13524419103991187
4.68968968968969 0.13458482864049318
4.708708708708709 0.1339445426433589
4.7277277277277285 0.13330665040853124
4.746746746746747 0.1326711543138413
4.7657657657657655 0.13203805639751404
4.784784784784785 0.13140919071560758
4.803803803803804 0.1307996072448768
4.822822822822824 0.1301922899336656
4.841841841841842 0.12958723951681916
4.8608608608608606 0.12898445646624349
4.87987987987988 0.12838394100012945
4.898898898898899 0.12780004088455088
4.917917917917919 0.1272222363907383
4.936936936936937 0.12664656618314435
4.9559559559559565 0.12607302960500136
4.974974974974975 0.12550162580484547
4.993993993993994 0.12493531243213449
5.013013013013014 0.12438596561510666
5.032032032032032 0.12383861958134272
5.051051051051052 0.12329327289112028
5.07007007007007 0.12274992395659738
5.089089089089089 0.12220857104716219
5.108108108108109 0.1216728482504945
5.127127127127127 0.12115279232856124
5.146146146146147 0.12063460276178163
5.165165165165165 0.12011827748528836
5.1841841841841845 0.11960381432662634
5.203203203203204 0.11909121100969546
5.222222222222222 0.11858046515854835
5.241241241241242 0.11808639321262311
5.26026026026026 0.11759609451094791
5.2792792792792795 0.11710752711316721
5.298298298298299 0.1166206885184693
5.317317317317317 0.11613557615158296
5.336336336336337 0.1156521873655466
5.355355355355356 0.11517276525705195
5.374374374374375 0.11470914074861727
5.393393393393394 0.1142471181822754
5.412412412412412 0.11378669491463482
5.431431431431432 0.11332786824939528
5.450450450450451 0.11287063543934568
5.46946946946947 0.11241499368828754
5.488488488488489 0.11196094015288656
5.5075075075075075 0.11152332932112374
5.526526526526527 0.11108817145728059
5.545545545545546 0.11065448552517226
5.564564564564565 0.11022226879732329
5.583583583583584 0.10979151851189706
5.602602602602603 0.1093622318740172
5.621621621621622 0.10893440605703955
5.640640640640641 0.10851164543312893
5.65965965965966 0.10810201942044094
5.678678678678679 0.1076937436158946
5.6976976976976985 0.10728681536934791
5.716716716716717 0.10688123200779477
5.735735735735736 0.10647699083626284
5.754754754754755 0.10607408913867797
5.773773773773774 0.10567252417869613
5.792792792792794 0.1052722932005045
5.811811811811812 0.10488777483259563
5.830830830830831 0.10450489773960561
5.84984984984985 0.10412325032794013
5.868868868868869 0.10374283006367922
5.887887887887889 0.10336363439911676
5.906906906906907 0.10298566077331969
5.9259259259259265 0.10260890661266701
5.944944944944945 0.10223336933136878
5.963963963963964 0.10186032713826375
5.982982982982984 0.10150146961261032
6.002002002002002 0.10114373079661343
6.0210210210210215 0.10078710834321818
6.04004004004004 0.10043159989691225
6.059059059059059 0.10007720309408476
6.078078078078079 0.09972391556337241
6.097097097097097 0.09937173492599241
6.116116116116117 0.09902065879606384
6.135135135135136 0.09867068478091719
6.1541541541541545 0.0983289233693362
6.173173173173174 0.09799483704614742
6.192192192192192 0.09766176119184715
6.211211211211212 0.09732969365951705
6.230230230230231 0.09699863229765535
6.2492492492492495 0.09666857495038916
6.268268268268269 0.09633951945767955
6.287287287287287 0.09601146365551926
6.306306306306307 0.0956844053761238
6.325325325325326 0.09535834244811557
6.344344344344345 0.0950356056953179
6.363363363363364 0.09472471959185606
6.382382382382382 0.09441474349709021
6.401401401401402 0.0941056754802709
6.420420420420421 0.09379751360833476
6.43943943943944 0.09349025594603
6.458458458458459 0.09318390055603828
6.477477477477478 0.09287844549909217
6.496496496496497 0.09257388883408894
6.515515515515516 0.09227022861820042
6.534534534534535 0.09196746290697957
6.553553553553554 0.09166558975446353
6.572572572572573 0.09137698614575794
6.591591591591592 0.09108949995245069
6.610610610610611 0.0908028274413961
6.62962962962963 0.09051696689638562
6.648648648648649 0.09023191660034986
6.6676676676676685 0.08994767483542898
6.686686686686687 0.08966423988304098
6.705705705705706 0.08938161002394768
6.724724724724725 0.08909978353831921
6.743743743743744 0.08881875870579616
6.762762762762764 0.08853853380555023
6.781781781781782 0.08825910711634315
6.800800800800801 0.08799035520863617
6.81981981981982 0.08772461770949308
6.838838838838839 0.08745960561321572
6.857857857857859 0.08719531741255432
6.876876876876877 0.08693175160015634
6.8958958958958965 0.08666890666860698
6.914914914914916 0.08640678111046832
6.933933933933934 0.08614537341831785
6.952952952952954 0.08588468208478559
6.971971971971972 0.08562470560259056
6.9909909909909915 0.08536544246457622
7.010010010010011 0.08510689116374505
7.029029029029029 0.08484905019329235
7.048048048048049 0.08459846660995685
7.067067067067067 0.08435363512839335
7.086086086086087 0.08410944702025108
7.105105105105106 0.08386590097494896
7.124124124124124 0.08362299568220467
7.143143143143144 0.08338072983205831
7.162162162162162 0.08313910211489524
7.181181181181182 0.08289811122146847
7.200200200200201 0.08265775584292061
7.2192192192192195 0.08241803467080566
7.238238238238239 0.08217894639710965
7.257257257257257 0.08194048971427162
7.276276276276277 0.08170266331520375
7.295295295295296 0.08146546589331129
7.314314314314315 0.08122981937738673
7.333333333333334 0.08100497727743154
7.352352352352353 0.08078070278670363
7.371371371371372 0.08055699477635464
7.390390390390391 0.08033385211802421
7.40940940940941 0.08011127368385393
7.428428428428429 0.0798892583465009
7.447447447447448 0.07966780497915167
7.466466466466467 0.07944691245553509
7.485485485485486 0.07922657964993567
7.504504504504505 0.07900680543720637
7.523523523523524 0.07878758869278128
7.542542542542543 0.0785689282926881
7.561561561561562 0.07835082311356059
7.580580580580581 0.07813327203265037
7.5995995995996 0.07791627392783922
7.618618618618619 0.07770198799455261
7.6376376376376385 0.07749666751422345
7.656656656656657 0.07729184409832492
7.675675675675676 0.07708751678406983
7.694694694694695 0.07688368460923449
7.713713713713714 0.07668034661216713
7.7327327327327335 0.07647750183179634
7.751751751751752 0.07627514930763937
7.770770770770771 0.07607328807981045
7.789789789789791 0.07587191718902879
7.808808808808809 0.0756710356766267
7.827827827827829 0.07547064258455737
7.846846846846847 0.07527073695540293
7.8658658658658664 0.07507131783238193
7.884884884884886 0.07487238425935723
7.903903903903904 0.07467393528084353
7.922922922922924 0.07447596994201458
7.941941941941942 0.07427848728871106
7.9609609609609615 0.07408875551320598
7.979979979979981 0.07390226856953322
7.998998998998999 0.07371621365342922
8.018018018018019 0.07353058995215737
8.037037037037038 0.07334539665355061
8.056056056056057 0.07316063294601657
8.075075075075077 0.07297629801854308
8.094094094094094 0.07279239106070333
8.113113113113114 0.07260891126266096
8.132132132132133 0.07242585781517533
8.15115115115115 0.0722432299096065
8.17017017017017 0.07206102673792036
8.18918918918919 0.07187924749269364
8.208208208208209 0.0716978913671187
8.227227227227228 0.07151695755500866
8.246246246246248 0.07133644525080206
8.265265265265267 0.0711563536495678
8.284284284284285 0.07097668194700991
8.303303303303304 0.07079742933947218
8.322322322322323 0.0706223416936695
8.34134134134134 0.07045346001477107
8.36036036036036 0.0702849516461532
8.37937937937938 0.07011681590861725
8.398398398398399 0.06994905212349635
8.417417417417418 0.06978165961265875
8.436436436436438 0.06961463769851123
8.455455455455457 0.06944798570400246
8.474474474474475 0.06928170295262627
8.493493493493494 0.06911578876842506
8.512512512512513 0.06895024247599296
8.531531531531531 0.06878506340047921
8.55055055055055 0.06862025086759117
8.56956956956957 0.06845580420359776
8.588588588588589 0.06829172273533243
8.607607607607608 0.06812800579019646
8.626626626626628 0.06796465269616189
8.645645645645647 0.06780166278177492
8.664664664664667 0.06763903537615863
8.683683683683684 0.06747676980901626
8.702702702702704 0.06731486541063411
8.721721721721721 0.06715332151188469
8.74074074074074 0.06700042087332558
8.75975975975976 0.06684859906662953
8.77877877877878 0.06669709669213465
8.797797797797799 0.06654591318913966
8.816816816816818 0.06639504799741976
8.835835835835837 0.06624450055722872
8.854854854854857 0.06609427030930118
8.873873873873874 0.06594435669485449
8.892892892892894 0.06579475915559105
8.911911911911913 0.06564547713370025
8.93093093093093 0.0654965100718606
8.94994994994995 0.06534785741324177
8.96896896896897 0.06519951860150655
8.987987987987989 0.065051493080813
9.007007007007008 0.06490378029581631
9.026026026026027 0.06475637969167086
9.045045045045045 0.06460929071403232
9.064064064064064 0.06446251280905925
9.083083083083084 0.06431604542341542
9.102102102102103 0.06416988800427152
9.121121121121122 0.06402403999930721
9.14014014014014 0.06387850085671287
9.15915915915916 0.06373327002519155
9.178178178178179 0.06358834695396087
9.197197197197198 0.06345165587480334
9.216216216216218 0.06331584227833316
9.235235235235235 0.06318029977005236
9.254254254254255 0.06304502789275308
9.273273273273274 0.0629100261896378
9.292292292292293 0.06277529420432057
9.311311311311313 0.06264083148082845
9.33033033033033 0.06250663756360271
9.34934934934935 0.062372711997500024
9.368368368368369 0.06223905432779401
9.387387387387388 0.06210566410017627
9.406406406406408 0.061972540860757756
9.425425425425425 0.06183968415607002
9.444444444444445 0.0617070935330663
9.463463463463464 0.06157476853912299
9.482482482482483 0.06144270872204076
9.501501501501503 0.061310913630045684
9.52052052052052 0.06117938281179054
9.53953953953954 0.06104811581635598
9.558558558558559 0.06091711219325172
9.577577577577578 0.0607863714924177
9.596596596596598 0.06065589326422524
9.615615615615617 0.060525677059478235
9.634634634634635 0.06039572242941429
9.653653653653654 0.06026602892570578
9.672672672672673 0.06013659610046117
9.691691691691693 0.06000742350622589
9.710710710710712 0.059886332159409465
9.72972972972973 0.059765668100632205
9.74874874874875 0.05964523174108537
9.767767767767769 0.05952502271320535
9.786786786786788 0.059405040649770514
9.805805805805807 0.05928528518390202
9.824824824824825 0.059165755949064716
9.843843843843844 0.05904645257906767
9.862862862862864 0.05892737470806512
9.881881881881883 0.05880852197055723
9.900900900900902 0.058689894001390686
9.91991991991992 0.05857149043575955
9.93893893893894 0.058453310909205976
9.957957957957959 0.058335355057620907
9.976976976976978 0.05821762251724481
9.995995995995997 0.05810011292466846
10.015015015015015 0.057982825916833534
10.034034034034034 0.05786576113103341
10.053053053053054 0.05774891820491376
10.072072072072073 0.05763229677647343
10.091091091091092 0.05751589648406488
10.11011011011011 0.05739971696639515
10.12912912912913 0.057283757862526236
10.148148148148149 0.057168018811876005
10.167167167167168 0.05705249945421874
10.186186186186188 0.056937199429685836
10.205205205205205 0.056822118378766454
10.224224224224224 0.056707255942308105
10.243243243243244 0.05659261176151743
10.262262262262263 0.056478185477960706
10.281281281281283 0.056367600285586184
10.3003003003003 0.05626110942419186
10.31931931931932 0.056154807775237126
10.338338338338339 0.05604869504773714
10.357357357357358 0.05594277095098304
10.376376376376378 0.05583703519454262
10.395395395395397 0.055731487488260574
10.414414414414415 0.05562612754225903
10.433433433433434 0.05552095506693794
10.452452452452453 0.05541596977297549
10.471471471471473 0.05531117137132848
10.490490490490492 0.05520655957323283
10.50950950950951 0.05510213409020391
10.528528528528529 0.054997894634036926
10.547547547547548 0.0548938409168074
10.566566566566568 0.054789972650871495
10.585585585585587 0.05468628954886646
10.604604604604605 0.054582791323710994
10.623623623623624 0.0544794776886056
10.642642642642643 0.054376348357033026
10.661661661661663 0.054273403042758586
10.680680680680682 0.054170641459830624
10.6996996996997 0.05406806332258085
10.71871871871872 0.05396566834562456
10.737737737737739 0.05386345624386128
10.756756756756758 0.0537614267324749
10.775775775775777 0.053659579526934155
10.794794794794795 0.05355791434299291
10.813813813813814 0.05345643089669055
10.832832832832834 0.0533551289043523
10.851851851851853 0.05325400808258969
10.870870870870872 0.05315306814830072
10.88988988988989 0.053052308818670305
10.90890890890891 0.05295172981117052
10.927927927927929 0.052851330843561126
10.946946946946948 0.052756145270739775
10.965965965965967 0.052663098719910525
10.984984984984985 0.05257020716860048
11.004004004004004 0.05247747039071312
11.023023023023024 0.05238488816036816
11.042042042042043 0.05229246025190178
11.061061061061062 0.052200186439866826
11.08008008008008 0.05210806649903302
11.0990990990991 0.05201610020438715
11.118118118118119 0.05192428733113338
11.137137137137138 0.05183262765469333
11.156156156156158 0.05174112095070642
11.175175175175177 0.051649766995029905
11.194194194194194 0.051558565563739216
11.213213213213214 0.05146751643312813
11.232232232232233 0.05137661937970892
11.251251251251253 0.05128587418021261
11.270270270270272 0.05119528061158916
11.28928928928929 0.051104838451007606
11.308308308308309 0.05101454747585633
11.327327327327328 0.05092440746374316
11.346346346346348 0.05083441819249566
11.365365365365367 0.050744579440161225
11.384384384384385 0.05065489098500735
11.403403403403404 0.0505653526055217
11.422422422422423 0.050475964080412376
11.441441441441443 0.050386725188608095
11.460460460460462 0.0502976357092583
11.47947947947948 0.05020869542173339
11.498498498498499 0.050119904105624884
11.517517517517518 0.05003126154074555
11.536536536536538 0.049942767507129664
11.555555555555557 0.049854421785033055
11.574574574574575 0.04976622415493337
11.593593593593594 0.04967817439753017
11.612612612612613 0.04959027229374514
11.631631631631633 0.049502517624722214
11.650650650650652 0.04941491017182775
11.66966966966967 0.0493274497166507
11.68868868868869 0.04924013604100269
11.707707707707709 0.04915775227756954
11.726726726726728 0.04907722560169686
11.745745745745747 0.048996824041337726
11.764764764764765 0.04891654742435498
11.783783783783784 0.04883639557877514
11.802802802802804 0.048756368332788666
11.821821821821823 0.04867646551474986
11.840840840840842 0.04859668695317709
11.85985985985986 0.048517032476752875
11.87887887887888 0.04843750191432385
11.897897897897899 0.048358095094901056
11.916916916916918 0.048278811847659864
11.935935935935937 0.048199652001940166
11.954954954954957 0.04812061538724643
11.973973973973974 0.04804170183324774
11.992992992992994 0.04796291116977796
12.012012012012013 0.04788424322683577
12.031031031031032 0.04780569783458481
12.050050050050052 0.04772727482335362
12.06906906906907 0.04764897402363593
12.088088088088089 0.04757079526609052
12.107107107107108 0.0474927383815415
12.126126126126128 0.04741480320097823
12.145145145145147 0.04733698955555552
12.164164164164164 0.047259297276593615
12.183183183183184 0.04718172619557832
12.202202202202203 0.04710427614416104
12.221221221221223 0.04702694695415889
12.240240240240242 0.04694973845755477
12.25925925925926 0.046872650486497386
12.278278278278279 0.046795682873301346
12.297297297297298 0.04671883545044727
12.316316316316318 0.046642108050581776
12.335335335335337 0.046565500506517636
12.354354354354355 0.046489012651233785
12.373373373373374 0.04641264431787538
12.392392392392393 0.0463363953397539
12.411411411411413 0.0462602655503472
12.430430430430432 0.04618425478329958
12.44944944944945 0.04610836287242179
12.468468468468469 0.04603258965169115
12.487487487487488 0.0459569349552516
12.506506506506508 0.04588139861741375
12.525525525525527 0.04580598047265492
12.544544544544545 0.04573068035561925
12.563563563563564 0.045655498101117666
12.582582582582583 0.04558211675863184
12.601601601601603 0.04551317561294961
12.620620620620622 0.045444333773196934
12.63963963963964 0.04537559111133862
12.65865865865866 0.04530694749945905
12.677677677677679 0.04523840280976221
12.696696696696698 0.04516995691457181
12.715715715715717 0.04510160968633116
12.734734734734735 0.045033360997603335
12.753753753753754 0.04496521072107108
12.772772772772774 0.044897158729537
12.791791791791793 0.044829204895923444
12.810810810810812 0.04476134909327261
12.829829829829832 0.04469359119474654
12.84884884884885 0.0446259310736272
12.867867867867869 0.04455836860331639
12.886886886886888 0.04449090365733594
12.905905905905907 0.04442353610932757
12.924924924924927 0.04435626583305303
12.943943943943944 0.04428909270239405
12.962962962962964 0.044222016591352435
12.981981981981983 0.04415503737405002
13.001001001001002 0.04408815492472877
13.020020020020022 0.04402136911775068
13.03903903903904 0.043954679827597966
13.058058058058059 0.043888086928872895
13.077077077077078 0.043821590296297994
13.096096096096097 0.04375518980471592
13.115115115115117 0.04368888532908957
13.134134134134134 0.04362267674450206
13.153153153153154 0.04355656392615676
13.172172172172173 0.043490546749377315
13.191191191191193 0.04342462508960763
13.210210210210212 0.04335879882241193
13.22922922922923 0.04329306782347475
13.248248248248249 0.04322743196860097
13.267267267267268 0.04316189113371581
13.286286286286288 0.043096445194864844
13.305305305305307 0.04303109402821405
13.324324324324325 0.042965837510049794
13.343343343343344 0.04290067551677881
13.362362362362363 0.042835607924928305
13.381381381381383 0.04277063461114589
13.400400400400402 0.04270575545219963
13.41941941941942 0.04264097032497803
13.438438438438439 0.04257627910649006
13.457457457457458 0.042511681673865195
13.476476476476478 0.04244717790435337
13.495495495495497 0.04238276767532501
13.514514514514515 0.042318450864271086
13.533533533533534 0.04225422734880301
13.552552552552553 0.042190097006652785
13.571571571571573 0.04212605971567291
13.590590590590592 0.042062115353836416
13.609609609609612 0.041998263799236865
13.62862862862863 0.04193816696462468
13.647647647647648 0.0418800051893947
13.666666666666668 0.04182192055450141
13.685685685685687 0.04176391296739418
13.704704704704707 0.04170598233560632
13.723723723723724 0.04164812856675506
13.742742742742744 0.04159035156854155
13.761761761761763 0.04153265124875088
13.780780780780782 0.041475027515252054
13.799799799799802 0.041417480275998016
13.81881881881882 0.041360009439025666
13.837837837837839 0.04130261491245578
13.856856856856858 0.041245296604493116
13.875875875875877 0.041188054423426344
13.894894894894897 0.04113088827762808
13.913913913913914 0.041073798075554856
13.932932932932934 0.041016783725747144
13.951951951951953 0.04095984513682935
13.970970970970972 0.040902982217509806
13.989989989989992 0.040846194876580776
14.00900900900901 0.04078948302291844
14.028028028028029 0.04073284656548289
14.047047047047048 0.04067628541331819
14.066066066066067 0.04061979947555227
14.085085085085087 0.04056338866139699
14.104104104104104 0.04050705288014815
14.123123123123124 0.04045079204118541
14.142142142142143 0.040394606053972396
14.161161161161163 0.04033849482805658
14.180180180180182 0.040282458273069366
14.1991991991992 0.04022649629872603
14.218218218218219 0.040170608814825766
14.237237237237238 0.04011479573125163
14.256256256256258 0.04005905695797054
14.275275275275277 0.04000339240503333
14.294294294294295 0.03994780198257467
14.313313313313314 0.0398922856008131
14.332332332332333 0.03983684317005102
14.351351351351353 0.03978147460067465
14.370370370370372 0.03972617980315411
14.38938938938939 0.0396709586880433
14.408408408408409 0.03961581116597998
14.427427427427428 0.03956073714768571
14.446446446446448 0.03950573654396586
14.465465465465467 0.039450809265709624
14.484484484484486 0.03939595522389
14.503503503503504 0.03934117432956375
14.522522522522523 0.039286466493871415
14.541541541541543 0.03923183162803731
14.560560560560562 0.039177269643369525
14.579579579579582 0.03912278045125989
14.598598598598599 0.039068363963184
14.617617617617618 0.03901402009070113
14.636636636636638 0.038959748745454326
14.655655655655657 0.038905549839170314
14.674674674674677 0.03885142328365956
14.693693693693694 0.03879736899081617
14.712712712712714 0.03874338687261797
14.731731731731733 0.03868947684112642
14.750750750750752 0.03863563880848667
14.769769769769772 0.038581872686927504
14.78878878878879 0.038528178388761325
14.807807807807809 0.03847455582638416
14.826826826826828 0.038421004912275646
14.845845845845847 0.038367525558999034
14.864864864864867 0.03831688665195476
14.883883883883884 0.03826856392267996
14.902902902902904 0.038220299712839294
14.921921921921923 0.03817209395767086
14.940940940940942 0.03812394659246898
14.959959959959962 0.03807585755258424
14.97897897897898 0.03802782677342346
14.997997997997999 0.037979854190449636
15.017017017017018 0.037931939739182054
15.036036036036037 0.03788408335519615
15.055055055055057 0.03783628497412358
15.074074074074074 0.03778854453165221
15.093093093093094 0.03774086196352602
15.112112112112113 0.03769323720554523
15.131131131131133 0.03764567019356618
15.150150150150152 0.037598160863501366
15.16916916916917 0.03755070915131944
15.188188188188189 0.03750331499304515
15.207207207207208 0.03745597832475939
15.226226226226228 0.03740869908259916
15.245245245245247 0.037361477202757565
15.264264264264266 0.03731431262148378
15.283283283283284 0.037267205275083065
15.302302302302303 0.03722015509991677
15.321321321321323 0.03717316203240226
15.340340340340342 0.03712622600901296
15.359359359359361 0.037079346966278376
15.378378378378379 0.03703252484078397
15.397397397397398 0.03698575956917124
15.416416416416418 0.036939051088137685
15.435435435435437 0.03689239933443682
15.454454454454456 0.036845804244878086
15.473473473473474 0.036799265756326936
15.492492492492493 0.03675278380570474
15.511511511511513 0.03670635832998884
15.530530530530532 0.036659989266212493
15.549549549549551 0.03661367655146488
15.568568568568569 0.036567420122891055
15.587587587587588 0.03652121991769201
15.606606606606608 0.0364750758731246
15.625625625625627 0.036428987926501524
15.644644644644647 0.03638295601519139
15.663663663663664 0.03633698007661859
15.682682682682684 0.03629106004826337
15.701701701701703 0.0362451958676618
15.720720720720722 0.03619938747240572
15.739739739739742 0.03615363480014281
15.75875875875876 0.03610793778857648
15.777777777777779 0.03606229637546592
15.796796796796798 0.03601671049862606
15.815815815815817 0.03597118009592758
15.834834834834837 0.03592570510529687
15.853853853853854 0.03588028546471603
15.872872872872874 0.035834921112222855
15.891891891891893 0.03578961198591078
15.910910910910912 0.03574435802392899
15.929929929929932 0.03569915916448225
15.94894894894895 0.035654015345830965
15.967967967967969 0.035608926506291175
15.986986986986988 0.035563892584234535
16.006006006006007 0.03551891351808827
16.025025025025027 0.03547398924633522
16.044044044044046 0.03542911970751372
16.063063063063062 0.03538430484021773
16.08208208208208 0.035339544583096655
16.1011011011011 0.03529483887485548
16.12012012012012 0.03525018765425468
16.13913913913914 0.03520559086011019
16.15815815815816 0.03516104843129345
16.177177177177178 0.03511656030673132
16.196196196196198 0.0350721264254061
16.215215215215217 0.03502774672635553
16.234234234234236 0.03498342114867275
16.253253253253256 0.03493914963150627
16.272272272272275 0.03489493211406
16.291291291291294 0.03485076853559319
16.310310310310314 0.03480665883542045
16.329329329329333 0.034762602952911684
16.34834834834835 0.03471860082749213
16.36736736736737 0.03467745942517087
16.386386386386388 0.034638087370918086
16.405405405405407 0.03459875841666248
16.424424424424426 0.03455947251885963
16.443443443443442 0.03452022963400086
16.46246246246246 0.0344810297186132
16.48148148148148 0.0344418727292594
16.5005005005005 0.03440275862253793
16.51951951951952 0.03436368735508289
16.53853853853854 0.03432465888356412
16.55755755755756 0.03428567316468708
16.576576576576578 0.03424673015519291
16.595595595595597 0.03420782981185839
16.614614614614617 0.03416897209149595
16.633633633633636 0.03413015695095363
16.652652652652655 0.03409138434711509
16.671671671671675 0.03405265423689959
16.690690690690694 0.034013966577261995
16.709709709709713 0.03397532132519275
16.72872872872873 0.03393671843771789
16.74774774774775 0.03389815787189896
16.766766766766768 0.033859639584833116
16.785785785785787 0.033821163533653026
16.804804804804807 0.03378272967552689
16.823823823823826 0.03374433796765844
16.842842842842842 0.0337059883672869
16.86186186186186 0.033667680831687
16.88088088088088 0.03362941531816895
16.8998998998999 0.03359119178407846
16.91891891891892 0.03355301018679666
16.93793793793794 0.033514870483740175
16.956956956956958 0.033476772632361054
16.975975975975977 0.03343871659014678
16.994994994994997 0.03340070231462024
17.014014014014016 0.03336272976333975
17.033033033033036 0.03332479889389903
17.052052052052055 0.033286909663927146
17.07107107107107 0.03324906203108858
17.09009009009009 0.033211255953083156
17.10910910910911 0.03317349138764604
17.12812812812813 0.03313576829254775
17.147147147147148 0.03309808662559415
17.166166166166168 0.033060446344626376
17.185185185185187 0.03302284740752091
17.204204204204206 0.032985289772189494
17.223223223223226 0.03294777339657916
17.242242242242245 0.03291029823867223
17.261261261261264 0.03287286425648626
17.28028028028028 0.03283547140807406
17.2992992992993 0.03279811965152366
17.31831831831832 0.032760808944958315
17.33733733733734 0.032723539246536495
17.356356356356358 0.03268631051445187
17.375375375375377 0.032649122706933306
17.394394394394396 0.03261197578224479
17.413413413413416 0.03257486969868552
17.432432432432435 0.03253780441458983
17.451451451451454 0.03250077988832717
17.47047047047047 0.032463796078302146
17.48948948948949 0.03242685294295442
17.50850850850851 0.03238995044075881
17.52752752752753 0.03235308853022519
17.546546546546548 0.03231626716989852
17.565565565565567 0.03227948631835881
17.584584584584587 0.03224274593422111
17.603603603603606 0.03220604597613552
17.622622622622625 0.03216938640278716
17.641641641641645 0.03213276717289616
17.66066066066066 0.03209618824521765
17.67967967967968 0.032059649578541724
17.6986986986987 0.032023151131693454
17.71771771771772 0.031986692863532895
17.736736736736738 0.03195027473295501
17.755755755755757 0.03191389669888973
17.774774774774777 0.031877558720301874
17.793793793793796 0.0318412607561912
17.812812812812815 0.03180500276559233
17.831831831831835 0.03176878470757477
17.85085085085085 0.03173260654124291
17.86986986986987 0.03169646822573598
17.88888888888889 0.03166036972022803
17.90790790790791 0.03162431098392799
17.926926926926928 0.031588291976079555
17.945945945945947 0.03155231265596124
17.964964964964967 0.031516372982886356
17.983983983983986 0.031480472916202956
18.003003003003005 0.031444612415293886
18.022022022022025 0.03140879143957672
18.04104104104104 0.031373009948503776
18.06006006006006 0.03133726790156207
18.07907907907908 0.03130156525827336
18.0980980980981 0.031265901978194045
18.117117117117118 0.031230278020915252
18.136136136136138 0.031194693346062747
18.155155155155157 0.031159147913296936
18.174174174174176 0.031123641682312898
18.193193193193196 0.031088174612840302
18.212212212212215 0.031052746664643433
18.231231231231234 0.031021296892597146
18.25025025025025 0.03098997876238532
18.26926926926927 0.030958691239794306
18.28828828828829 0.030927434296949722
18.30730730730731 0.03089620790599844
18.326326326326328 0.030865012039108568
18.345345345345347 0.030833846668469504
18.364364364364366 0.030802711766291853
18.383383383383386 0.030771607304807474
18.402402402402405 0.030740533256269444
18.421421421421424 0.030709489592952065
18.44044044044044 0.030678476287150862
18.45945945945946 0.03064749331118253
18.47847847847848 0.030616540637384993
18.4974974974975 0.03058561823811734
18.516516516516518 0.030554726085759862
18.535535535535537 0.03052386415271401
18.554554554554556 0.03049303241140239
18.573573573573576 0.030462230834268782
18.592592592592595 0.030431459393778112
18.611611611611615 0.03040071806241644
18.63063063063063 0.030370006812690958
18.64964964964965 0.03033932561712998
18.66866866866867 0.030308674448282964
18.68768768768769 0.030278053278720424
18.706706706706708 0.03024746208103403
18.725725725725727 0.030216900827836506
18.744744744744747 0.030186369491761685
18.763763763763766 0.030155868045464464
18.782782782782785 0.030125396461620813
18.801801801801805 0.030094954712927755
18.82082082082082 0.030064542772103377
18.83983983983984 0.030034160611886802
18.85885885885886 0.030003808205038188
18.87787787787788 0.02997348552433873
18.896896896896898 0.029943192542590622
18.915915915915917 0.029912929232617104
18.934934934934937 0.029882695567262377
18.953953953953956 0.02985249151939168
18.972972972972975 0.02982231706189121
18.991991991991995 0.029792172167668152
19.011011011011014 0.02976205680965065
19.03003003003003 0.029731970960787838
19.04904904904905 0.029701914594049767
19.06806806806807 0.02967188768242746
19.087087087087088 0.029641890198932867
19.106106106106107 0.029611922116598872
19.125125125125127 0.02958198340847927
19.144144144144146 0.029552074047648775
19.163163163163166 0.029522194007203007
19.182182182182185 0.029492343260258482
19.201201201201204 0.02946252177995258
19.22022022022022 0.029432729539443602
19.23923923923924 0.029402966511910673
19.25825825825826 0.029373232670553806
19.27727727727728 0.029343527988593857
19.296296296296298 0.029313852439272547
19.315315315315317 0.029284205995852405
19.334334334334336 0.029254588631616802
19.353353353353356 0.029225000319869923
19.372372372372375 0.02919544103393676
19.391391391391394 0.029165910747163123
19.41041041041041 0.029136409432915605
19.42942942942943 0.029106937064581572
19.44844844844845 0.029077493615569185
19.46746746746747 0.029048079059307355
19.486486486486488 0.02901869336924576
19.505505505505507 0.02898933651885485
19.524524524524526 0.028960008481625773
19.543543543543546 0.028930709231070443
19.562562562562565 0.028901438740721472
19.581581581581585 0.028872196984132223
19.6006006006006 0.02884298393487673
19.61961961961962 0.028813799566549746
19.63863863863864 0.028784643852766707
19.65765765765766 0.028755516767163723
19.676676676676678 0.028726418283397583
19.695695695695697 0.028697348375145742
19.714714714714717 0.028668307016106308
19.733733733733736 0.02863929417999802
19.752752752752755 0.028610309840560268
19.771771771771775 0.028581353971553078
19.790790790790794 0.02855242654675706
19.80980980980981 0.02852352753997348
19.82882882882883 0.02849465692502416
19.84784784784785 0.02846581467575155
19.866866866866868 0.02843700076601866
19.885885885885887 0.028408215169709077
19.904904904904907 0.02837945786072698
19.923923923923926 0.028350728812997068
19.942942942942945 0.028322028000464607
19.961961961961965 0.028293355397095394
19.980980980980984 0.02826471097687576
20.0 0.02823609471381257
