5 1.0 3.4345841878088362e-15
5 1.019019019019019 0.021344309600473635
5 1.038038038038038 0.04074510323521357
5 1.057057057057057 0.05842027153598584
5 1.0760760760760761 0.07455618496716789
5 1.095095095095095 0.08931320592974208
5 1.1141141141141142 0.10283040285551731
5 1.1331331331331331 0.11523425369716564
5 1.1521521521521523 0.1266253987040096
5 1.1711711711711712 0.13709627935186233
5 1.1901901901901901 0.1467283904420027
5 1.2092092092092093 0.1555938622328793
5 1.2282282282282282 0.1637571716542987
5 1.2472472472472473 0.17128476626293695
5 1.2662662662662663 0.17821900116781014
5 1.2852852852852852 0.18460567186744956
5 1.3043043043043043 0.19048600017750675
5 1.3233233233233235 0.19589719748227427
5 1.3423423423423424 0.2008777641259049
5 1.3613613613613613 0.20546176241365458
5 1.3803803803803805 0.2096694449429125
5 1.3993993993993994 0.21352613335770038
5 1.4184184184184185 0.21705497344151314
5 1.4374374374374375 0.22027776069374927
5 1.4564564564564564 0.2232278773641315
5 1.4754754754754755 0.22590936631975683
5 1.4944944944944947 0.22833869762072706
5 1.5135135135135136 0.2305310790189307
5 1.5325325325325325 0.23250057797803098
5 1.5515515515515514 0.23427683723749002
5 1.5705705705705706 0.2358562851796199
5 1.5895895895895897 0.2372497735217497
5 1.6086086086086087 0.23846775164138378
5 1.6276276276276276 0.23952299914496764
5 1.6466466466466467 0.24043729587866206
5 1.6656656656656659 0.24120393047664487
5 1.6846846846846848 0.2418308494495946
5 1.7037037037037037 0.2423255033714969
5 1.7227227227227226 0.24270637426246053
5 1.7417417417417418 0.24297747437179304
5 1.760760760760761 0.24313649618682934
5 1.7797797797797799 0.24318924841544484
5 1.7987987987987988 0.24314499551696647
5 1.817817817817818 0.24302289565348778
5 1.8368368368368369 0.24281045224604042
5 1.855855855855856 0.2425122694544851
5 1.874874874874875 0.24213270615397187
5 1.8938938938938938 0.24169759768343826
5 1.912912912912913 0.2411904671556502
5 1.9319319319319321 0.24061405199833905
5 1.950950950950951 0.23997186711430693
5 1.96996996996997 0.2392884163903683
5 1.9889889889889891 0.23854857868952065
5 2.008008008008008 0.23775280453730366
5 2.027027027027027 0.23690395940302328
5 2.046046046046046 0.23602855488553184
5 2.065065065065065 0.23510659944036916
5 2.0840840840840844 0.2341396392690823
5 2.103103103103103 0.23313393945197142
5 2.1221221221221223 0.232109535371591
5 2.141141141141141 0.23104710358204447
5 2.16016016016016 0.22994868411663416
5 2.1791791791791795 0.22882803051025125
5 2.1981981981981984 0.22768981063756966
5 2.2172172172172173 0.22652138289660184
5 2.2362362362362362 0.22532444210237257
5 2.255255255255255 0.22412315479689596
5 2.2742742742742745 0.22290109716726947
5 2.2932932932932935 0.22165532739523328
5 2.3123123123123124 0.22039550736555383
5 2.3313313313313317 0.219134088978813
5 2.3503503503503502 0.21785313095015243
5 2.3693693693693696 0.21655386414245428
5 2.3883883883883885 0.2152607107126463
5 2.4074074074074074 0.21395643600265832
5 2.426426426426427 0.21263731671109054
5 2.4454454454454453 0.21131607056450905
5 2.4644644644644647 0.20999878887709986
5 2.4834834834834836 0.20866966386466346
5 2.5025025025025025 0.20733059536909149
5 2.521521521521522 0.20600923167554167
5 2.5405405405405403 0.20467861726642217
5 2.5595595595595597 0.2033395304688314
5 2.5785785785785786 0.20201276138284593
5 2.5975975975975976 0.20068798963056297
5 2.616616616616617 0.19935687365404628
5 2.635635635635636 0.19803073105478056
5 2.6546546546546548 0.19671807821349901
5 2.6736736736736737 0.19540090142133928
5 2.6926926926926926 0.194081204886039
5 2.711711711711712 0.19278600548993094
5 2.730730730730731 0.19148782960319483
5 2.74974974974975 0.19018716117724424
5 2.768768768768769 0.18890602504383508
5 2.7877877877877877 0.18763110354841603
5 2.806806806806807 0.18635492785594546
5 2.825825825825826 0.1850897986372029
5 2.844844844844845 0.1838416657307352
5 2.8638638638638643 0.18259331170139778
5 2.8828828828828827 0.1813466488469453
5 2.901901901901902 0.18012820022151768
5 2.920920920920921 0.1789103826667558
5 2.93993993993994 0.17769348774282592
5 2.9589589589589593 0.17649735691493873
5 2.9779779779779783 0.1753122477602064
5 2.996996996996997 0.17412871070540606
5 3.016016016016016 0.1729539575920266
5 3.035035035035035 0.17180325091557608
5 3.0540540540540544 0.17065463245410928
5 3.0730730730730733 0.16950830216120444
5 3.0920920920920922 0.16838615673527405
5 3.111111111111111 0.1672736164924876
5 3.13013013013013 0.16616373262393314
5 3.1491491491491495 0.16506231908316074
5 3.1681681681681684 0.16398666802032014
5 3.1871871871871873 0.1629139455263251
5 3.206206206206206 0.16184428529139944
5 3.2252252252252256 0.16079358334699015
5 3.2442442442442445 0.159758449811673
5 3.2632632632632634 0.15872654552502152
5 3.2822822822822824 0.15769797586690434
5 3.3013013013013013 0.15669572316981709
5 3.3203203203203207 0.15570168993515732
5 3.3393393393393396 0.15471107268674095
5 3.3583583583583585 0.1537239536089743
5 3.3773773773773774 0.15276708619710505
5 3.396396396396397 0.15181428549465883
5 3.4154154154154157 0.1508649954590888
5 3.4344344344344346 0.1499193280586165
5 3.4534534534534536 0.14900405234900238
5 3.4724724724724725 0.1480922575438837
5 3.491491491491492 0.1471839946367802
5 3.5105105105105108 0.14627931169777872
5 3.5295295295295297 0.14540140247894542
5 3.5485485485485486 0.14453010631192942
5 3.567567567567568 0.14366230554614123
5 3.586586586586587 0.14279803604692623
5 3.605605605605606 0.1419526314631134
5 3.6246246246246248 0.14112111231273194
5 3.6436436436436437 0.1402930075297378
5 3.662662662662663 0.13946834329577942
5 3.681681681681682 0.1386502108761964
5 3.700700700700701 0.13785758838977882
5 3.71971971971972 0.13706826568306185
5 3.738738738738739 0.13628226133309282
5 3.757757757757758 0.13549959250977264
5 3.776776776776777 0.13473108749923285
5 3.795795795795796 0.13397952955441467
5 3.814814814814815 0.1332311449913727
5 3.8338338338338342 0.13248594538050767
5 3.852852852852853 0.13174394123754485
5 3.871871871871872 0.13101769326848486
5 3.890890890890891 0.13030582848048536
5 3.90990990990991 0.12959698371203826
5 3.9289289289289293 0.1288911654361191
5 3.9479479479479482 0.12818837934173927
5 3.966966966966967 0.12749674444892928
5 3.985985985985986 0.12682311385184245
5 4.005005005005005 0.12615233291523534
5 4.024024024024024 0.12548440448117235
5 4.043043043043044 0.12481933081397173
5 4.062062062062062 0.12415711362670244
5 4.081081081081081 0.12351755836682728
5 4.1001001001001 0.12288333529627851
5 4.119119119119119 0.12225178245878231
5 4.138138138138139 0.12162289975751633
5 4.157157157157157 0.1209966866932741
5 4.176176176176177 0.12037508788491756
5 4.195195195195195 0.11977592226824987
5 4.2142142142142145 0.1191792417672983
5 4.233233233233234 0.11858504472084382
5 4.252252252252252 0.11799332917667549
5 4.271271271271272 0.1174040929052767
5 4.29029029029029 0.11681733341286563
5 4.3093093093093096 0.11625267153175319
5 4.328328328328329 0.11569169401697636
5 4.347347347347347 0.11513301216160185
5 4.366366366366367 0.11457662292160588
5 4.385385385385385 0.11402252306396453
5 4.404404404404405 0.11347070917565973
5 4.423423423423424 0.11292881273732099
5 4.442442442442443 0.1124017584138808
5 4.461461461461462 0.11187681527410742
5 4.48048048048048 0.1113539797102609
5 4.4994994994995 0.11083324798729283
5 4.518518518518519 0.11031461624900012
5 4.537537537537538 0.10979808052388351
5 4.556556556556557 0.10929083560045057
5 4.575575575575575 0.10879793940742502
5 4.594594594594595 0.10830697229101474
5 4.613613613613614 0.10781793035193996
5 4.6326326326326335 0.10733080961040709
5 4.651651651651652 0.10684560601006667
5 4.67067067067067 0.10636231542178072
5 4.68968968968969 0.10588093364720917
5 4.708708708708709 0.10541758275834923
5 4.7277277277277285 0.10495865206833369
5 4.746746746746747 0.10450147242997561
5 4.7657657657657655 0.10404603989730199
5 4.784784784784785 0.10359235047674628
5 4.803803803803804 0.10314040012954381
5 4.822822822822824 0.10269018477401158
5 4.841841841841842 0.10224170028771899
5 4.8608608608608606 0.10180918728289917
5 4.87987987987988 0.10138207024410158
5 4.898898898898899 0.10095653607545044
5 4.917917917917919 0.10053258100149311
5 4.936936936936937 0.10011020121926109
5 4.9559559559559565 0.09968939289970379
5 4.974974974974975 0.099270152189054
5 4.993993993993994 0.09885247521012788
5 5.013013013013014 0.09843799846488487
5 5.032032032032032 0.09804070764639652
5 5.051051051051052 0.09764484241160376
5 5.07007007007007 0.0972503992710809
5 5.089089089089089 0.09685737471995996
5 5.108108108108109 0.09646576523878111
5 5.127127127127127 0.09607556729430272
5 5.146146146146147 0.09568677734027313
5 5.165165165165165 0.09529939181816686
5 5.1841841841841845 0.09491340715788613
5 5.203203203203204 0.09454037482830327
5 5.222222222222222 0.09417364279094015
5 5.241241241241242 0.09380818392511506
5 5.26026026026026 0.09344399506404717
5 5.2792792792792795 0.09308107303364044
5 5.298298298298299 0.0927194146529391
5 5.317317317317317 0.09235901673456226
5 5.336336336336337 0.09199987608511845
5 5.355355355355356 0.09164198950560225
5 5.374374374374375 0.09128535379177277
5 5.393393393393394 0.09093806696181755
5 5.412412412412412 0.0905996780239514
5 5.431431431431432 0.09026242227257109
5 5.450450450450451 0.08992629689575375
5 5.46946946946947 0.0895912990785382
5 5.488488488488489 0.08925742600316955
5 5.5075075075075075 0.08892467484933324
5 5.526526526526527 0.08859304279437892
5 5.545545545545546 0.08826252701353558
5 5.564564564564565 0.08793312468011676
5 5.583583583583584 0.08760483296571799
5 5.602602602602603 0.08728421513938932
5 5.621621621621622 0.08697317603870984
5 5.640640640640641 0.08666313966917394
5 5.65965965965966 0.08635410357109224
5 5.678678678678679 0.08604606528406317
5 5.6976976976976985 0.0857390223471007
5 5.716716716716717 0.0854329722987569
5 5.735735735735736 0.08512791267723988
5 5.754754754754755 0.08482384102052741
5 5.773773773773774 0.08452075486647599
5 5.792792792792794 0.08421865175292621
5 5.811811811811812 0.08391752921780414
5 5.830830830830831 0.08362238680291043
5 5.84984984984985 0.08333754960707163
5 5.868868868868869 0.08305359453126533
5 5.887887887887889 0.08277051945166602
5 5.906906906906907 0.08248832224489344
5 5.9259259259259265 0.08220700078807872
5 5.944944944944945 0.0819265529589286
5 5.963963963963964 0.08164697663578747
5 5.982982982982984 0.08136826969769737
5 6.002002002002002 0.08109043002445605
5 6.0210210210210215 0.0808134554966736
5 6.04004004004004 0.08053734399582678
5 6.059059059059059 0.08026209340431233
5 6.078078078078079 0.07998920456694658
5 6.097097097097097 0.0797293111095802
5 6.116116116116117 0.0794701890718762
5 6.135135135135136 0.07921183664117373
5 6.1541541541541545 0.07895425200576203
5 6.173173173173174 0.07869743335491534
5 6.192192192192192 0.07844137887892773
5 6.211211211211212 0.07818608676914629
5 6.230230230230231 0.07793155521800403
5 6.2492492492492495 0.07767778241905161
5 6.268268268268269 0.07742476656698837
5 6.287287287287287 0.07717250585769295
5 6.306306306306307 0.07692099848825265
5 6.325325325325326 0.07667024265699264
5 6.344344344344345 0.07642023656350432
5 6.363363363363364 0.07617815161257016
5 6.382382382382382 0.0759425436225447
5 6.401401401401402 0.07570760459752851
5 6.420420420420421 0.07547333300829237
5 6.43943943943944 0.07523972732673741
5 6.458458458458459 0.07500678602591458
5 6.477477477477478 0.07477450758004349
5 6.496496496496497 0.0745428904645312
5 6.515515515515516 0.07431193315599026
5 6.534534534534535 0.07408163413225681
5 6.553553553553554 0.07385199187240825
5 6.572572572572573 0.07362300485678035
5 6.591591591591592 0.07339467156698459
5 6.610610610610611 0.0731669904859247
5 6.62962962962963 0.07293996009781327
5 6.648648648648649 0.0727135788881878
5 6.6676676676676685 0.07249368387487184
5 6.686686686686687 0.07228081238824959
5 6.705705705705706 0.07206851740569999
5 6.724724724724725 0.07185679765122077
5 6.743743743743744 0.0716456518499308
5 6.762762762762764 0.07143507872808125
5 6.781781781781782 0.07122507701306678
5 6.800800800800801 0.07101564543343644
5 6.81981981981982 0.07080678271890443
5 6.838838838838839 0.07059848760036087
5 6.857857857857859 0.0703907588098822
5 6.876876876876877 0.07018359508074165
5 6.8958958958958965 0.06997699514741941
5 6.914914914914916 0.0697709577456129
5 6.933933933933934 0.06956548161224659
5 6.952952952952954 0.06936056548548201
5 6.971971971971972 0.06915620810472758
5 6.9909909909909915 0.06895240821064802
5 7.010010010010011 0.06875647319146733
5 7.029029029029029 0.06856530415961634
5 7.048048048048049 0.0683746276228962
5 7.067067067067067 0.06818444252942521
5 7.086086086086087 0.06799474782835142
5 7.105105105105106 0.06780554246985948
5 7.124124124124124 0.06761682540517719
5 7.143143143143144 0.06742859558658211
5 7.162162162162162 0.06724085196740816
5 7.181181181181182 0.06705359350205196
5 7.200200200200201 0.0668668191459792
5 7.2192192192192195 0.06668052785573109
5 7.238238238238239 0.06649471858893047
5 7.257257257257257 0.06630939030428806
5 7.276276276276277 0.06612454196160862
5 7.295295295295296 0.06594017252179692
5 7.314314314314315 0.06575628094686377
5 7.333333333333334 0.06557286619993208
5 7.352352352352353 0.06538992724524252
5 7.371371371371372 0.06520746304815962
5 7.390390390390391 0.06503329091997434
5 7.40940940940941 0.06486260953322097
5 7.428428428428429 0.06469234510837914
5 7.447447447447448 0.06452249678941213
5 7.466466466466467 0.0643530637211825
5 7.485485485485486 0.06418404504945617
5 7.504504504504505 0.06401543992090633
5 7.523523523523524 0.06384724748311756
5 7.542542542542543 0.06367946688458946
5 7.561561561561562 0.06351209727474086
5 7.580580580580581 0.06334513780391353
5 7.5995995995996 0.06317858762337587
5 7.618618618618619 0.0630124458853269
5 7.6376376376376385 0.06284671174289988
5 7.656656656656657 0.062681384350166
5 7.675675675675676 0.06251646286213812
5 7.694694694694695 0.06235194643477439
5 7.713713713713714 0.06218783422498176
5 7.7327327327327335 0.062024125390619717
5 7.751751751751752 0.06186081909050367
5 7.770770770770771 0.06169791448440849
5 7.789789789789791 0.061535410733072025
5 7.808808808808809 0.061376989124762804
5 7.827827827827829 0.06122546735687069
5 7.846846846846847 0.061074295312197956
5 7.8658658658658664 0.06092347230363459
5 7.884884884884886 0.06077299764482521
5 7.903903903903904 0.060622870650171336
5 7.922922922922924 0.060473090634833804
5 7.941941941941942 0.06032365691473503
5 7.9609609609609615 0.06017456880656137
5 7.979979979979981 0.06002582562776535
5 7.998998998998999 0.05987742669656797
5 8.018018018018019 0.059729371331960844
5 8.037037037037038 0.05958165885370854
5 8.056056056056057 0.059434288582350704
5 8.075075075075077 0.05928725983920425
5 8.094094094094094 0.059140571946365496
5 8.113113113113114 0.058994224226712313
5 8.132132132132133 0.058848216003906245
5 8.15115115115115 0.05870254660239457
5 8.17017017017017 0.05855721534741241
5 8.18918918918919 0.05841222156498474
5 8.208208208208209 0.058267564581928465
5 8.227227227227228 0.058123243725854416
5 8.246246246246248 0.05797925832516934
5 8.265265265265267 0.0578356077090778
5 8.284284284284285 0.05769310561165426
5 8.303303303303304 0.05755965084493368
5 8.322322322322323 0.057426485970371324
5 8.34134134134134 0.05729361044522707
5 8.36036036036036 0.05716102372737326
5 8.37937937937938 0.05702872527529585
5 8.398398398398399 0.05689671454809584
5 8.417417417417418 0.05676499100549049
5 8.436436436436438 0.05663355410781464
5 8.455455455455457 0.056502403316021986
5 8.474474474474475 0.05637153809168628
5 8.493493493493494 0.056240957897002605
5 8.512512512512513 0.05611066219478859
5 8.531531531531531 0.055980650448485644
5 8.55055055055055 0.05585092212216016
5 8.56956956956957 0.055721476680504714
5 8.588588588588589 0.05559231358883917
5 8.607607607607608 0.05546343231311195
5 8.626626626626628 0.05533483231990119
5 8.645645645645647 0.05520651307641576
5 8.664664664664667 0.055078474050496526
5 8.683683683683684 0.05495071471061742
5 8.702702702702704 0.05482323452588652
5 8.721721721721721 0.054696032966047234
5 8.74074074074074 0.054569109501479265
5 8.75975975975976 0.05444246360319981
5 8.77877877877878 0.054316094742864494
5 8.797797797797799 0.05419000239276857
5 8.816816816816818 0.05406418602584782
5 8.835835835835837 0.05394121769000695
5 8.854854854854857 0.05382481130176347
5 8.873873873873874 0.05370864185988845
5 8.892892892892894 0.05359270894358005
5 8.911911911911913 0.05347701213251747
5 8.93093093093093 0.0533615510068618
5 8.94994994994995 0.0532463251472564
5 8.96896896896897 0.053131334134827846
5 8.987987987987989 0.053016577551186404
5 9.007007007007008 0.05290205497842671
5 9.026026026026027 0.05278776599912846
5 9.045045045045045 0.05267371019635701
5 9.064064064064064 0.05255988715366397
5 9.083083083083084 0.05244629645508783
5 9.102102102102103 0.05233293768515463
5 9.121121121121122 0.05221981042887854
5 9.14014014014014 0.052106914271762415
5 9.15915915915916 0.051994248799798345
5 9.178178178178179 0.05188181359946839
5 9.197197197197198 0.05176960825774505
5 9.216216216216218 0.05165763236209182
5 9.235235235235235 0.05154588550046385
5 9.254254254254255 0.051434367261308345
5 9.273273273273274 0.05132307723356526
5 9.292292292292293 0.05121201500666779
5 9.311311311311313 0.05110118017054287
5 9.33033033033033 0.0509905723156118
5 9.34934934934935 0.05088019103279063
5 9.368368368368369 0.050770035913490795
5 9.387387387387388 0.050660106549619575
5 9.406406406406408 0.05055040253358061
5 9.425425425425425 0.050440923458274375
5 9.444444444444445 0.050331668917098685
5 9.463463463463464 0.05022420970276668
5 9.482482482482483 0.050123612526264356
5 9.501501501501503 0.05002320622978492
5 9.52052052052052 0.049922990493620076
5 9.53953953953954 0.04982296499842647
5 9.558558558558559 0.0497231294252259
5 9.577577577577578 0.049623483455405716
5 9.596596596596598 0.04952402677071906
5 9.615615615615617 0.04942475905328518
5 9.634634634634635 0.04932567998558971
5 9.653653653653654 0.049226789250484924
5 9.672672672672673 0.049128086531190156
5 9.691691691691693 0.04902957151129188
5 9.710710710710712 0.04893124387474413
5 9.72972972972973 0.04883310330586876
5 9.74874874874875 0.04873514948935557
5 9.767767767767769 0.048637382110262806
5 9.786786786786788 0.04853980085401721
5 9.805805805805807 0.04844240540641438
5 9.824824824824825 0.04834519545361902
5 9.843843843843844 0.04824817068216513
5 9.862862862862864 0.04815133077895631
5 9.881881881881883 0.04805467543126603
5 9.900900900900902 0.047958204326737724
5 9.91991991991992 0.047861917153385225
5 9.93893893893894 0.047765813599592796
5 9.957957957957959 0.047669893354115526
5 9.976976976976978 0.04757415610607945
5 9.995995995995997 0.04747860154498178
5 10.015015015015015 0.047383229360691184
5 10.034034034034034 0.04728803924344791
5 10.053053053053054 0.04719303088386409
5 10.072072072072073 0.04709820397292383
5 10.091091091091092 0.04700355820198355
5 10.11011011011011 0.04690909326277205
5 10.12912912912913 0.04681480884739082
5 10.148148148148149 0.04672070464831412
5 10.167167167167168 0.04662678035838926
5 10.186186186186188 0.04653303567083676
5 10.205205205205205 0.04644519305634733
5 10.224224224224224 0.04635935322446623
5 10.243243243243244 0.04627366434260303
5 10.262262262262263 0.046188126173748976
5 10.281281281281283 0.04610273848116209
5 10.3003003003003 0.046017501028367304
5 10.31931931931932 0.04593241357915658
5 10.338338338338339 0.045847475897589016
5 10.357357357357358 0.045762687747990916
5 10.376376376376378 0.04567804889495594
5 10.395395395395397 0.045593559103345144
5 10.414414414414415 0.045509218138287136
5 10.433433433433434 0.04542502576517814
5 10.452452452452453 0.04534098174968205
5 10.471471471471473 0.04525708585773062
5 10.490490490490492 0.045173337855523445
5 10.50950950950951 0.04508973750952816
5 10.528528528528529 0.04500628458648036
5 10.547547547547548 0.04492297885338387
5 10.566566566566568 0.04483982007751073
5 10.585585585585587 0.044756808026401244
5 10.604604604604605 0.044673942467864144
5 10.623623623623624 0.044591223169976574
5 10.642642642642643 0.044508649901084225
5 10.661661661661663 0.044426222429801425
5 10.680680680680682 0.04434394052501111
5 10.6996996996997 0.044261803955865014
5 10.71871871871872 0.04417981249178362
5 10.737737737737739 0.04409796590245634
5 10.756756756756758 0.044016263957841466
5 10.775775775775777 0.043934706428166305
5 10.794794794794795 0.043853293083927214
5 10.813813813813814 0.043772023695889645
5 10.832832832832834 0.04369089803508822
5 10.851851851851853 0.0436099158728268
5 10.870870870870872 0.04352907698067846
5 10.88988988988989 0.04344838113048564
5 10.90890890890891 0.04336782809436011
5 10.927927927927929 0.04328741764468306
5 10.946946946946948 0.043207149554105144
5 10.965965965965967 0.04312702359554651
5 10.984984984984985 0.04304703954219684
5 11.004004004004004 0.042967197167515375
5 11.023023023023024 0.04288749624523101
5 11.042042042042043 0.04280793654934225
5 11.061061061061062 0.0427326103873118
5 11.08008008008008 0.04266024448078892
5 11.0990990990991 0.04258799567084888
5 11.118118118118119 0.042515863786469134
5 11.137137137137138 0.0424438486568144
5 11.156156156156158 0.04237195011123657
5 11.175175175175177 0.04230016797927472
5 11.194194194194194 0.04222850209065519
5 11.213213213213214 0.04215695227529155
5 11.232232232232233 0.04208551836328463
5 11.251251251251253 0.04201420018492251
5 11.270270270270272 0.041942997570680596
5 11.28928928928929 0.04187191035122152
5 11.308308308308309 0.04180093835739525
5 11.327327327327328 0.041730081420239054
5 11.346346346346348 0.04165933937097749
5 11.365365365365367 0.041588712041022456
5 11.384384384384385 0.041518199261973164
5 11.403403403403404 0.041447800865616155
5 11.422422422422423 0.04137751668392527
5 11.441441441441443 0.04130734654906172
5 11.460460460460462 0.04123729029337404
5 11.47947947947948 0.041167347749398085
5 11.498498498498499 0.04109751874985704
5 11.517517517517518 0.04102780312766144
5 11.536536536536538 0.04095820071590911
5 11.555555555555557 0.04088871134788525
5 11.574574574574575 0.04081933485706237
5 11.593593593593594 0.04075007107710024
5 11.612612612612613 0.04068091984184602
5 11.631631631631633 0.0406118809853341
5 11.650650650650652 0.04054295434178622
5 11.66966966966967 0.040474139745611405
5 11.68868868868869 0.040405437031405894
5 11.707707707707709 0.040336846033953266
5 11.726726726726728 0.040268366588224316
5 11.745745745745747 0.040199998529377105
5 11.764764764764765 0.040131741692756906
5 11.783783783783784 0.04006359591389621
5 11.802802802802804 0.039995561028514724
5 11.821821821821823 0.03992763687251933
5 11.840840840840842 0.03985982328200409
5 11.85985985985986 0.039792120093250206
5 11.87887887887888 0.039724527142726035
5 11.897897897897899 0.039657044267087035
5 11.916916916916918 0.039589671303175755
5 11.935935935935937 0.03952240808802185
5 11.954954954954957 0.039455254458841994
5 11.973973973973974 0.03938821025303993
5 11.992992992992994 0.03932127530820637
5 12.012012012012013 0.039254449462119055
5 12.031031031031032 0.03918773255274265
5 12.050050050050052 0.0391211244182288
5 12.06906906906907 0.03905462489691603
5 12.088088088088089 0.03899306717428404
5 12.107107107107108 0.038933059857797804
5 12.126126126126128 0.03887314115247316
5 12.145145145145147 0.03881331093895056
5 12.164164164164164 0.0387535690979958
5 12.183183183183184 0.03869391551050002
5 12.202202202202203 0.03863435005747973
5 12.221221221221223 0.03857487262007672
5 12.240240240240242 0.0385154830795581
5 12.25925925925926 0.03845618131731621
5 12.278278278278279 0.03839696721486869
5 12.297297297297298 0.038337840653858375
5 12.316316316316318 0.03827880151605334
5 12.335335335335337 0.0382198496833468
5 12.354354354354355 0.0381609850377572
5 12.373373373373374 0.03810220746142806
5 12.392392392392393 0.03804351683662807
5 12.411411411411413 0.03798491304575097
5 12.430430430430432 0.037926395971315606
5 12.44944944944945 0.03786796549596587
5 12.468468468468469 0.037809621502470636
5 12.487487487487488 0.03775136387372381
5 12.506506506506508 0.037693192492744255
5 12.525525525525527 0.03763510724267579
5 12.544544544544545 0.03757710800678714
5 12.563563563563564 0.03751919466847192
5 12.582582582582583 0.0374613671112486
5 12.601601601601603 0.037403625218760506
5 12.620620620620622 0.03734596887477577
5 12.63963963963964 0.037288397963187274
5 12.65865865865866 0.03723091236801268
5 12.677677677677679 0.037173511973394364
5 12.696696696696698 0.03711619666359936
5 12.715715715715717 0.03705896632301942
5 12.734734734734735 0.037001820836170915
5 12.753753753753754 0.03694476008769476
5 12.772772772772774 0.0368877839623565
5 12.791791791791793 0.036830892345046176
5 12.810810810810812 0.03677408512077836
5 12.829829829829832 0.03671736217469209
5 12.84884884884885 0.03666072339205085
5 12.867867867867869 0.0366041686582425
5 12.886886886886888 0.03654769785877931
5 12.905905905905907 0.03649131087929787
5 12.924924924924927 0.03643500760555908
5 12.943943943943944 0.03637878792344811
5 12.962962962962964 0.03632265171897437
5 12.981981981981983 0.03626659887827146
5 13.001001001001002 0.036210629287597135
5 13.020020020020022 0.03615474283333332
5 13.03903903903904 0.036098939401986
5 13.058058058058059 0.036043218880185204
5 13.077077077077078 0.03598758115468501
5 13.096096096096097 0.035932026112363465
5 13.115115115115117 0.03587655364022254
5 13.134134134134134 0.035821163625388154
5 13.153153153153154 0.035765855955110046
5 13.172172172172173 0.0357106305167618
5 13.191191191191193 0.03565548719784079
5 13.210210210210212 0.03560042588596816
5 13.22922922922923 0.03554544646888872
5 13.248248248248249 0.035490548834470975
5 13.267267267267268 0.03543573287070703
5 13.286286286286288 0.03538099846571264
5 13.305305305305307 0.03532634550772703
5 13.324324324324325 0.03527487578375311
5 13.343343343343344 0.03522603782043134
5 13.362362362362363 0.035177265007610876
5 13.381381381381383 0.03512855726520318
5 13.400400400400402 0.035079914513199306
5 13.41941941941942 0.035031336671669806
5 13.438438438438439 0.03498282366076472
5 13.457457457457458 0.03493437540071353
5 13.476476476476478 0.0348859918118252
5 13.495495495495497 0.0348376728144881
5 13.514514514514515 0.03478941832916996
5 13.533533533533534 0.03474122827641791
5 13.552552552552553 0.034693102576858384
5 13.571571571571573 0.03464504115119713
5 13.590590590590592 0.03459704392021922
5 13.609609609609612 0.03454911080478894
5 13.62862862862863 0.03450124172584981
5 13.647647647647648 0.03445343660442458
5 13.666666666666668 0.03440569536161513
5 13.685685685685687 0.03435801791860254
5 13.704704704704707 0.034310404196646986
5 13.723723723723724 0.034262854117087745
5 13.742742742742744 0.03421536760134314
5 13.761761761761763 0.03416794457091055
5 13.780780780780782 0.03412058494736637
5 13.799799799799802 0.03407328865236597
5 13.81881881881882 0.03402605560764365
5 13.837837837837839 0.033978885735012676
5 13.856856856856858 0.033931778956365184
5 13.875875875875877 0.033884735193672175
5 13.894894894894897 0.03383775436898349
5 13.913913913913914 0.0337908364044278
5 13.932932932932934 0.03374398122221252
5 13.951951951951953 0.033697188744623845
5 13.970970970970972 0.03365045889402667
5 13.989989989989992 0.03360379159286459
5 14.00900900900901 0.03355718676365987
5 14.028028028028029 0.03351064432901337
5 14.047047047047048 0.03346416421160459
5 14.066066066066067 0.03341774633419158
5 14.085085085085087 0.03337139061961092
5 14.104104104104104 0.033325096990777715
5 14.123123123123124 0.033278865370685556
5 14.142142142142143 0.03323269568240644
5 14.161161161161163 0.033186587849090815
5 14.180180180180182 0.0331405417939675
5 14.1991991991992 0.03309455744034368
5 14.218218218218219 0.033048634711604824
5 14.237237237237238 0.03300277353121473
5 14.256256256256258 0.03295697382271544
5 14.275275275275277 0.03291123550972721
5 14.294294294294295 0.03286555851594849
5 14.313313313313314 0.032819942765155895
5 14.332332332332333 0.03277438818120418
5 14.351351351351353 0.03272889468802618
5 14.370370370370372 0.032683462209632794
5 14.38938938938939 0.03263809067011295
5 14.408408408408409 0.03259277999363359
5 14.427427427427428 0.03254753010443958
5 14.446446446446448 0.03250234092685376
5 14.465465465465467 0.03245721238527683
5 14.484484484484486 0.03241214440418739
5 14.503503503503504 0.03236713690814182
5 14.522522522522523 0.03232218982177435
5 14.541541541541543 0.032277303069796925
5 14.560560560560562 0.03223247657699925
5 14.579579579579582 0.03218771026824871
5 14.598598598598599 0.03214300406849034
5 14.617617617617618 0.0320983579027468
5 14.636636636636638 0.03205377169611837
5 14.655655655655657 0.03200924537378284
5 14.674674674674677 0.03196477886099554
5 14.693693693693694 0.031920372083089295
5 14.712712712712714 0.031876024965474356
5 14.731731731731733 0.03183173743363841
5 14.750750750750752 0.03178750941314651
5 14.769769769769772 0.03174334082964104
5 14.78878878878879 0.031699231608841735
5 14.807807807807809 0.03165518167654554
5 14.826826826826828 0.031611190958626675
5 14.845845845845847 0.03156725938103656
5 14.864864864864867 0.031527880500287896
5 14.883883883883884 0.03148909340400485
5 14.902902902902904 0.03145035247585537
5 14.921921921921923 0.0314116576646965
5 14.940940940940942 0.031373008919432566
5 14.959959959959962 0.03133440618901514
5 14.97897897897898 0.03129584942244303
5 14.997997997997999 0.03125733856876225
5 15.017017017017018 0.031218873577066014
5 15.036036036036037 0.031180454396494684
5 15.055055055055057 0.031142080976235803
5 15.074074074074074 0.031103753265524028
5 15.093093093093094 0.03106547121364112
5 15.112112112112113 0.031027234769915934
5 15.131131131131133 0.03098904388372441
5 15.150150150150152 0.030950898504489507
5 15.16916916916917 0.030912798581681243
5 15.188188188188189 0.0308747440648166
5 15.207207207207208 0.030836734903459593
5 15.226226226226228 0.030798771047221167
5 15.245245245245247 0.030760852445759244
5 15.264264264264266 0.03072297904877864
5 15.283283283283284 0.03068515080603108
5 15.302302302302303 0.030647367667315184
5 15.321321321321323 0.030609629582476417
5 15.340340340340342 0.030571936501407094
5 15.359359359359361 0.030534288374046342
5 15.378378378378379 0.030496685150380093
5 15.397397397397398 0.030459126780441034
5 15.416416416416418 0.03042161321430864
5 15.435435435435437 0.030384144402109087
5 15.454454454454456 0.03034672029401527
5 15.473473473473474 0.030309340840246793
5 15.492492492492493 0.030272005991069904
5 15.511511511511513 0.03023471569679751
5 15.530530530530532 0.030197469907789147
5 15.549549549549551 0.030160268574450935
5 15.568568568568569 0.03012311164723561
5 15.587587587587588 0.030085999076642417
5 15.606606606606608 0.03004893081321719
5 15.625625625625627 0.03001190680755225
5 15.644644644644647 0.029974927010286416
5 15.663663663663664 0.029937991372104993
5 15.682682682682684 0.029901099843739707
5 15.701701701701703 0.029864252375968754
5 15.720720720720722 0.029827448919616684
5 15.739739739739742 0.029790689425554476
5 15.75875875875876 0.029753973844699442
5 15.777777777777779 0.029717302128015252
5 15.796796796796798 0.029680674226511876
5 15.815815815815817 0.029644090091245575
5 15.834834834834837 0.0296075496733189
5 15.853853853853854 0.02957105292388065
5 15.872872872872874 0.029534599794125822
5 15.891891891891893 0.02949819023529564
5 15.910910910910912 0.029461824198677523
5 15.929929929929932 0.029425501635605013
5 15.94894894894895 0.029389222497457818
5 15.967967967967969 0.029352986735661734
5 15.986986986986988 0.02931679430168866
5 16.006006006006007 0.02928064514705656
5 16.025025025025027 0.02924453922332944
5 16.044044044044046 0.02920847648211735
5 16.063063063063062 0.029172456875076296
5 16.08208208208208 0.029136480353908274
5 16.1011011011011 0.02910054687036125
5 16.12012012012012 0.029064656376229105
5 16.13913913913914 0.029028808823351623
5 16.15815815815816 0.028993004163614472
5 16.177177177177178 0.028957242348949183
5 16.196196196196198 0.028921523331333115
5 16.215215215215217 0.028885847062789443
5 16.234234234234236 0.02885021349538713
5 16.253253253253256 0.0288146225812409
5 16.272272272272275 0.02877907427251123
5 16.291291291291294 0.028743568521404295
5 16.310310310310314 0.028708105280171984
5 16.329329329329333 0.028672684501111847
5 16.34834834834835 0.02863730613656707
5 16.36736736736737 0.028601970138926486
5 16.386386386386388 0.028566676460624503
5 16.405405405405407 0.028531425054141125
5 16.424424424424426 0.028496215872001882
5 16.443443443443442 0.02846104886677787
5 16.46246246246246 0.028425923991085632
5 16.48148148148148 0.028390841197587252
5 16.5005005005005 0.028355800438990223
5 16.51951951951952 0.028320801668047492
5 16.53853853853854 0.028285844837557406
5 16.55755755755756 0.02825092990036369
5 16.576576576576578 0.028216056809355447
5 16.595595595595597 0.028181225517467077
5 16.614614614614617 0.028146435977678342
5 16.633633633633636 0.028111688143014228
5 16.652652652652655 0.028076981966545036
5 16.671671671671675 0.02804231740138628
5 16.690690690690694 0.028007694400698675
5 16.709709709709713 0.02797311291768815
5 16.72872872872873 0.027938572905605776
5 16.74774774774775 0.02790407431774778
5 16.766766766766768 0.027869617107455478
5 16.785785785785787 0.027835201228115298
5 16.804804804804807 0.027803470571957974
5 16.823823823823826 0.027773551403933207
5 16.842842842842842 0.0277436635129911
5 16.86186186186186 0.02771380686841147
5 16.88088088088088 0.02768398143950009
5 16.8998998998999 0.027654187195588625
5 16.91891891891892 0.027624424106034624
5 16.93793793793794 0.027594692140221526
5 16.956956956956958 0.027564991267558642
5 16.975975975975977 0.02753532145748112
5 16.994994994994997 0.027505682679449965
5 17.014014014014016 0.027476074902952
5 17.033033033033036 0.027446498097499883
5 17.052052052052055 0.027416952232632054
5 17.07107107107107 0.02738743727791277
5 17.09009009009009 0.027357953202932044
5 17.10910910910911 0.027328499977305663
5 17.12812812812813 0.027299077570675172
5 17.147147147147148 0.02726968595270786
5 17.166166166166168 0.02724032509309673
5 17.185185185185187 0.027210994961560517
5 17.204204204204206 0.027181695527843643
5 17.223223223223226 0.027152426761716236
5 17.242242242242245 0.02712318863297409
5 17.261261261261264 0.027093981111438667
5 17.28028028028028 0.027064804166957085
5 17.2992992992993 0.02703565776940209
5 17.31831831831832 0.027006541888672048
5 17.33733733733734 0.026977456494690973
5 17.356356356356358 0.02694840155740844
5 17.375375375375377 0.026919377046799624
5 17.394394394394396 0.0268903829328653
5 17.413413413413416 0.02686141918563176
5 17.432432432432435 0.026832485775150874
5 17.451451451451454 0.026803582671500036
5 17.47047047047047 0.026774709844782175
5 17.48948948948949 0.02674586726512571
5 17.50850850850851 0.026717054902684573
5 17.52752752752753 0.026688272727638178
5 17.546546546546548 0.026659520710191387
5 17.565565565565567 0.026630798820574553
5 17.584584584584587 0.026602107029043455
5 17.603603603603606 0.026573445305879306
5 17.622622622622625 0.026544813621388733
5 17.641641641641645 0.026516211945903773
5 17.66066066066066 0.026487640249781865
5 17.67967967967968 0.026459098503405807
5 17.6986986986987 0.02643058667718376
5 17.71771771771772 0.02640210474154927
5 17.736736736736738 0.02637365266696118
5 17.755755755755757 0.026345230423903708
5 17.774774774774777 0.026316837982886327
5 17.793793793793796 0.026288475314443862
5 17.812812812812815 0.026260142389136397
5 17.831831831831835 0.026231839177549295
5 17.85085085085085 0.026203565650293182
5 17.86986986986987 0.02617532177800392
5 17.88888888888889 0.02614710753134261
5 17.90790790790791 0.026118922880995585
5 17.926926926926928 0.02609076779767437
5 17.945945945945947 0.026062642252115686
5 17.964964964964967 0.026034546215081448
5 17.983983983983986 0.026006479657358722
5 18.003003003003005 0.025978442549759718
5 18.022022022022025 0.02595043486312182
5 18.04104104104104 0.025922456568307516
5 18.06006006006006 0.025894507636204395
5 18.07907907907908 0.025866588037725177
5 18.0980980980981 0.025838697743807648
5 18.117117117117118 0.025810836725414666
5 18.136136136136138 0.025783004953534163
5 18.155155155155157 0.025755202399179104
5 18.174174174174176 0.02572742903338749
5 18.193193193193196 0.025699684827222357
5 18.212212212212215 0.025671969751771714
5 18.231231231231234 0.025644283778148584
5 18.25025025025025 0.025616626877490976
5 18.26926926926927 0.025588999020961838
5 18.28828828828829 0.025561400179749092
5 18.30730730730731 0.025533830325065593
5 18.326326326326328 0.025506289428149115
5 18.345345345345347 0.025478777460262343
5 18.364364364364366 0.025451294392692867
5 18.383383383383386 0.02542384019675316
5 18.402402402402405 0.025396414843780548
5 18.421421421421424 0.025369018305137235
5 18.44044044044044 0.02534165055221027
5 18.45945945945946 0.025314311556411503
5 18.47847847847848 0.025287001289177623
5 18.4974974974975 0.02525971972197011
5 18.516516516516518 0.025232466826275245
5 18.535535535535537 0.025205242573604073
5 18.554554554554556 0.025178046935492398
5 18.573573573573576 0.025150879883500777
5 18.592592592592595 0.025123741389214495
5 18.611611611611615 0.025096631424243565
5 18.63063063063063 0.025069549960222696
5 18.64964964964965 0.025042496968811303
5 18.66866866866867 0.02501547242169345
5 18.68768768768769 0.0249884762905779
5 18.706706706706708 0.024961508547198058
5 18.725725725725727 0.024934569163311937
5 18.744744744744747 0.024907658110702214
5 18.763763763763766 0.024880775361176145
5 18.782782782782785 0.024853920886565604
5 18.801801801801805 0.024827094658727025
5 18.82082082082082 0.024800296649541437
5 18.83983983983984 0.024773526830914386
5 18.85885885885886 0.024746785174775982
5 18.87787787787788 0.024720071653080867
5 18.896896896896898 0.024693386237808174
5 18.915915915915917 0.024666728900961547
5 18.934934934934937 0.024640099614569116
5 18.953953953953956 0.02461349835068348
5 18.972972972972975 0.024586925081381685
5 18.991991991991995 0.024560379778765233
5 19.011011011011014 0.024533862414960046
5 19.03003003003003 0.024507372962116466
5 19.04904904904905 0.02448091139240922
5 19.06806806806807 0.02445447767803744
5 19.087087087087088 0.02442807179122463
5 19.106106106106107 0.02440169370421864
5 19.125125125125127 0.02437534338929167
5 19.144144144144146 0.024349020818740262
5 19.163163163163166 0.024322725964885255
5 19.182182182182185 0.024296458800071804
5 19.201201201201204 0.024270219296669348
5 19.22022022022022 0.024244007427071602
5 19.23923923923924 0.02421782316369653
5 19.25825825825826 0.02419166647898636
5 19.27727727727728 0.024165537345407547
5 19.296296296296298 0.024139435735450753
5 19.315315315315317 0.02411336162163085
5 19.334334334334336 0.024087314976486918
5 19.353353353353356 0.02406364191819669
5 19.372372372372375 0.024041453370836855
5 19.391391391391394 0.024019284779500383
5 19.41041041041041 0.023997136127167383
5 19.42942942942943 0.023975007396830745
5 19.44844844844845 0.0239528985714962
5 19.46746746746747 0.023930809634182225
5 19.486486486486488 0.023908740567920115
5 19.505505505505507 0.02388669135575392
5 19.524524524524526 0.023864661980740474
5 19.543543543543546 0.023842652425949375
5 19.562562562562565 0.023820662674462964
5 19.581581581581585 0.02379869270937636
5 19.6006006006006 0.023776742513797414
5 19.61961961961962 0.023754812070846718
5 19.63863863863864 0.023732901363657577
5 19.65765765765766 0.023711010375376065
5 19.676676676676678 0.023689139089160934
5 19.695695695695697 0.023667287488183673
5 19.714714714714717 0.023645455555628473
5 19.733733733733736 0.02362364327469222
5 19.752752752752755 0.023601850628584508
5 19.771771771771775 0.0235800776005276
5 19.790790790790794 0.023558324173756445
5 19.80980980980981 0.02353659033151869
5 19.82882882882883 0.023514876057074603
5 19.84784784784785 0.023493181333697155
5 19.866866866866868 0.023471506144671965
5 19.885885885885887 0.023449850473297274
5 19.904904904904907 0.023428214302884005
5 19.923923923923926 0.023406597616755682
5 19.942942942942945 0.023385000398248482
5 19.961961961961965 0.02336342263071119
5 19.980980980980984 0.023341864297505215
5 20.0 0.023320325382004577
