5 1.0 0.0
5 1.019019019019019 0.018111587721431642
5 1.038038038038038 0.03454327214011319
5 1.057057057057057 0.049475642886186014
5 1.0760760760760761 0.06306422060879356
5 1.095095095095095 0.07544368086378735
5 1.1141141141141142 0.0867312521817832
5 1.1331331331331331 0.09702947071309666
5 1.1521521521521523 0.10642842921259565
5 1.1711711711711712 0.11500762541669504
5 1.1901901901901901 0.12283749063991203
5 1.2092092092092093 0.129980661302027
5 1.2282282282282282 0.13649304242419477
5 1.2472472472472473 0.14242470172438
5 1.2662662662662663 0.1478206249554773
5 1.2852852852852852 0.15272135695349875
5 1.3043043043043043 0.1571635480531967
5 1.3233233233233235 0.16118042175682248
5 1.3423423423423424 0.1648021765651724
5 1.3613613613613613 0.16805633251666577
5 1.3803803803803805 0.17096803109273861
5 1.3993993993993994 0.17356029563216185
5 1.4184184184184185 0.17585425817337177
5 1.4374374374374375 0.1778693576512802
5 1.4564564564564564 0.17962351356588838
5 1.4754754754754755 0.1811332785774367
5 1.4944944944944947 0.18241397293787506
5 1.5135135135135136 0.18347980321837193
5 1.5325325325325325 0.18434396741938977
5 1.5515515515515514 0.18501874823921957
5 1.5705705705705706 0.18551559601734896
5 1.5895895895895897 0.185845202651459
5 1.6086086086086087 0.18601756760380392
5 1.6276276276276276 0.1860420569582382
5 1.6466466466466467 0.18592745635835273
5 1.6656656656656659 0.18568201854609503
5 1.6846846846846848 0.1853135061256287
5 1.7037037037037037 0.1848292300963671
5 1.7227227227227226 0.18423608462988814
5 1.7417417417417418 0.1835405785059871
5 1.760760760760761 0.1827488635719333
5 1.7797797797797799 0.1818667605448137
5 1.7987987987987988 0.18089978243861288
5 1.817817817817818 0.17985315586452294
5 1.8368368368368369 0.17873184042415105
5 1.855855855855856 0.17754054639018263
5 1.874874874874875 0.17628375084713133
5 1.8938938938938938 0.17496571244562462
5 1.912912912912913 0.17359048490685433
5 1.9319319319319321 0.17216192939904545
5 1.950950950950951 0.17068372589479094
5 1.96996996996997 0.1691593836066293
5 1.9889889889889891 0.16759225058810712
5 2.008008008008008 0.16598552257859767
5 2.027027027027027 0.1643422511621904
5 2.046046046046046 0.16266535130390095
5 2.065065065065065 0.16095760832016057
5 2.0840840840840844 0.1592216843349416
5 2.103103103103103 0.15746012426787082
5 2.1221221221221223 0.15567536139620694
5 2.141141141141141 0.1538697225285557
5 2.16016016016016 0.15204543282459798
5 2.1791791791791795 0.1502046202918821
5 2.1981981981981984 0.14834931998782758
5 2.2172172172172173 0.14648147795247177
5 2.2362362362362362 0.14460295489513597
5 2.255255255255255 0.14271552965605502
5 2.2742742742742745 0.1408209024620935
5 2.2932932932932935 0.13892069799392684
5 2.3123123123123124 0.1370164682804893
5 2.3313313313313317 0.1351096954350594
5 2.3503503503503502 0.13320179424605427
5 2.3693693693693696 0.13129411463442267
5 2.3883883883883885 0.12938794398845674
5 2.4074074074074074 0.12748450938586137
5 2.426426426426427 0.125584979712035
5 2.4454454454454453 0.123690467682704
5 2.4644644644644647 0.12180203177831306
5 2.4834834834834836 0.11992067809690524
5 2.5025025025025025 0.11804736213160588
5 2.521521521521522 0.11618299047826912
5 2.5405405405405403 0.11432842247833254
5 2.5595595595595597 0.11248447180145928
5 2.5785785785785786 0.11065190797212344
5 2.5975975975975976 0.10883145784390374
5 2.616616616616617 0.10702380702489982
5 2.635635635635636 0.10522960125736108
5 2.6546546546546548 0.10344944775432471
5 2.6736736736736737 0.10168391649579259
5 2.6926926926926926 0.09993354148673284
5 2.711711711711712 0.09819882197897085
5 2.730730730730731 0.09648022365883413
5 2.74974974974975 0.09477817980223152
5 2.768768768768769 0.093093092398685
5 2.7877877877877877 0.09142533324568015
5 2.806806806806807 0.08977524501456761
5 2.825825825825826 0.08814314228912726
5 2.844844844844845 0.0865293125777946
5 2.8638638638638643 0.08493401730045357
5 2.8828828828828827 0.0833574927506099
5 2.901901901901902 0.08179995103368018
5 2.920920920920921 0.08026158098206403
5 2.93993993993994 0.07874254904760072
5 2.9589589589589593 0.07724300017195983
5 2.9779779779779783 0.0757630586354648
5 2.996996996996997 0.0743028288848058
5 3.016016016016016 0.07286239634006167
5 3.035035035035035 0.07144182818141766
5 3.0540540540540544 0.07004117411593733
5 3.0730730730730733 0.06866046712472412
5 3.0920920920920922 0.06729972419078595
5 3.111111111111111 0.06595894700790085
5 3.13013013013013 0.06463812267076578
5 3.1491491491491495 0.06333722434669987
5 3.1681681681681684 0.06205621192916402
5 3.1871871871871873 0.06079503267335014
5 3.206206206206206 0.05955362181408985
5 3.2252252252252256 0.05833190316632602
5 3.2442442442442445 0.05712978970838963
5 3.2632632632632634 0.05594718414832157
5 3.2822822822822824 0.054783979473479516
5 3.3013013013013013 0.0536400594836694
5 3.3203203203203207 0.05251529930804233
5 3.3393393393393396 0.05140956590599949
5 3.3583583583583585 0.05032271855234873
5 3.3773773773773774 0.04925460930696014
5 3.396396396396397 0.04820508346916884
5 3.4154154154154157 0.047173980017177486
5 3.4344344344344346 0.04616113203271226
5 3.4534534534534536 0.04516636711119012
5 3.4724724724724725 0.04418950775765717
5 3.491491491491492 0.043230371768760656
5 3.5105105105105108 0.04228877260102001
5 3.5295295295295297 0.04136451972566396
5 3.5485485485485486 0.04045741897030399
5 3.567567567567568 0.03956727284771495
5 3.586586586586587 0.03869388087199643
5 3.605605605605606 0.03783703986238903
5 3.6246246246246248 0.03699654423502132
5 3.6436436436436437 0.03617218628286373
5 3.662662662662663 0.03536375644416599
5 3.681681681681682 0.03457104355965557
5 3.700700700700701 0.033793835118773076
5 3.71971971971972 0.03303191749522191
5 3.738738738738739 0.032285076172107116
5 3.757757757757758 0.03155309595693822
5 3.776776776776777 0.03083576118676924
5 3.795795795795796 0.0301328559237474
5 3.814814814814815 0.029444164141340313
5 3.8338338338338342 0.02876946990150895
5 3.852852852852853 0.028108557523091816
5 3.871871871871872 0.027461211741662356
5 3.890890890890891 0.026827217861119603
5 3.90990990990991 0.02620636189726819
5 3.9289289289289293 0.02559843071364116
5 3.9479479479479482 0.025003212149815116
5 3.966966966966967 0.024420495142463826
5 3.985985985985986 0.02385006983939256
5 4.005005005005005 0.023291727706791398
5 4.024024024024024 0.02274526162994171
5 4.043043043043044 0.0222104660076058
5 4.062062062062062 0.021687136840325413
5 4.081081081081081 0.02117507181285017
5 4.1001001001001 0.020674070370913015
5 4.119119119119119 0.02018393379256463
5 4.138138138138139 0.01970446525427435
5 4.157157157157157 0.019235469892000645
5 4.176176176176177 0.01877675485742912
5 4.195195195195195 0.018328129369571882
5 4.2142142142142145 0.017889404761916305
5 4.233233233233234 0.017460394525307867
5 4.252252252252252 0.017040914346745567
5 4.271271271271272 0.01663078214426464
5 4.29029029029029 0.016229818098076314
5 4.3093093093093096 0.015837844678129157
5 4.328328328328329 0.015454686668252704
5 4.347347347347347 0.015080171187038626
5 4.366366366366367 0.014714127705610498
5 4.385385385385385 0.014356388062428801
5 4.404404404404405 0.014006786475272613
5 4.423423423423424 0.013665159550535958
5 4.442442442442443 0.013331346289971409
5 4.461461461461462 0.013005188095009975
5 4.48048048048048 0.01268652876878153
5 4.4994994994995 0.012375214515956252
5 4.518518518518519 0.012071093940523097
5 4.537537537537538 0.011774018041617427
5 4.556556556556557 0.011483840207506016
5 4.575575575575575 0.011200416207833668
5 4.594594594594595 0.010923604184232005
5 4.613613613613614 0.010653264639387124
5 4.6326326326326335 0.01038926042465928
5 4.651651651651652 0.01013145672634422
5 4.67067067067067 0.009879721050662269
5 4.68968968968969 0.00963392320755803
5 4.708708708708709 0.009393935293390115
5 4.7277277277277285 0.00915963167258714
5 4.746746746746747 0.008930888958343302
5 4.7657657657657655 0.008707585992423538
5 4.784784784784785 0.008489603824145582
5 4.803803803803804 0.008276825688603254
5 4.822822822822824 0.008069136984192446
5 4.841841841841842 0.007866425249498835
5 4.8608608608608606 0.007668580139603491
5 4.87987987987988 0.007475493401860207
5 4.898898898898899 0.0072870588511958385
5 4.917917917917919 0.007103172344982491
5 4.936936936936937 0.006923731757528341
5 4.9559559559559565 0.006748636954231398
5 4.974974974974975 0.00657778976543861
5 4.993993993993994 0.006411093960050383
5 5.013013013013014 0.006248455218908903
5 5.032032032032032 0.006089781108006436
5 5.051051051051052 0.0059349810515480555
5 5.07007007007007 0.0057839663049016
5 5.089089089089089 0.005636649927465535
5 5.108108108108109 0.005492946755484258
5 5.127127127127127 0.0053527733748383296
5 5.146146146146147 0.005216048093835814
5 5.165165165165165 0.005082690916029505
5 5.1841841841841845 0.004952623513083056
5 5.203203203203204 0.0048257691977081525
5 5.222222222222222 0.004702052896693072
5 5.241241241241242 0.004581401124042069
5 5.26026026026026 0.004463741954243707
5 5.2792792792792795 0.0043490049956849885
5 5.298298298298299 0.004237121364227276
5 5.317317317317317 0.004128023656958667
5 5.336336336336337 0.004021645926136669
5 5.355355355355356 0.0039179236533340095
5 5.374374374374375 0.003816793723799384
5 5.393393393393394 0.003718194401044187
5 5.412412412412412 0.003622065301665413
5 5.431431431431432 0.0035283473704139636
5 5.450450450450451 0.0034369828555170677
5 5.46946946946947 0.003347915284262535
5 5.488488488488489 0.003261089438852034
5 5.5075075075075075 0.003176451332529907
5 5.526526526526527 0.0030939481859932434
5 5.545545545545546 0.003013528404088582
5 5.564564564564565 0.002935141552799787
5 5.583583583583584 0.0028587383365312642
5 5.602602602602603 0.002784270575690139
5 5.621621621621622 0.002711691184570421
5 5.640640640640641 0.00264095414954189
5 5.65965965965966 0.0025720145075458253
5 5.678678678678679 0.002504828324899389
5 5.6976976976976985 0.0024393526764100834
5 5.716716716716717 0.002375545624801233
5 5.735735735735736 0.0023133662004491853
5 5.754754754754755 0.002252774381432592
5 5.773773773773774 0.002193731073893706
5 5.792792792792794 0.0021361980927115166
5 5.811811811811812 0.002080138142486079
5 5.830830830830831 0.0020255147988332703
5 5.84984984984985 0.0019722924899889262
5 5.868868868868869 0.0019204364787210094
5 5.887887887887889 0.0018699128445483946
5 5.906906906906907 0.0018206884662644845
5 5.9259259259259265 0.0017727310047638226
5 5.944944944944945 0.0017260088861696438
5 5.963963963963964 0.001680491285260089
5 5.982982982982984 0.0016361481091907914
5 6.002002002002002 0.00159294998151125
5 6.0210210210210215 0.0015508682264723953
5 6.04004004004004 0.0015098748536225993
5 6.059059059059059 0.0014699425426892225
5 6.078078078078079 0.0014310446287427974
5 6.097097097097097 0.0013931550876407474
5 6.116116116116117 0.0013562485217475247
5 6.135135135135136 0.001320300145927988
5 6.1541541541541545 0.0012852857738106997
5 6.173173173173174 0.0012511818043178453
5 6.192192192192192 0.001217965208458392
5 6.211211211211212 0.0011856135163810248
5 6.230230230230231 0.001154104804683438
5 6.2492492492492495 0.001123417683974436
5 6.268268268268269 0.0010935312866853285
5 6.287287287287287 0.0010644252551270806
5 6.306306306306307 0.0010360797297896034
5 6.325325325325326 0.0010084753378796398
5 6.344344344344345 0.0009815931820936132
5 6.363363363363364 0.0009554148296218495
5 6.382382382382382 0.0009299223013805725
5 6.401401401401402 0.0009050980614680435
5 6.420420420420421 0.0008809250068412767
5 6.43943943943944 0.000857386457209712
5 6.458458458458459 0.0008344661451422719
5 6.477477477477478 0.0008121482063842498
5 6.496496496496497 0.0007904171703804573
5 6.515515515515516 0.0007692579510011073
5 6.534534534534535 0.0007486558374669349
5 6.553553553553554 0.0007285964854700422
5 6.572572572572573 0.0007090659084870348
5 6.591591591591592 0.0006900504692809888
5 6.610610610610611 0.0006715368715888546
5 6.62962962962963 0.0006535121519909271
5 6.648648648648649 0.0006359636719590161
5 6.6676676676676685 0.0006188791100800312
5 6.686686686686687 0.0006022464544516818
5 6.705705705705706 0.0005860539952470583
5 6.724724724724725 0.0005702903174448951
5 6.743743743743744 0.0005549442937223261
5 6.762762762762764 0.0005400050775070242
5 6.781781781781782 0.0005254620961856141
5 6.800800800800801 0.0005113050444653091
5 6.81981981981982 0.0004975238778857663
5 6.838838838838839 0.00048410880647816866
5 6.857857857857859 0.00047105028856861923
5 6.876876876876877 0.00045833902472294086
5 6.8958958958958965 0.00044596595183003324
5 6.914914914914916 0.0004339222373209863
5 6.933933933933934 0.0004221992735211673
5 6.952952952952954 0.0004107886721325638
5 6.971971971971972 0.0003996822588437009
5 6.9909909909909915 0.0003888720680644768
5 7.010010010010011 0.0003783503377833325
5 7.029029029029029 0.0003681095045441824
5 7.048048048048049 0.00035814219854059384
5 7.067067067067067 0.0003484412388247447
5 7.086086086086087 0.00033899962862871217
5 7.105105105105106 0.0003298105507957133
5 7.124124124124124 0.0003208673633189345
5 7.143143143143144 0.00031216359498564193
5 7.162162162162162 0.0003036929411243065
5 7.181181181181182 0.0002954492594525024
5 7.200200200200201 0.0002874265660233997
5 7.2192192192192195 0.00027961903126869076
5 7.238238238238239 0.0002720209761358413
5 7.257257257257257 0.0002646268683175969
5 7.276276276276277 0.00025743131857170094
5 7.295295295295296 0.00025042907712883775
5 7.314314314314315 0.00024361503018683275
5 7.333333333333334 0.00023698419648919217
5 7.352352352352353 0.00023053172398609866
5 7.371371371371372 0.00022425288657600936
5 7.390390390390391 0.00021814308092604585
5 7.40940940940941 0.0002121978233694017
5 7.428428428428429 0.00020641274687801769
5 7.447447447447448 0.00020078359810882568
5 7.466466466466467 0.00019530623452188
5 7.485485485485486 0.00018997662156873863
5 7.504504504504505 0.00018479082994949032
5 7.523523523523524 0.00017974503293684578
5 7.542542542542543 0.00017483550376575839
5 7.561561561561562 0.0001700586130870575
5 7.580580580580581 0.00016541082648361706
5 7.5995995995996 0.0001608887020476126
5 7.618618618618619 0.00015648888801744247
5 7.6376376376376385 0.00015220812047293054
5 7.656656656656657 0.00014804322108744503
5 7.675675675675676 0.00014399109493560451
5 7.694694694694695 0.00014004872835527031
5 7.713713713713714 0.00013621318686254464
5 7.7327327327327335 0.00013248161311853283
5 7.751751751751752 0.00012885122494664354
5 7.770770770770771 0.00012531931339923444
5 7.789789789789791 0.00012188324087243545
5 7.808808808808809 0.00011854043926800355
5 7.827827827827829 0.00011528840820109188
5 7.846846846846847 0.00011212471325284092
5 7.8658658658658664 0.00010904698426671739
5 7.884884884884886 0.00010605291368755988
5 7.903903903903904 0.00010314025494230333
5 7.922922922922924 0.00010030682086138425
5 7.941941941941942 9.755048213984923e-05
5 7.9609609609609615 9.486916583720726e-05
5 7.979979979979981 9.226085391509498e-05
5 7.998998998998999 8.972358181183749e-05
5 8.018018018018019 8.72554370530132e-05
5 8.037037037037038 8.485455789715023e-05
5 8.056056056056057 8.251913201569928e-05
5 8.075075075075077 8.024739520645051e-05
5 8.094094094094094 7.803763013957954e-05
5 8.113113113113114 7.588816513552478e-05
5 8.132132132132133 7.379737297392175e-05
5 8.15115115115115 7.176366973283004e-05
5 8.17017017017017 6.978551365751258e-05
5 8.18918918918919 6.78614040580433e-05
5 8.208208208208209 6.598988023503106e-05
5 8.227227227227228 6.416952043277087e-05
5 8.246246246246248 6.239894081914462e-05
5 8.265265265265267 6.067679449161206e-05
5 8.284284284284285 5.900177050864678e-05
5 8.303303303303304 5.7372592945986756e-05
5 8.322322322322323 5.578801997708705e-05
5 8.34134134134134 5.424684297717097e-05
5 8.36036036036036 5.274788565029515e-05
5 8.37937937937938 5.1290003178857126e-05
5 8.398398398398399 4.987208139498397e-05
5 8.417417417417418 4.849303597325841e-05
5 8.436436436436438 4.715181164424905e-05
5 8.455455455455457 4.584738142832474e-05
5 8.474474474474475 4.457874588924571e-05
5 8.493493493493494 4.334493240703539e-05
5 8.512512512512513 4.214499446965106e-05
5 8.531531531531531 4.09780109829791e-05
5 8.55055055055055 3.984308559869544e-05
5 8.56956956956957 3.8739346059542475e-05
5 8.588588588588589 3.766594356158183e-05
5 8.607607607607608 3.6622052132996416e-05
5 8.626626626626628 3.5606868029023434e-05
5 8.645645645645647 3.461960914261079e-05
5 8.664664664664667 3.3659514430399325e-05
5 8.683683683683684 3.272584335364267e-05
5 8.702702702702704 3.181787533368589e-05
5 8.721721721721721 3.093490922163467e-05
5 8.74074074074074 3.0076262781852645e-05
5 8.75975975975976 2.9241272188937825e-05
5 8.77877877877878 2.8429291537833007e-05
5 8.797797797797799 2.763969236673699e-05
5 8.816816816816818 2.6871863192489838e-05
5 8.835835835835837 2.612520905811399e-05
5 8.854854854854857 2.5399151092200764e-05
5 8.873873873873874 2.4693126079839618e-05
5 8.892892892892894 2.4006586044794375e-05
5 8.911911911911913 2.3338997842639516e-05
5 8.93093093093093 2.2689842764574387e-05
5 8.94994994994995 2.2058616151642035e-05
5 8.96896896896897 2.1444827019086074e-05
5 8.987987987987989 2.0847997690584078e-05
5 9.007007007007008 2.0267663442104308e-05
5 9.026026026026027 1.9703372155137847e-05
5 9.045045045045045 1.9154683979064772e-05
5 9.064064064064064 1.8621171002418602e-05
5 9.083083083083084 1.8102416932820266e-05
5 9.102102102102103 1.7598016785356738e-05
5 9.121121121121122 1.7107576579186936e-05
5 9.14014014014014 1.6630713042161867e-05
5 9.15915915915916 1.616705332325152e-05
5 9.178178178178179 1.5716234712576872e-05
5 9.197197197197198 1.5277904368849163e-05
5 9.216216216216218 1.4851719054024945e-05
5 9.235235235235235 1.443734487498943e-05
5 9.254254254254255 1.4034457032085425e-05
5 9.273273273273274 1.3642739574310504e-05
5 9.292292292292293 1.3261885161008214e-05
5 9.311311311311313 1.289159482988493e-05
5 9.33033033033033 1.2531577771187334e-05
5 9.34934934934935 1.2181551107879884e-05
5 9.368368368368369 1.184123968166624e-05
5 9.387387387387388 1.1510375844701486e-05
5 9.406406406406408 1.1188699256847063e-05
5 9.425425425425425 1.0875956688323368e-05
5 9.444444444444445 1.0571901827618746e-05
5 9.463463463463464 1.0276295094517801e-05
5 9.482482482482483 9.988903458114381e-06
5 9.501501501501503 9.709500259679094e-06
5 9.52052052052052 9.43786504025395e-06
5 9.53953953953954 9.17378337285e-06
5 9.558558558558559 8.917046699127525e-06
5 9.577577577577578 8.667452170440585e-06
5 9.596596596596598 8.424802493131545e-06
5 9.615615615615617 8.188905777963757e-06
5 9.634634634634635 7.959575393583474e-06
5 9.653653653653654 7.736629823904901e-06
5 9.672672672672673 7.519892529315254e-06
5 9.691691691691693 7.309191811598806e-06
5 9.710710710710712 7.10436068248211e-06
5 9.72972972972973 6.905236735704768e-06
5 9.74874874874875 6.71166202252256e-06
5 9.767767767767769 6.5234829305525535e-06
5 9.786786786786788 6.340550065871481e-06
5 9.805805805805807 6.162718138281651e-06
5 9.824824824824825 5.989845849660454e-06
5 9.843843843843844 5.821795785311785e-06
5 9.862862862862864 5.658434308240082e-06
5 9.881881881881883 5.4996314562692265e-06
5 9.900900900900902 5.345260841931108e-06
5 9.91991991991992 5.195199555050268e-06
5 9.93893893893894 5.049328067953042e-06
5 9.957957957957959 4.907530143231663e-06
5 9.976976976976978 4.769692743995189e-06
5 9.995995995995997 4.635705946541354e-06
5 10.015015015015015 4.505462855384864e-06
5 10.034034034034034 4.378859520579402e-06
5 10.053053053053054 4.25579485727244e-06
5 10.072072072072073 4.136170567433139e-06
5 10.091091091091092 4.019891063695622e-06
5 10.11011011011011 3.9068633952611675e-06
5 10.12912912912913 3.796997175804317e-06
5 10.148148148148149 3.69020451332961e-06
5 10.167167167167168 3.586399941926655e-06
5 10.186186186186188 3.4855003553729546e-06
5 10.205205205205205 3.387424942535093e-06
5 10.224224224224224 3.2920951245201404e-06
5 10.243243243243244 3.1994344935305856e-06
5 10.262262262262263 3.1093687533770524e-06
5 10.281281281281283 3.0218256616045425e-06
5 10.3003003003003 2.9367349731889336e-06
5 10.31931931931932 2.8540283857616318e-06
5 10.338338338338339 2.7736394863215306e-06
5 10.357357357357358 2.6955036993942174e-06
5 10.376376376376378 2.6195582365997324e-06
5 10.395395395395397 2.5457420475910128e-06
5 10.414414414414415 2.473995772326237e-06
5 10.433433433433434 2.4042616946391903e-06
5 10.452452452452453 2.33648369707287e-06
5 10.471471471471473 2.270607216942228e-06
5 10.490490490490492 2.2065792035930974e-06
5 10.50950950950951 2.1443480768250735e-06
5 10.528528528528529 2.083863686446995e-06
5 10.547547547547548 2.025077272934602e-06
5 10.566566566566568 1.9679414291605776e-06
5 10.585585585585587 1.9124100631681346e-06
5 10.604604604604605 1.8584383619600026e-06
5 10.623623623623624 1.8059827562753934e-06
5 10.642642642642643 1.7550008863283578e-06
5 10.661661661661663 1.705451568481493e-06
5 10.680680680680682 1.6572947628298052e-06
5 10.6996996996997 1.6104915416701278e-06
5 10.71871871871872 1.5650040588321302e-06
5 10.737737737737739 1.5207955198476994e-06
5 10.756756756756758 1.4778301529359307e-06
5 10.775775775775777 1.4360731807817252e-06
5 10.794794794794795 1.3954907930864981e-06
5 10.813813813813814 1.3560501198700714e-06
5 10.832832832832834 1.3177192055034645e-06
5 10.851851851851853 1.2804669834527046e-06
5 10.870870870870872 1.244263251714443e-06
5 10.88988988988989 1.2090786489246005e-06
5 10.90890890890891 1.1748846311217737e-06
5 10.927927927927929 1.1416534491476832e-06
5 10.946946946946948 1.1093581266673125e-06
5 10.965965965965967 1.0779724387919594e-06
5 10.984984984984985 1.0474708912888083e-06
5 11.004004004004004 1.0178287003610761e-06
5 11.023023023023024 9.890217729832659e-07
5 11.042042042042043 9.61026687776379e-07
5 11.061061061061062 9.338206764084469e-07
5 11.08008008008008 9.073816055060732e-07
5 11.0990990990991 8.816879590630686e-07
5 11.118118118118119 8.567188213326837e-07
5 11.137137137137138 8.324538601902215e-07
5 11.156156156156158 8.088733109532514e-07
5 11.175175175175177 7.859579606469432e-07
5 11.194194194194194 7.636891327023903e-07
5 11.213213213213214 7.420486720761054e-07
5 11.232232232232233 7.210189307792302e-07
5 11.251251251251253 7.005827538052418e-07
5 11.270270270270272 6.807234654453095e-07
5 11.28928928928929 6.614248559807067e-07
5 11.308308308308309 6.426711687419778e-07
5 11.327327327327328 6.244470875248613e-07
5 11.346346346346348 6.0673772435319e-07
5 11.365365365365367 5.895286075793083e-07
5 11.384384384384385 5.728056703127712e-07
5 11.403403403403404 5.565552391683374e-07
5 11.422422422422423 5.407640233245434e-07
5 11.441441441441443 5.254191038843332e-07
5 11.460460460460462 5.105079235294921e-07
5 11.47947947947948 4.960182764608362e-07
5 11.498498498498499 4.819382986163231e-07
5 11.517517517517518 4.6825645815948815e-07
5 11.536536536536538 4.549615462307738e-07
5 11.555555555555557 4.420426679545631e-07
5 11.574574574574575 4.294892336948996e-07
5 11.593593593593594 4.172909505530678e-07
5 11.612612612612613 4.054378141004144e-07
5 11.631631631631633 3.9392010033993255e-07
5 11.650650650650652 3.8272835789034593e-07
5 11.66966966966967 3.718534003865774e-07
5 11.68868868868869 3.6128629909065454e-07
5 11.707707707707709 3.5101837570728454e-07
5 11.726726726726728 3.410411953984555e-07
5 11.745745745745747 3.3134655999160683e-07
5 11.764764764764765 3.2192650137604243e-07
5 11.783783783783784 3.1277327508240454e-07
5 11.802802802802804 3.0387935404018576e-07
5 11.821821821821823 2.952374225083622e-07
5 11.840840840840842 2.8684037017439716e-07
5 11.85985985985986 2.7868128641697305e-07
5 11.87887887887888 2.7075345472794196e-07
5 11.897897897897899 2.6305034728911787e-07
5 11.916916916916918 2.5556561969963116e-07
5 11.935935935935937 2.482931058497057e-07
5 11.954954954954957 2.4122681293681963e-07
5 11.973973973973974 2.34360916620323e-07
5 11.992992992992994 2.2768975631069185e-07
5 12.012012012012013 2.212078305897129e-07
5 12.031031031031032 2.1490979275797397e-07
5 12.050050050050052 2.0879044650615535e-07
5 12.06906906906907 2.0284474170670214e-07
5 12.088088088088089 1.9706777032254963e-07
5 12.107107107107108 1.914547624296779e-07
5 12.126126126126128 1.8600108235033934e-07
5 12.145145145145147 1.8070222489390938e-07
5 12.164164164164164 1.7555381170238313e-07
5 12.183183183183184 1.7055158769762183e-07
5 12.202202202202203 1.6569141762754376e-07
5 12.221221221221223 1.6096928270851228e-07
5 12.240240240240242 1.5638127736126757e-07
5 12.25925925925926 1.5192360603781095e-07
5 12.278278278278279 1.475925801367219e-07
5 12.297297297297298 1.4338461500446695e-07
5 12.316316316316318 1.392962270203095e-07
5 12.335335335335337 1.3532403076251275e-07
5 12.354354354354355 1.3146473625358056e-07
5 12.373373373373374 1.2771514628234488e-07
5 12.392392392392393 1.240721538007756e-07
5 12.411411411411413 1.205327393934333e-07
5 12.430430430430432 1.1709396881755723e-07
5 12.44944944944945 1.1375299061182703e-07
5 12.468468468468469 1.1050703377189203e-07
5 12.487487487487488 1.0735340549082003e-07
5 12.506506506506508 1.0428948896265803e-07
5 12.525525525525527 1.0131274124735778e-07
5 12.544544544544545 9.84206911953607e-08
5 12.563563563563564 9.561093743018418e-08
5 12.582582582582583 9.288114638740272e-08
5 12.601601601601603 9.02290504084513e-08
5 12.620620620620622 8.765244588773224e-08
5 12.63963963963964 8.514919147154242e-08
5 12.65865865865866 8.271720630737933e-08
5 12.677677677677679 8.035446834222889e-08
5 12.696696696696698 7.80590126684682e-08
5 12.715715715715717 7.582892991606202e-08
5 12.734734734734735 7.366236468976446e-08
5 12.753753753753754 7.155751405007216e-08
5 12.772772772772774 6.951262603671443e-08
5 12.791791791791793 6.752599823349229e-08
5 12.810810810810812 6.559597637331825e-08
5 12.829829829829832 6.372095298233589e-08
5 12.84884884884885 6.189936606203142e-08
5 12.867867867867869 6.012969780827745e-08
5 12.886886886886888 5.8410473366282874e-08
5 12.905905905905907 5.674025962044436e-08
5 12.924924924924927 5.5117664018129407e-08
5 12.943943943943944 5.3541333426444044e-08
5 12.962962962962964 5.200995302106455e-08
5 12.981981981981983 5.0522245206241236e-08
5 13.001001001001002 4.9076968565101836e-08
5 13.020020020020022 4.767291683941106e-08
5 13.03903903903904 4.630891793796394e-08
5 13.058058058058059 4.49838329728128e-08
5 13.077077077077078 4.3696555322552904e-08
5 13.096096096096097 4.244600972190876e-08
5 13.115115115115117 4.123115137688834e-08
5 13.134134134134134 4.005096510479059e-08
5 13.153153153153154 3.890446449837125e-08
5 13.172172172172173 3.7790691113493655e-08
5 13.191191191191193 3.670871367960597e-08
5 13.210210210210212 3.5657627332408535e-08
5 13.22922922922923 3.4636552868090296e-08
5 13.248248248248249 3.3644636018530796e-08
5 13.267267267267268 3.268104674688285e-08
5 13.286286286286288 3.174497856296394e-08
5 13.305305305305307 3.083564785790343e-08
5 13.324324324324325 2.9952293257506526e-08
5 13.343343343343344 2.909417499381063e-08
5 13.362362362362363 2.8260574294326142e-08
5 13.381381381381383 2.7450792788465045e-08
5 13.400400400400402 2.6664151930677098e-08
5 13.41941941941942 2.589999243982547e-08
5 13.438438438438439 2.5157673754346494e-08
5 13.457457457457458 2.4436573502752537e-08
5 13.476476476476478 2.3736086989046517e-08
5 13.495495495495497 2.3055626692631406e-08
5 13.514514514514515 2.2394621782307935e-08
5 13.533533533533534 2.175251764396544e-08
5 13.552552552552553 2.1128775421582672e-08
5 13.571571571571573 2.0522871571164186e-08
5 13.590590590590592 1.9934297427250483e-08
5 13.609609609609612 1.936255878164869e-08
5 13.62862862862863 1.8807175474041185e-08
5 13.647647647647648 1.826768099413841e-08
5 13.666666666666668 1.774362209505281e-08
5 13.685685685685687 1.723455841757775e-08
5 13.704704704704707 1.6740062125066188e-08
5 13.723723723723724 1.6259717548611078e-08
5 13.742742742742744 1.5793120842238092e-08
5 13.761761761761763 1.533987964783007e-08
5 13.780780780780782 1.4899612769508923e-08
5 13.799799799799802 1.4471949857209996e-08
5 13.81881881881882 1.4056531099190265e-08
5 13.837837837837839 1.3653006923219207e-08
5 13.856856856856858 1.326103770620877e-08
5 13.875875875875877 1.2880293492044506e-08
5 13.894894894894897 1.251045371738778e-08
5 13.913913913913914 1.2151206945224756e-08
5 13.932932932932934 1.1802250605944104e-08
5 13.951951951951953 1.1463290745732094e-08
5 13.970970970970972 1.113404178207865e-08
5 13.989989989989992 1.0814226266194663e-08
5 14.00900900900901 1.050357465214597e-08
5 14.028028028028029 1.020182507251478e-08
5 14.047047047047048 9.908723120405221e-09
5 14.066066066066067 9.624021637613847e-09
5 14.085085085085087 9.347480508791903e-09
5 14.104104104104104 9.078866461430486e-09
5 14.123123123123124 8.817952871504448e-09
5 14.142142142142143 8.56451957461602e-09
5 14.161161161161163 8.31835268248269e-09
5 14.180180180180182 8.079244404619128e-09
5 14.1991991991992 7.846992875066632e-09
5 14.218218218218219 7.621401984027748e-09
5 14.237237237237238 7.402281214268048e-09
5 14.256256256256258 7.189445482150299e-09
5 14.275275275275277 6.982714983170674e-09
5 14.294294294294295 6.781915041869919e-09
5 14.313313313313314 6.5868759659960285e-09
5 14.332332332332333 6.397432904798722e-09
5 14.351351351351353 6.213425711338818e-09
5 14.370370370370372 6.034698808699452e-09
5 14.38938938938939 5.861101059988962e-09
5 14.408408408408409 5.692485642028325e-09
5 14.427427427427428 5.5287099226193634e-09
5 14.446446446446448 5.369635341292319e-09
5 14.465465465465467 5.2151272934348e-09
5 14.484484484484486 5.065055017706467e-09
5 14.503503503503504 4.9192914866467435e-09
5 14.522522522522523 4.777713300385217e-09
5 14.541541541541543 4.6402005833673285e-09
5 14.560560560560562 4.506636884009835e-09
5 14.579579579579582 4.376909077203484e-09
5 14.598598598598599 4.250907269582355e-09
5 14.617617617617618 4.128524707481596e-09
5 14.636636636636638 4.009657687507748e-09
5 14.655655655655657 3.894205469647531e-09
5 14.674674674674677 3.782070192843515e-09
5 14.693693693693694 3.6731567929668257e-09
5 14.712712712712714 3.5673729231190483e-09
5 14.731731731731733 3.464628876197592e-09
5 14.750750750750752 3.3648375096602736e-09
5 14.769769769769772 3.267914172427042e-09
5 14.78878878878879 3.1737766338583247e-09
5 14.807807807807809 3.0823450147511605e-09
5 14.826826826826828 2.993541720296161e-09
5 14.845845845845847 2.9072913749395904e-09
5 14.864864864864867 2.823520759096772e-09
5 14.883883883883884 2.7421587476643517e-09
5 14.902902902902904 2.6631362502804324e-09
5 14.921921921921923 2.5863861532831975e-09
5 14.940940940940942 2.5118432633197487e-09
5 14.959959959959962 2.439444252558532e-09
5 14.97897897897898 2.36912760545987e-09
5 14.997997997997999 2.3008335670604224e-09
5 15.017017017017018 2.2345040927287653e-09
5 15.036036036036037 2.170082799350265e-09
5 15.055055055055057 2.1075149179008227e-09
5 15.074074074074074 2.046747247370089e-09
5 15.093093093093094 1.987728109995856e-09
5 15.112112112112113 1.930407307772526e-09
5 15.131131131131133 1.874736080197421e-09
5 15.150150150150152 1.8206670632199025e-09
5 15.16916916916917 1.7681542493591487e-09
5 15.188188188188189 1.7171529489574219e-09
5 15.207207207207208 1.6676197525366738e-09
5 15.226226226226228 1.6195124942270839e-09
5 15.245245245245247 1.5727902162371838e-09
5 15.264264264264266 1.5274131343359783e-09
5 15.283283283283284 1.4833426043183396e-09
5 15.302302302302303 1.4405410894257393e-09
5 15.321321321321323 1.3989721286952572e-09
5 15.340340340340342 1.3586003062104228e-09
5 15.359359359359361 1.319391221228341e-09
5 15.378378378378379 1.2813114591581939e-09
5 15.397397397397398 1.244328563366918e-09
5 15.416416416416418 1.208411007788611e-09
5 15.435435435435437 1.1735281703147618e-09
5 15.454454454454456 1.1396503069431743e-09
5 15.473473473473474 1.1067485266640004e-09
5 15.492492492492493 1.0747947670619243e-09
5 15.511511511511513 1.0437617706141849e-09
5 15.530530530530532 1.0136230616645962e-09
5 15.549549549549551 9.843529240543943e-10
5 15.568568568568569 9.559263793912168e-10
5 15.587587587587588 9.28319165938061e-10
5 15.606606606606608 9.01507718104623e-10
5 15.625625625625627 8.754691465238387e-10
5 15.644644644644647 8.501812186970156e-10
5 15.663663663663664 8.256223401913695e-10
5 15.682682682682684 8.017715363742367e-10
5 15.701701701701703 7.78608434668728e-10
5 15.720720720720722 7.561132473159395e-10
5 15.739739739739742 7.342667546293361e-10
5 15.75875875875876 7.130502887272918e-10
5 15.777777777777779 6.924457177301621e-10
5 15.796796796796798 6.724354304086973e-10
5 15.815815815815817 6.530023212709035e-10
5 15.834834834834837 6.341297760749007e-10
5 15.853853853853854 6.158016577556327e-10
5 15.872872872872874 5.980022927536377e-10
5 15.891891891891893 5.807164577344498e-10
5 15.910910910910912 5.63929366687475e-10
5 15.929929929929932 5.476266583935514e-10
5 15.94894894894895 5.317943842506831e-10
5 15.967967967967969 5.16418996447737e-10
5 15.986986986986988 5.014873364762045e-10
5 16.006006006006007 4.869866239703666e-10
5 16.025025025025027 4.729044458665245e-10
5 16.044044044044046 4.592287458721902e-10
5 16.063063063063062 4.459478142364068e-10
5 16.08208208208208 4.330502778125959e-10
5 16.1011011011011 4.205250904056305e-10
5 16.12012012012012 4.0836152339497746e-10
5 16.13913913913914 3.965491566260738e-10
5 16.15815815815816 3.8507786956227313e-10
5 16.177177177177178 3.7393783268992823e-10
5 16.196196196196198 3.631194991693931e-10
5 16.215215215215217 3.526135967249256e-10
5 16.234234234234236 3.4241111976667487e-10
5 16.253253253253256 3.3250332173813156e-10
5 16.272272272272275 3.2288170768260615e-10
5 16.291291291291294 3.1353802702248434e-10
5 16.310310310310314 3.0446426654518623e-10
5 16.329329329329333 2.9565264358992884e-10
5 16.34834834834835 2.8709559942956065e-10
5 16.36736736736737 2.787857928418898e-10
5 16.386386386386388 2.7071609386511843e-10
5 16.405405405405407 2.628795777320937e-10
5 16.424424424424426 2.5526951897829434e-10
5 16.443443443443442 2.4787938571857974e-10
5 16.46246246246246 2.4070283408787685e-10
5 16.48148148148148 2.337337028411407e-10
5 16.5005005005005 2.2696600810801176e-10
5 16.51951951951952 2.2039393829777038e-10
5 16.53853853853854 2.1401184915028517e-10
5 16.55755755755756 2.0781425892878553e-10
5 16.576576576576578 2.0179584375040398e-10
5 16.595595595595597 1.9595143305055164e-10
5 16.614614614614617 1.9027600517730032e-10
5 16.633633633633636 1.8476468311205582e-10
5 16.652652652652655 1.7941273031291073e-10
5 16.671671671671675 1.7421554667717e-10
5 16.690690690690694 1.691686646196413e-10
5 16.709709709709713 1.6426774526337914e-10
5 16.72872872872873 1.5950857473966875e-10
5 16.74774774774775 1.5488706059411842e-10
5 16.766766766766768 1.5039922829584002e-10
5 16.785785785785787 1.460412178467496e-10
5 16.804804804804807 1.4180928048813797e-10
5 16.823823823823826 1.3769977550172232e-10
5 16.842842842842842 1.3370916710247735e-10
5 16.86186186186186 1.2983402142061505e-10
5 16.88088088088088 1.2607100357017262e-10
5 16.8998998998999 1.224168748017152e-10
5 16.91891891891892 1.1886848973675698e-10
5 16.93793793793794 1.1542279368155626e-10
5 16.956956956956958 1.1207682001801384e-10
5 16.975975975975977 1.0882768766946639e-10
5 16.994994994994997 1.056725986392309e-10
5 17.014014014014016 1.0260883561981641e-10
5 17.033033033033036 9.96337596707799e-11
5 17.052052052052055 9.67448079632598e-11
5 17.07107107107107 9.393949158927809e-11
5 17.09009009009009 9.121539343395268e-11
5 17.10910910910911 8.857016610882536e-11
5 17.12812812812813 8.60015299445442e-11
5 17.147147147147148 8.350727104120782e-11
5 17.166166166166168 8.108523937471556e-11
5 17.185185185185187 7.873334695751966e-11
5 17.204204204204206 7.644956605222029e-11
5 17.223223223223226 7.423192743648865e-11
5 17.242242242242245 7.207851871784725e-11
5 17.261261261261264 6.99874826968778e-11
5 17.28028028028028 6.79570157774693e-11
5 17.2992992992993 6.59853664227549e-11
5 17.31831831831832 6.407083365543345e-11
5 17.33733733733734 6.221176560119571e-11
5 17.356356356356358 6.040655807402415e-11
5 17.375375375375377 5.865365320216385e-11
5 17.394394394394396 5.695153809359807e-11
5 17.413413413413416 5.529874353989533e-11
5 17.432432432432435 5.3693842757327425e-11
5 17.451451451451454 5.2135450164189126e-11
5 17.47047047047047 5.0622220193281146e-11
5 17.48948948948949 4.915284613854586e-11
5 17.50850850850851 4.772605903488001e-11
5 17.52752752752753 4.6340626570166657e-11
5 17.546546546546548 4.4995352028605985e-11
5 17.565565565565567 4.3689073264444984e-11
5 17.584584584584587 4.242066170523367e-11
5 17.603603603603606 4.118902138376049e-11
5 17.622622622622625 3.999308799784329e-11
5 17.641641641641645 3.883182799717645e-11
5 17.66066066066066 3.770423769645743e-11
5 17.67967967967968 3.66093424140368e-11
5 17.6986986986987 3.554619563536223e-11
5 17.71771771771772 3.451387820049989e-11
5 17.736736736736738 3.35114975150453e-11
5 17.755755755755757 3.253818678375017e-11
5 17.774774774774777 3.1593104266213203e-11
5 17.793793793793796 3.067543255400103e-11
5 17.812812812812815 2.978437786858357e-11
5 17.831831831831835 2.8919169379485724e-11
5 17.85085085085085 2.807905854207493e-11
5 17.86986986986987 2.72633184544192e-11
5 17.88888888888889 2.647124323267007e-11
5 17.90790790790791 2.5702147404434937e-11
5 17.926926926926928 2.495536531962408e-11
5 17.945945945945947 2.4230250578269212e-11
5 17.964964964964967 2.3526175474825835e-11
5 17.983983983983986 2.2842530458485546e-11
5 18.003003003003005 2.217872360903806e-11
5 18.022022022022025 2.153418012783586e-11
5 18.04104104104104 2.0908341843427332e-11
5 18.06006006006006 2.030066673143598e-11
5 18.07907907907908 1.9710628448277666e-11
5 18.0980980980981 1.913771587831574e-11
5 18.117117117117118 1.8581432694069172e-11
5 18.136136136136138 1.8041296929097647e-11
5 18.155155155155157 1.7516840563199093e-11
5 18.174174174174176 1.7007609119565394e-11
5 18.193193193193196 1.6513161273552295e-11
5 18.212212212212215 1.6033068472729396e-11
5 18.231231231231234 1.556691456788562e-11
5 18.25025025025025 1.511429545467504e-11
5 18.26926926926927 1.4674818725596354e-11
5 18.28828828828829 1.4248103332009884e-11
5 18.30730730730731 1.3833779255901554e-11
5 18.326326326326328 1.3431487191114537e-11
5 18.345345345345347 1.3040878233775601e-11
5 18.364364364364366 1.2661613581651506e-11
5 18.383383383383386 1.2293364242178394e-11
5 18.402402402402405 1.1935810748914513e-11
5 18.421421421421424 1.1588642886173693e-11
5 18.44044044044044 1.1251559421604144e-11
5 18.45945945945946 1.0924267846483353e-11
5 18.47847847847848 1.0606484123507886e-11
5 18.4974974974975 1.0297932441860924e-11
5 18.516516516516518 9.998344979348918e-12
5 18.535535535535537 9.707461671403361e-12
5 18.554554554554556 9.42502998674998e-12
5 18.573573573573576 9.150804709553296e-12
5 18.592592592592595 8.88454772785001e-12
5 18.611611611611615 8.626027828090014e-12
5 18.63063063063063 8.375020495609132e-12
5 18.64964964964965 8.131307720862344e-12
5 18.66866866866867 7.894677811252264e-12
5 18.68768768768769 7.664925208390643e-12
5 18.706706706706708 7.441850310637048e-12
5 18.725725725725727 7.225259300762339e-12
5 18.744744744744747 7.0149639785892705e-12
5 18.763763763763766 6.810781598466765e-12
5 18.782782782782785 6.612534711438505e-12
5 18.801801801801805 6.420051011970527e-12
5 18.82082082082082 6.233163189106417e-12
5 18.83983983983984 6.051708781922217e-12
5 18.85885885885886 5.875530039157627e-12
5 18.87787787787788 5.704473782902351e-12
5 18.896896896896898 5.538391276221174e-12
5 18.915915915915917 5.377138094603989e-12
5 18.934934934934937 5.220574001130472e-12
5 18.953953953953956 5.0685628252422775e-12
5 18.972972972972975 4.920972345018698e-12
5 18.991991991991995 4.777674172854723e-12
5 19.011011011011014 4.638543644443345e-12
5 19.03003003003003 4.503459710966812e-12
5 19.04904904904905 4.3723048344040995e-12
5 19.06806806806807 4.244964885865057e-12
5 19.087087087087088 4.121329046863401e-12
5 19.106106106106107 4.001289713444122e-12
5 19.125125125125127 3.884742403082785e-12
5 19.144144144144146 3.771585664276736e-12
5 19.163163163163166 3.66172098875057e-12
5 19.182182182182185 3.555052726200323e-12
5 19.201201201201204 3.451488001503198e-12
5 19.22022022022022 3.350936634321603e-12
5 19.23923923923924 3.2533110610323063e-12
5 19.25825825825826 3.1585262589138483e-12
5 19.27727727727728 3.0664996725266404e-12
5 19.296296296296298 2.9771511422227234e-12
5 19.315315315315317 2.8904028347235754e-12
5 19.334334334334336 2.8061791757062672e-12
5 19.353353353353356 2.7244067843399765e-12
5 19.372372372372375 2.645014409716527e-12
5 19.391391391391394 2.5679328691202508e-12
5 19.41041041041041 2.4930949880840625e-12
5 19.42942942942943 2.420435542180072e-12
5 19.44844844844845 2.349891200494832e-12
5 19.46746746746747 2.281400470740277e-12
5 19.486486486486488 2.2149036459533176e-12
5 19.505505505505507 2.1503427527380917e-12
5 19.524524524524526 2.087661501006329e-12
5 19.543543543543546 2.0268052351725327e-12
5 19.562562562562565 1.9677208867619414e-12
5 19.581581581581585 1.9103569283904483e-12
5 19.6006006006006 1.8546633290768336e-12
5 19.61961961961962 1.8005915108487467e-12
5 19.63863863863864 1.748094306605197e-12
5 19.65765765765766 1.697125919199033e-12
5 19.676676676676678 1.6476418817042951e-12
5 19.695695695695697 1.5995990188341293e-12
5 19.714714714714717 1.5529554094760137e-12
5 19.733733733733736 1.5076703503119909e-12
5 19.752752752752755 1.46370432049254e-12
5 19.771771771771775 1.4210189473336194e-12
5 19.790790790790794 1.3795769730073033e-12
5 19.80980980980981 1.3393422221972749e-12
5 19.82882882882883 1.3002795706912432e-12
5 19.84784784784785 1.2623549148832875e-12
5 19.866866866866868 1.2255351421596722e-12
5 19.885885885885887 1.1897881021426878e-12
5 19.904904904904907 1.1550825787676538e-12
5 19.923923923923926 1.121388263168994e-12
5 19.942942942942945 1.0886757273519765e-12
5 19.961961961961965 1.0569163986273936e-12
5 19.980980980980984 1.0260825347871025e-12
5 20.0 9.961471999990078e-13
