2 1.0 0.0
2 1.019019019019019 0.018424117582707566
2 1.038038038038038 0.035724697613093465
2 1.057057057057057 0.05199301690709428
2 1.0760760760760761 0.06731067262682565
2 1.095095095095095 0.08175083255806574
2 1.1141141141141142 0.0953792964910329
2 1.1331331331331331 0.10825540118254161
2 1.1521521521521523 0.12043279514874601
2 1.1711711711711712 0.1319601046212668
2 1.1901901901901901 0.1428815080953391
2 1.2092092092092093 0.15323723378028775
2 1.2282282282282282 0.16306399175826233
2 1.2472472472472473 0.17239535063528713
2 1.2662662662662663 0.18126206682819204
2 1.2852852852852852 0.18969237329359365
2 1.3043043043043043 0.19771223340981503
2 1.3233233233233235 0.20534556482173677
2 1.3423423423423424 0.21261443731446392
2 1.3613613613613613 0.21953924816462947
2 1.3803803803803805 0.22613887790448925
2 1.3993993993993994 0.23243082900478793
2 1.4184184184184185 0.238431349622537
2 1.4374374374374375 0.24415554425710229
2 1.4564564564564564 0.24961747290247674
2 1.4754754754754755 0.2548302400672508
2 1.4944944944944947 0.2598060748500483
2 1.5135135135135136 0.26455640310168416
2 1.5325325325325325 0.2690919125716149
2 1.5515515515515514 0.27342261182175487
2 1.5705705705705706 0.27755788359240396
2 1.5895895895895897 0.2815065332203834
2 1.6086086086086087 0.2852768326364169
2 1.6276276276276276 0.2888765604055968
2 1.6466466466466467 0.29231303821996896
2 1.6656656656656659 0.295593164204652
2 1.6846846846846848 0.29872344335742895
2 1.7037037037037037 0.3017100154055534
2 1.7227227227227226 0.30455868033186045
2 1.7417417417417418 0.3072749217945331
2 1.760760760760761 0.3098639286405323
2 1.7797797797797799 0.3123306146912755
2 1.7987987987987988 0.3146796369602833
2 1.817817817817818 0.31691541244585486
2 1.8368368368368369 0.31904213362710665
2 1.855855855855856 0.32106378277866493
2 1.874874874874875 0.32298414520773117
2 1.8938938938938938 0.32480682150696016
2 1.912912912912913 0.3265352389074417
2 1.9319319319319321 0.3281726618079234
2 1.950950950950951 0.3297222015491372
2 1.96996996996997 0.33118682549558703
2 1.9889889889889891 0.3325693654813373
2 2.008008008008008 0.33387252567112263
2 2.027027027027027 0.33509888988342085
2 2.046046046046046 0.3362509284179232
2 2.065065065065065 0.3373310044260529
2 2.0840840840840844 0.33834137985977364
2 2.103103103103103 0.339284221030856
2 2.1221221221221223 0.3401616038099935
2 2.141141141141141 0.3409755184926511
2 2.16016016016016 0.3417278743562586
2 2.1791791791791795 0.34242050393130313
2 2.1981981981981984 0.34305516700701055
2 2.2172172172172173 0.3436335543906109
2 2.2362362362362362 0.3441572914376431
2 2.255255255255255 0.34462794136935526
2 2.2742742742742745 0.3450470083919798
2 2.2932932932932935 0.3454159406315013
2 2.3123123123123124 0.3457361328964743
2 2.3313313313313317 0.34600892928047927
2 2.3503503503503502 0.3462356256149197
2 2.3693693693693696 0.3464174717820542
2 2.3883883883883885 0.34655567389741476
2 2.4074074074074074 0.3466513963700835
2 2.426426426426427 0.34670576384867713
2 2.4454454454454453 0.34671986306031405
2 2.4644644644644647 0.34669474454931787
2 2.4834834834834836 0.3466314243219218
2 2.5025025025025025 0.34653088540279875
2 2.521521521521522 0.34639407930883065
2 2.5405405405405403 0.34622192744515184
2 2.5595595595595597 0.3460153224281553
2 2.5785785785785786 0.3457751293398292
2 2.5975975975975976 0.3455021869174925
2 2.616616616616617 0.34519730868272835
2 2.635635635635636 0.3448612840130552
2 2.6546546546546548 0.34449487915964605
2 2.6736736736736737 0.34409883821418585
2 2.6926926926926926 0.34367388402775734
2 2.711711711711712 0.3432207190844574
2 2.730730730730731 0.3427400263322758
2 2.74974974974975 0.34223246997360357
2 2.768768768768769 0.34169869621759236
2 2.7877877877877877 0.34113933399644564
2 2.806806806806807 0.3405549956475928
2 2.825825825825826 0.33994627756358065
2 2.844844844844845 0.3393137608113999
2 2.8638638638638643 0.33865801172286397
2 2.8828828828828827 0.3379795824575589
2 2.901901901901902 0.33727901153979284
2 2.920920920920921 0.3365568243708888
2 2.93993993993994 0.33581353371808537
2 2.9589589589589593 0.33504964018123745
2 2.9779779779779783 0.33426563263843906
2 2.996996996996997 0.3334619886716255
2 3.016016016016016 0.33263917497315476
2 3.035035035035035 0.3317976477343065
2 3.0540540540540544 0.33093785301659073
2 3.0730730730730733 0.3300602271067028
2 3.0920920920920922 0.3291651968559181
2 3.111111111111111 0.3282531800046769
2 3.13013013013013 0.3273245854930664
2 3.1491491491491495 0.3263798137578718
2 3.1681681681681684 0.32541925701682917
2 3.1871871871871873 0.32444329954068235
2 3.206206206206206 0.3234523179136114
2 3.2252252252252256 0.3224466812825727
2 3.2442442442442445 0.32142675159606116
2 3.2632632632632634 0.3203928838327791
2 3.2822822822822824 0.31934542622067186
2 3.3013013013013013 0.3182847204467666
2 3.3203203203203207 0.3172111018582279
2 3.3393393393393396 0.31612489965502455
2 3.3583583583583585 0.3150264370745809
2 3.3773773773773774 0.3139160315687683
2 3.396396396396397 0.3127939949735746
2 3.4154154154154157 0.31166063367177366
2 3.4344344344344346 0.31051624874890044
2 3.4534534534534536 0.30936113614282235
2 3.4724724724724725 0.30819558678718606
2 3.491491491491492 0.30701988674900205
2 3.5105105105105108 0.30583431736062006
2 3.5295295295295297 0.30463915534633496
2 3.5485485485485486 0.3034346729438524
2 3.567567567567568 0.30222113802083217
2 3.586586586586587 0.3009988141867186
2 3.605605605605606 0.29976796090005586
2 3.6246246246246248 0.2985288335714799
2 3.6436436436436437 0.29728168366256646
2 3.662662662662663 0.29602675878071094
2 3.681681681681682 0.2947643027702046
2 3.700700700700701 0.29349455579966516
2 3.71971971971972 0.29221775444597636
2 3.738738738738739 0.29093413177487765
2 3.757757757757758 0.2896439174183465
2 3.776776776776777 0.28834733764890413
2 3.795795795795796 0.28704461545097304
2 3.814814814814815 0.2857359705894085
2 3.8338338338338342 0.28442161967532
2 3.852852852852853 0.28310177622929605
2 3.871871871871872 0.2817766507421387
2 3.890890890890891 0.28044645073321134
2 3.90990990990991 0.27911138080649905
2 3.9289289289289293 0.2777716427044752
2 3.9479479479479482 0.27642743535986664
2 3.966966966966967 0.2750789549454041
2 3.985985985985986 0.273726394921642
2 4.005005005005005 0.27236994608292797
2 4.024024024024024 0.2710097966015999
2 4.043043043043044 0.2696461320704848
2 4.062062062062062 0.2682791355437707
2 4.081081081081081 0.26690898757632014
2 4.1001001001001 0.26553586626149267
2 4.119119119119119 0.26415994726753744
2 4.138138138138139 0.2627814038726194
2 4.157157157157157 0.26140040699853617
2 4.176176176176177 0.26001712524318266
2 4.195195195195195 0.2586317249118184
2 4.2142142142142145 0.2572443700471882
2 4.233233233233234 0.25585522245854875
2 4.252252252252252 0.2544644417496474
2 4.271271271271272 0.2530721853457012
2 4.29029029029029 0.2516786085194203
2 4.3093093093093096 0.25028386441611944
2 4.328328328328329 0.24888810407795844
2 4.347347347347347 0.2474914764673526
2 4.366366366366367 0.24609412848959003
2 4.385385385385385 0.2446962050146954
2 4.404404404404405 0.24329784889857278
2 4.423423423423424 0.2418992010034648
2 4.442442442442443 0.24050040021775926
2 4.461461461461462 0.23910158347517604
2 4.48048048048048 0.23770288577336396
2 4.4994994994995 0.2363044401919387
2 4.518518518518519 0.23490637790998872
2 4.537537537537538 0.23350882822307675
2 4.556556556556557 0.2321119185597639
2 4.575575575575575 0.23071577449768052
2 4.594594594594595 0.22932051977916906
2 4.613613613613614 0.22792627632652246
2 4.6326326326326335 0.22653316425683898
2 4.651651651651652 0.22514130189651693
2 4.67067067067067 0.2237508057954092
2 4.68968968968969 0.22236179074065715
2 4.708708708708709 0.22097436977022436
2 4.7277277277277285 0.21958865418614684
2 4.746746746746747 0.2182047535675189
2 4.7657657657657655 0.21682277578323045
2 4.784784784784785 0.21544282700447312
2 4.803803803803804 0.2140650117170297
2 4.822822822822824 0.21268943273336263
2 4.841841841841842 0.21131619120451497
2 4.8608608608608606 0.20994538663183854
2 4.87987987987988 0.2085771168785616
2 4.898898898898899 0.20721147818120905
2 4.917917917917919 0.20584856516088643
2 4.936936936936937 0.20448847083443994
2 4.9559559559559565 0.2031312866255029
2 4.974974974974975 0.2017771023754394
2 4.993993993993994 0.20042600635419405
2 5.013013013013014 0.19907808527105933
2 5.032032032032032 0.197733424285367
2 5.051051051051052 0.19639210701711357
2 5.07007007007007 0.19505421555752844
2 5.089089089089089 0.19371983047959018
2 5.108108108108109 0.19238903084850106
2 5.127127127127127 0.1910618942321242
2 5.146146146146147 0.18973849671139117
2 5.165165165165165 0.18841891289068627
2 5.1841841841841845 0.18710321590821186
2 5.203203203203204 0.18579147744634258
2 5.222222222222222 0.18448376774197067
2 5.241241241241242 0.18318015559684897
2 5.26026026026026 0.18188070838793638
2 5.2792792792792795 0.1805854920777478
2 5.298298298298299 0.17929457122471495
2 5.317317317317317 0.17800800899355965
2 5.336336336336337 0.17672586716568348
2 5.355355355355356 0.17544820614957782
2 5.374374374374375 0.17417508499125497
2 5.393393393393394 0.17290656138470473
2 5.412412412412412 0.17164269168237767
2 5.431431431431432 0.17038353090569747
2 5.450450450450451 0.16912913275560426
2 5.46946946946947 0.16787954962313015
2 5.488488488488489 0.16663483260000825
2 5.5075075075075075 0.16539503148931753
2 5.526526526526527 0.1641601948161627
2 5.545545545545546 0.1629303698383916
2 5.564564564564565 0.1617056025573495
2 5.583583583583584 0.16048593772867126
2 5.602602602602603 0.15927141887311222
2 5.621621621621622 0.15806208828741652
2 5.640640640640641 0.15685798705522452
2 5.65965965965966 0.15565915505801767
2 5.678678678678679 0.1544656309861015
2 5.6976976976976985 0.15327745234962625
2 5.716716716716717 0.15209465548964388
2 5.735735735735736 0.15091727558920134
2 5.754754754754755 0.1497453466844698
2 5.773773773773774 0.1485789016759073
2 5.792792792792794 0.14741797233945622
2 5.811811811811812 0.14626258933777198
2 5.830830830830831 0.14511278223148352
2 5.84984984984985 0.14396857949048397
2 5.868868868868869 0.1428300085052491
2 5.887887887887889 0.14169709559818403
2 5.906906906906907 0.14056986603499444
2 5.9259259259259265 0.1394483440360827
2 5.944944944944945 0.13833255278796625
2 5.963963963963964 0.1372225144547163
2 5.982982982982984 0.13611825018941634
2 6.002002002002002 0.13501978014563698
2 6.0210210210210215 0.13392712348892666
2 6.04004004004004 0.1328402984083158
2 6.059059059059059 0.13175932212783206
2 6.078078078078079 0.13068421091802582
2 6.097097097097097 0.1296149801075027
2 6.116116116116117 0.12855164409446157
2 6.135135135135136 0.12749421635823657
2 6.1541541541541545 0.12644270947083996
2 6.173173173173174 0.1253971351085046
2 6.192192192192192 0.12435750406322364
2 6.211211211211212 0.12332382625428506
2 6.230230230230231 0.12229611073979954
2 6.2492492492492495 0.12127436572821883
2 6.268268268268269 0.12025859858984281
2 6.287287287287287 0.11924881586831353
2 6.306306306306307 0.11824502329209292
2 6.325325325325326 0.11724722578592359
2 6.344344344344345 0.11625542748226901
2 6.363363363363364 0.11526963173273215
2 6.382382382382382 0.11428984111944998
2 6.401401401401402 0.11331605746646152
2 6.420420420420421 0.11234828185104788
2 6.43943943943944 0.11138651461504182
2 6.458458458458459 0.11043075537610467
2 6.477477477477478 0.1094810030389693
2 6.496496496496497 0.10853725580664617
2 6.515515515515516 0.10759951119159093
2 6.534534534534535 0.10666776602683212
2 6.553553553553554 0.10574201647705564
2 6.572572572572573 0.10482225804964586
2 6.591591591591592 0.10390848560567985
2 6.610610610610611 0.10300069337087388
2 6.62962962962963 0.10209887494648019
2 6.648648648648649 0.10120302332013169
2 6.6676676676676685 0.10031313087663385
2 6.686686686686687 0.09942918940870091
2 6.705705705705706 0.09855119012763544
2 6.724724724724725 0.0976791236739497
2 6.743743743743744 0.09681298012792618
2 6.762762762762764 0.09595274902011737
2 6.781781781781782 0.09509841934178145
2 6.800800800800801 0.0942499795552536
2 6.81981981981982 0.09340741760425111
2 6.838838838838839 0.09257072092411056
2 6.857857857857859 0.09173987645195626
2 6.876876876876877 0.090914870636798
2 6.8958958958958965 0.09009568944955698
2 6.914914914914916 0.08928231839301913
2 6.933933933933934 0.08847474251171379
2 6.952952952952954 0.08767294640171695
2 6.971971971971972 0.08687691422037815
2 6.9909909909909915 0.08608662969596927
2 7.010010010010011 0.0853020761372549
2 7.029029029029029 0.08452323644298271
2 7.048048048048049 0.08375009311129268
2 7.067067067067067 0.08298262824904526
2 7.086086086086087 0.08222082358106601
2 7.105105105105106 0.08146466045930739
2 7.124124124124124 0.08071411987192575
2 7.143143143143144 0.07996918245227301
2 7.162162162162162 0.07922982848780305
2 7.181181181181182 0.07849603792889054
2 7.200200200200201 0.0777677903975633
2 7.2192192192192195 0.0770450651961462
2 7.238238238238239 0.07632784131581649
2 7.257257257257257 0.07561609744507047
2 7.276276276276277 0.07490981197809997
2 7.295295295295296 0.0742089630230792
2 7.314314314314315 0.07351352841036075
2 7.333333333333334 0.07282348570058077
2 7.352352352352353 0.07213881219267279
2 7.371371371371372 0.07145948493179
2 7.390390390390391 0.07078548071713524
2 7.40940940940941 0.07011677610969931
2 7.428428428428429 0.0694533474399062
2 7.447447447447448 0.06879517081516634
2 7.466466466466467 0.06814222212733646
2 7.485485485485486 0.06749447706008686
2 7.504504504504505 0.06685191109617557
2 7.523523523523524 0.06621449952462934
2 7.542542542542543 0.06558221744783164
2 7.561561561561562 0.06495503978851742
2 7.580580580580581 0.06433294129667468
2 7.5995995995996 0.06371589655635326
2 7.618618618618619 0.06310387999238033
2 7.6376376376376385 0.06249686587698334
2 7.656656656656657 0.06189482833632
2 7.675675675675676 0.06129774135691574
2 7.694694694694695 0.06070557879200911
2 7.713713713713714 0.06011831436780448
2 7.7327327327327335 0.059535921689633495
2 7.751751751751752 0.05895837424802437
2 7.770770770770771 0.05838564542468007
2 7.789789789789791 0.057817708498365546
2 7.808808808808809 0.05725453665070415
2 7.827827827827829 0.05669610297188366
2 7.846846846846847 0.05614238046627267
2 7.8658658658658664 0.055593342057946984
2 7.884884884884886 0.05504896059612735
2 7.903903903903904 0.0545092088605282
2 7.922922922922924 0.05397405956661818
2 7.941941941941942 0.0534434853707932
2 7.9609609609609615 0.05291745887546181
2 7.979979979979981 0.052395952634044285
2 7.998998998998999 0.05187893915588525
2 8.018018018018019 0.05136639091108046
2 8.037037037037038 0.05085828033521905
2 8.056056056056057 0.050354579834040625
2 8.075075075075077 0.0498552617880088
2 8.094094094094094 0.04936029855680129
2 8.113113113113114 0.0488696624837171
2 8.132132132132133 0.048383325900002105
2 8.15115115115115 0.047901261129092626
2 8.17017017017017 0.04742344049077836
2 8.18918918918919 0.04694983630528552
2 8.208208208208209 0.046480420897280016
2 8.227227227227228 0.04601516659979211
2 8.246246246246248 0.04555404575806289
2 8.265265265265267 0.04509703073331344
2 8.284284284284285 0.044644093906437234
2 8.303303303303304 0.044195207681616465
2 8.322322322322323 0.04375034448986345
2 8.34134134134134 0.04330947679248723
2 8.36036036036036 0.04287257708448632
2 8.37937937937938 0.04243961789786887
2 8.398398398398399 0.04201057180489998
2 8.417417417417418 0.04158541142127792
2 8.436436436436438 0.04116410940923931
2 8.455455455455457 0.04074663848059442
2 8.474474474474475 0.04033297139969323
2 8.493493493493494 0.039923080986322815
2 8.512512512512513 0.039516940118537444
2 8.531531531531531 0.039114521735421334
2 8.55055055055055 0.038715798839785404
2 8.56956956956957 0.038320744500798865
2 8.588588588588589 0.03792933185655593
2 8.607607607607608 0.037541534116578866
2 8.626626626626628 0.03715732456425808
2 8.645645645645647 0.03677667655922992
2 8.664664664664667 0.03639956353969299
2 8.683683683683684 0.036025959024663955
2 8.702702702702704 0.03565583661617326
2 8.721721721721721 0.03528917000140211
2 8.74074074074074 0.034925932954760694
2 8.75975975975976 0.034566099339909354
2 8.77877877877878 0.03420964311172271
2 8.797797797797799 0.03385653831819797
2 8.816816816816818 0.03350675910230803
2 8.835835835835837 0.03316027970380014
2 8.854854854854857 0.03281707446094108
2 8.873873873873874 0.03247711781220938
2 8.892892892892894 0.03214038429793535
2 8.911911911911913 0.03180684856189012
2 8.93093093093093 0.03147648535282385
2 8.94994994994995 0.031149269525954117
2 8.96896896896897 0.030825176044405544
2 8.987987987987989 0.030504179980600912
2 9.007007007007008 0.030186256517604728
2 9.026026026026027 0.02987138095042016
2 9.045045045045045 0.02955952868723978
2 9.064064064064064 0.029250675250650955
2 9.083083083083084 0.028944796278796852
2 9.102102102102103 0.028641867526493347
2 9.121121121121122 0.028341864866302923
2 9.14014014014014 0.028044764289566114
2 9.15915915915916 0.027750541907391117
2 9.178178178178179 0.027459173951602644
2 9.197197197197198 0.0271706367756502
2 9.216216216216218 0.026884906855476877
2 9.235235235235235 0.026601960790349218
2 9.254254254254255 0.026321775303648688
2 9.273273273273274 0.026044327243625834
2 9.292292292292293 0.025769593584117328
2 9.311311311311313 0.02549755142522682
2 9.33033033033033 0.025228177993970306
2 9.34934934934935 0.024961450644886397
2 9.368368368368369 0.024697346860612535
2 9.387387387387388 0.024435844252427428
2 9.406406406406408 0.024176920560760488
2 9.425425425425425 0.02392055365566897
2 9.444444444444445 0.023666721537283216
2 9.463463463463464 0.023415402336221004
2 9.482482482482483 0.023166574313971143
2 9.501501501501503 0.022920215863247242
2 9.52052052052052 0.022676305508312147
2 9.53953953953954 0.02243482190527356
2 9.558558558558559 0.0221957438423517
2 9.577577577577578 0.021959050240119127
2 9.596596596596598 0.021724720151713728
2 9.615615615615617 0.021492732763025192
2 9.634634634634635 0.02126306739285561
2 9.653653653653654 0.02103570349305461
2 9.672672672672673 0.020810620648629975
2 9.691691691691693 0.020587798577833674
2 9.710710710710712 0.02036721713222434
2 9.72972972972973 0.020148856296706492
2 9.74874874874875 0.019932696189546975
2 9.767767767767769 0.019718717062369388
2 9.786786786786788 0.019506899300126643
2 9.805805805805807 0.019297223421052407
2 9.824824824824825 0.019089670076591875
2 9.843843843843844 0.01888422005131217
2 9.862862862862864 0.01868085426279324
2 9.881881881881883 0.01847955376149924
2 9.900900900900902 0.018280299730631236
2 9.91991991991992 0.01808307348596151
2 9.93893893893894 0.017887856475649885
2 9.957957957957959 0.017694630280042766
2 9.976976976976978 0.017503376611454957
2 9.995995995995997 0.017314077313934972
2 10.015015015015015 0.017126714363014172
2 10.034034034034034 0.01694126986544005
2 10.053053053053054 0.01675772605889434
2 10.072072072072073 0.016576065311696028
2 10.091091091091092 0.016396270122489866
2 10.11011011011011 0.016218323119920792
2 10.12912912912913 0.016042207062294412
2 10.148148148148149 0.01586790483722437
2 10.167167167167168 0.015695399461266444
2 10.186186186186188 0.01552467407954015
2 10.205205205205205 0.015355711965338024
2 10.224224224224224 0.015188496519722906
2 10.243243243243244 0.01502301127111383
2 10.262262262262263 0.01485923987486049
2 10.281281281281283 0.014697166112806937
2 10.3003003003003 0.014536773892844666
2 10.31931931931932 0.014378047248455443
2 10.338338338338339 0.014220970338244357
2 10.357357357357358 0.014065527445463112
2 10.376376376376378 0.013911702977524145
2 10.395395395395397 0.01375948146550572
2 10.414414414414415 0.013608847563648396
2 10.433433433433434 0.013459786048843006
2 10.452452452452453 0.013312281820110702
2 10.471471471471473 0.013166319898075077
2 10.490490490490492 0.013021885424426767
2 10.50950950950951 0.012878963661380863
2 10.528528528528529 0.012737539991127225
2 10.547547547547548 0.01259759991527423
2 10.566566566566568 0.01245912905428591
2 10.585585585585587 0.012322113146912969
2 10.604604604604605 0.012186538049617801
2 10.623623623623624 0.012052389735993771
2 10.642642642642643 0.011919654296179126
2 10.661661661661663 0.01178831793626553
2 10.680680680680682 0.011658366977701675
2 10.6996996996997 0.01152978785669208
2 10.71871871871872 0.011402567123591301
2 10.737737737737739 0.011276691442293874
2 10.756756756756758 0.011152147589620036
2 10.775775775775777 0.011028922454697578
2 10.794794794794795 0.010907003038339956
2 10.813813813813814 0.010786376452420842
2 10.832832832832834 0.01066702991924546
2 10.851851851851853 0.01054895077091867
2 10.870870870870872 0.010432126448710173
2 10.88988988988989 0.01031654450241693
2 10.90890890890891 0.01020219258972298
2 10.927927927927929 0.01008905847555692
2 10.946946946946948 0.009977130031447077
2 10.965965965965967 0.009866395234874635
2 10.984984984984985 0.009756842168624897
2 11.004004004004004 0.009648459020136706
2 11.023023023023024 0.009541234080850433
2 11.042042042042043 0.00943515574555441
2 11.061061061061062 0.009330212511730124
2 11.08008008008008 0.0092263929788963
2 11.0990990990991 0.009123685847951939
2 11.118118118118119 0.009022079920518586
2 11.137137137137138 0.008921564098281818
2 11.156156156156158 0.008822127382332186
2 11.175175175175177 0.008723758872505696
2 11.194194194194194 0.00862644776672398
2 11.213213213213214 0.008530183360334245
2 11.232232232232233 0.008434955045449203
2 11.251251251251253 0.008340752310286983
2 11.270270270270272 0.00824756473851123
2 11.28928928928929 0.008155382008571478
2 11.308308308308309 0.00806419389304387
2 11.327327327327328 0.007973990257972439
2 11.346346346346348 0.007884761062210898
2 11.365365365365367 0.007796496356765166
2 11.384384384384385 0.007709186284136688
2 11.403403403403404 0.007622821077666602
2 11.422422422422423 0.007537391060880966
2 11.441441441441443 0.007452886646836968
2 11.460460460460462 0.007369298337470358
2 11.47947947947948 0.007286616722944106
2 11.498498498498499 0.007204832480998369
2 11.517517517517518 0.00712393637630193
2 11.536536536536538 0.007043919259805064
2 11.555555555555557 0.006964772068094013
2 11.574574574574575 0.00688648582274709
2 11.593593593593594 0.0068090516296924735
2 11.612612612612613 0.006732460678567854
2 11.631631631631633 0.0066567042420818635
2 11.650650650650652 0.0065817736753774675
2 11.66966966966967 0.00650766041539733
2 11.68868868868869 0.006434355980251196
2 11.707707707707709 0.006361851968585449
2 11.726726726726728 0.00629014005895476
2 11.745745745745747 0.006219212009196007
2 11.764764764764765 0.0061490596558044465
2 11.783783783783784 0.0060796749133121995
2 11.802802802802804 0.006011049773669173
2 11.821821821821823 0.0059431763056263485
2 11.840840840840842 0.00587604665412158
2 11.85985985985986 0.005809653039667907
2 11.87887887887888 0.005743987757744411
2 11.897897897897899 0.005679043178189742
2 11.916916916916918 0.005614811744598227
2 11.935935935935937 0.005551285973718701
2 11.954954954954957 0.005488458454856067
2 11.973973973973974 0.005426321849275614
2 11.992992992992994 0.005364868889610116
2 12.012012012012013 0.005304092379269815
2 12.031031031031032 0.005243985191855209
2 12.050050050050052 0.00518454027057278
2 12.06906906906907 0.005125750627653625
2 12.088088088088089 0.005067609343775032
2 12.107107107107108 0.0050101095674850845
2 12.126126126126128 0.0049532445146302185
2 12.145145145145147 0.004897007467785838
2 12.164164164164164 0.0048413917756899875
2 12.183183183183184 0.004786390852680073
2 12.202202202202203 0.004731998178132734
2 12.221221221221223 0.0046782072959067784
2 12.240240240240242 0.004625011813789292
2 12.25925925925926 0.004572405402944887
2 12.278278278278279 0.004520381797368106
2 12.297297297297298 0.00446893479333906
2 12.316316316316318 0.004418058248882225
2 12.335335335335337 0.004367746083228463
2 12.354354354354355 0.004317992276280297
2 12.373373373373374 0.0042687908680803755
2 12.392392392392393 0.0042201359582832556
2 12.411411411411413 0.00417202170563039
2 12.430430430430432 0.004124442327428411
2 12.44944944944945 0.004077392099030697
2 12.468468468468469 0.004030865353322195
2 12.487487487487488 0.003984856480207591
2 12.506506506506508 0.003939359926102727
2 12.525525525525527 0.0038943701934293505
2 12.544544544544545 0.00384988184011317
2 12.563563563563564 0.0038058894790852006
2 12.582582582582583 0.003762387777786474
2 12.601601601601603 0.0037193714576760164
2 12.620620620620622 0.0036768352937421728
2 12.63963963963964 0.0036347741140172513
2 12.65865865865866 0.0035931827990954646
2 12.677677677677679 0.0035520562816542377
2 12.696696696696698 0.003511389545978793
2 12.715715715715717 0.003471177627490073
2 12.734734734734735 0.0034314156122759796
2 12.753753753753754 0.003392098636625914
2 12.772772772772774 0.0033532218865686522
2 12.791791791791793 0.0033147805974135082
2 12.810810810810812 0.0032767700532948
2 12.829829829829832 0.003239185586719623
2 12.84884884884885 0.0032020225781189174
2 12.867867867867869 0.0031652764554018
2 12.886886886886888 0.00312894269351322
2 12.905905905905907 0.0030930168139948473
2 12.924924924924927 0.0030574943845492544
2 12.943943943943944 0.0030223710186073507
2 12.962962962962964 0.0029876423748990536
2 12.981981981981983 0.002953304157027246
2 13.001001001001002 0.002919352113044924
2 13.020020020020022 0.0028857820350355968
2 13.03903903903904 0.002852589758696898
2 13.058058058058059 0.002819771162927397
2 13.077077077077078 0.0027873221694166284
2 13.096096096096097 0.002755238742238288
2 13.115115115115117 0.0027235168874466167
2 13.134134134134134 0.0026921526526759473
2 13.153153153153154 0.0026611421267433975
2 13.172172172172173 0.002630481439254727
2 13.191191191191193 0.0026001667602133104
2 13.210210210210212 0.0025701942996322258
2 13.22922922922923 0.0025405603071494633
2 13.248248248248249 0.0025112610716462114
2 13.267267267267268 0.002482292920868248
2 13.286286286286288 0.002453652221050376
2 13.305305305305307 0.002425335376543928
2 13.324324324324325 0.0023973388294473096
2 13.343343343343344 0.0023696590592395604
2 13.362362362362363 0.0023422925824169534
2 13.381381381381383 0.0023152359521325695
2 13.400400400400402 0.0022884857578388687
2 13.41941941941942 0.0022620386249332337
2 13.438438438438439 0.00223589121440646
2 13.457457457457458 0.002210040222494207
2 13.476476476476478 0.002184482380331357
2 13.495495495495497 0.0021592144536092955
2 13.514514514514515 0.002134233242236088
2 13.533533533533534 0.0021095355799995276
2 13.552552552552553 0.002085118334233073
2 13.571571571571573 0.002060978405484608
2 13.590590590590592 0.0020371127271880556
2 13.609609609609612 0.0020135182653378014
2 13.62862862862863 0.0019901920181659284
2 13.647647647647648 0.0019671310158222203
2 13.666666666666668 0.0019443323200569653
2 13.685685685685687 0.0019217930239064885
2 13.704704704704707 0.0018995102513814344
2 13.723723723723724 0.0018774811571577721
2 13.742742742742744 0.0018557029262704966
2 13.761761761761763 0.0018341727738100382
2 13.780780780780782 0.0018128879446213258
2 13.799799799799802 0.0017918457130055164
2 13.81881881881882 0.0017710433824243653
2 13.837837837837839 0.0017504782852072072
2 13.856856856856858 0.0017301477822605654
2 13.875875875875877 0.0017100492627803306
2 13.894894894894897 0.0016901801439665226
2 13.913913913913914 0.0016705378707406072
2 13.932932932932934 0.0016511199154653439
2 13.951951951951953 0.001631923777667175
2 13.970970970970972 0.0016129469837611007
2 13.989989989989992 0.0015941870867780543
2 14.00900900900901 0.001575641666094746
2 14.028028028028029 0.0015573083271659576
2 14.047047047047048 0.0015391847012592873
2 14.066066066066067 0.0015212684451923041
2 14.085085085085087 0.0015035572410721121
2 14.104104104104104 0.0014860487960373012
2 14.123123123123124 0.0014687408420022642
2 14.142142142142143 0.001451631135403881
2 14.161161161161163 0.0014347174569505254
2 14.180180180180182 0.0014179976113733986
2 14.1991991991992 0.001401469427180168
2 14.218218218218219 0.001385130756410885
2 14.237237237237238 0.0013689794743961849
2 14.256256256256258 0.0013530134795177295
2 14.275275275275277 0.0013372306929708918
2 14.294294294294295 0.0013216290585296594
2 14.313313313313314 0.0013062065423137357
2 14.332332332332333 0.0012909611325578436
2 14.351351351351353 0.0012758908393831821
2 14.370370370370372 0.0012609936945710452
2 14.38938938938939 0.0012462677513385796
2 14.408408408408409 0.001231711084116655
2 14.427427427427428 0.001217321788329852
2 14.446446446446448 0.0012030979801785284
2 14.465465465465467 0.0011890377964229593
2 14.484484484484486 0.0011751393941695366
2 14.503503503503504 0.001161400950659006
2 14.522522522522523 0.0011478206630567242
2 14.541541541541543 0.0011343967482449345
2 14.560560560560562 0.0011211274426170222
2 14.579579579579582 0.0011080110018737534
2 14.598598598598599 0.0010950457008214723
2 14.617617617617618 0.0010822298331722357
2 14.636636636636638 0.0010695617113458927
2 14.655655655655657 0.0010570396662740592
2 14.674674674674677 0.0010446620472060013
2 14.693693693693694 0.0010324272215163968
2 14.712712712712714 0.0010203335745149593
2 14.731731731731733 0.001008379509257924
2 14.750750750750752 0.0009965634463613585
2 14.769769769769772 0.0009848838238162988
2 14.78878878878879 0.0009733390968056922
2 14.807807807807809 0.0009619277375231241
2 14.826826826826828 0.0009506482349933309
2 14.845845845845847 0.0009394990948944636
2 14.864864864864867 0.0009284788393821007
2 14.883883883883884 0.0009175860069149932
2 14.902902902902904 0.0009068191520825208
2 14.921921921921923 0.0008961768454338587
2 14.940940940940942 0.0008856576733088214
2 14.959959959959962 0.0008752602376703862
2 14.97897897897898 0.000864983155938871
2 14.997997997997999 0.0008548250608277551
2 15.017017017017018 0.0008447846001811366
2 15.036036036036037 0.000834860436812797
2 15.055055055055057 0.0008250512483468721
2 15.074074074074074 0.0008153557270601097
2 15.093093093093094 0.0008057725797256973
2 15.112112112112113 0.000796300527458658
2 15.131131131131133 0.0007869383055627836
2 15.150150150150152 0.0007776846633791064
2 15.16916916916917 0.0007685383641358872
2 15.188188188188189 0.0007594981848001063
2 15.207207207207208 0.0007505629159304554
2 15.226226226226228 0.0007417313615317989
2 15.245245245245247 0.0007330023389111065
2 15.264264264264266 0.0007243746785348358
2 15.283283283283284 0.0007158472238877561
2 15.302302302302303 0.0007074188313331963
2 15.321321321321323 0.0006990883699747116
2 15.340340340340342 0.0006908547215191456
2 15.359359359359361 0.0006827167801410837
2 15.378378378378379 0.000674673452348682
2 15.397397397397398 0.000666723656850857
2 15.416416416416418 0.0006588663244258316
2 15.435435435435437 0.0006511003977910129
2 15.454454454454456 0.0006434248314742006
2 15.473473473473474 0.0006358385916861092
2 15.492492492492493 0.0006283406561941869
2 15.511511511511513 0.000620930014197734
2 15.530530530530532 0.0006136056662042903
2 15.549549549549551 0.0006063666239072938
2 15.568568568568569 0.0005992119100649921
2 15.587587587587588 0.000592140558380595
2 15.606606606606608 0.0005851516133836637
2 15.625625625625627 0.0005782441303127141
2 15.644644644644647 0.0005714171749990311
2 15.663663663663664 0.0005646698237516801
2 15.682682682682684 0.0005580011632437017
2 15.701701701701703 0.0005514102903994859
2 15.720720720720722 0.0005448963122833063
2 15.739739739739742 0.000538458345989007
2 15.75875875875876 0.0005320955185308335
2 15.777777777777779 0.0005258069667353909
2 15.796796796796798 0.0005195918371347281
2 15.815815815815817 0.000513449285860525
2 15.834834834834837 0.0005073784785393842
2 15.853853853853854 0.000501378590189208
2 15.872872872872874 0.0004954488051166533
2 15.891891891891893 0.0004895883168156583
2 15.910910910910912 0.00048379632786702296
2 15.929929929929932 0.0004780720498390377
2 15.94894894894895 0.0004724147031891514
2 15.967967967967969 0.000466823517166663
2 15.986986986986988 0.00046129772971643663
2 16.006006006006007 0.0004558365873836187
2 16.025025025025027 0.0004504393452193559
2 16.044044044044046 0.0004451052666875011
2 16.063063063063062 0.0004398336235722986
2 16.08208208208208 0.0004346236958870341
2 16.1011011011011 0.00042947477178365386
2 16.12012012012012 0.000424386147463325
2 16.13913913913914 0.00041935712708794176
2 16.15815815815816 0.0004143870226925622
2 16.177177177177178 0.0004094751540987687
2 16.196196196196198 0.0004046208488289418
2 16.215215215215217 0.00039982344202143865
2 16.234234234234236 0.0003950822763466679
2 16.253253253253256 0.0003903967019240518
2 16.272272272272275 0.00038576607623986637
2 16.291291291291294 0.00038118976406595144
2 16.310310310310314 0.00037666713737928185
2 16.329329329329333 0.0003721975752823918
2 16.34834834834835 0.00036778046392464323
2 16.36736736736737 0.0003634151964243271
2 16.386386386386388 0.00035910117279159946
2 16.405405405405407 0.00035483779985222925
2 16.424424424424426 0.0003506244911721609
2 16.443443443443442 0.00034646066698288053
2 16.46246246246246 0.0003423457541075729
2 16.48148148148148 0.0003382791858880734
2 16.5005005005005 0.0003342604021125914
2 16.51951951951952 0.0003302888489442093
2 16.53853853853854 0.000326363978850144
2 16.55755755755756 0.0003224852505317651
2 16.576576576576578 0.0003186521288553608
2 16.595595595595597 0.00031486408478364526
2 16.614614614614617 0.0003111205953079994
2 16.633633633633636 0.0003074211433814375
2 16.652652652652655 0.00030376521785229285
2 16.671671671671675 0.0003001523133986144
2 16.690690690690694 0.0002965819304632685
2 16.709709709709713 0.00029305357518973714
2 16.72872872872873 0.000289566759358607
2 16.74774774774775 0.0002861210003247387
2 16.766766766766768 0.0002827158209551181
2 16.785785785785787 0.00027935074956737127
2 16.804804804804807 0.00027602531986894416
2 16.823823823823826 0.000272739070896938
2 16.842842842842842 0.00026949154695859393
2 16.86186186186186 0.0002662822975724176
2 16.88088088088088 0.0002631108774099447
2 16.8998998998999 0.0002599768462381307
2 16.91891891891892 0.000256879768862366
2 16.93793793793794 0.0002538192150701067
2 16.956956956956958 0.0002507947595751166
2 16.975975975975977 0.0002478059819623115
2 16.994994994994997 0.0002448524666332029
2 17.014014014014016 0.00024193380275193166
2 17.033033033033036 0.00023904958419188852
2 17.052052052052055 0.00023619940948291297
2 17.07107107107107 0.00023338288175906645
2 17.09009009009009 0.00023059960870697068
2 17.10910910910911 0.0002278492025147125
2 17.12812812812813 0.00022513127982129946
2 17.147147147147148 0.00022244546166666818
2 17.166166166166168 0.0002197913734422363
2 17.185185185185187 0.0002171686448419935
2 17.204204204204206 0.0002145769098141255
2 17.223223223223226 0.0002120158065131654
2 17.242242242242245 0.0002094849772526676
2 17.261261261261264 0.00020698406845839798
2 17.28028028028028 0.00020451273062203608
2 17.2992992992993 0.00020207061825538089
2 17.31831831831832 0.00019965738984506173
2 17.33733733733734 0.00019727270780774023
2 17.356356356356358 0.00019491623844580472
2 17.375375375375377 0.0001925876519035494
2 17.394394394394396 0.0001902866221238333
2 17.413413413413416 0.00018801282680521488
2 17.432432432432435 0.00018576594735955588
2 17.451451451451454 0.0001835456688700909
2 17.47047047047047 0.00018135168004995735
2 17.48948948948949 0.00017918367320117885
2 17.50850850850851 0.00017704134417410313
2 17.52752752752753 0.00017492439232728215
2 17.546546546546548 0.0001728325204877948
2 17.565565565565567 0.00017076543491200617
2 17.584584584584587 0.00016872284524675865
2 17.603603603603606 0.00016670446449099023
2 17.622622622622625 0.0001647100089577758
2 17.641641641641645 0.0001627391982367866
2 17.66066066066066 0.00016079175515716428
2 17.67967967967968 0.00015886740575080238
2 17.6986986986987 0.00015696587921603693
2 17.71771771771772 0.00015508690788173404
2 17.736736736736738 0.0001532302271717763
2 17.755755755755757 0.000151395575569941
2 17.774774774774777 0.00014958269458516672
2 17.793793793793796 0.00014779132871720424
2 17.812812812812815 0.00014602122542264724
2 17.831831831831835 0.00014427213508133913
2 17.85085085085085 0.00014254381096315234
2 17.86986986986987 0.00014083600919513392
2 17.88888888888889 0.0001391484887290184
2 17.90790790790791 0.00013748101130909795
2 17.926926926926928 0.00013583334144045032
2 17.945945945945947 0.00013420524635751895
2 17.964964964964967 0.00013259649599304223
2 17.983983983983986 0.00013100686294732745
2 18.003003003003005 0.00012943612245786644
2 18.022022022022025 0.00012788405236928874
2 18.04104104104104 0.00012635043310364925
2 18.06006006006006 0.000124835047631045
2 18.07907907907908 0.00012333768144056148
2 18.0980980980981 0.00012185812251154003
2 18.117117117117118 0.00012039616128516627
2 18.136136136136138 0.00011895159063637491
2 18.155155155155157 0.00011752420584606766
2 18.174174174174176 0.00011611380457364103
2 18.193193193193196 0.00011472018682982034
2 18.212212212212215 0.00011334315494979708
2 18.231231231231234 0.00011198251356666584
2 18.25025025025025 0.00011063806958515852
2 18.26926926926927 0.00010930963215567017
2 18.28828828828829 0.00010799701264857822
2 18.30730730730731 0.00010670002462884553
2 18.326326326326328 0.00010541848383090957
2 18.345345345345347 0.0001041522081338514
2 18.364364364364366 0.00010290101753684333
2 18.383383383383386 0.00010166473413487078
2 18.402402402402405 0.00010044318209472663
2 18.421421421421424 9.923618763127392e-05
2 18.44044044044044 9.804357898397538e-05
2 18.45945945945946 9.68651863936845e-05
2 18.47847847847848 9.570084207969948e-05
2 18.4974974974975 9.455038021707205e-05
2 18.516516516516518 9.341363691417248e-05
2 18.535535535535537 9.22904501905058e-05
2 18.554554554554556 9.118065995477748e-05
2 18.573573573573576 9.008410798320536e-05
2 18.592592592592595 8.900063789807548e-05
2 18.611611611611615 8.793009514653874e-05
2 18.63063063063063 8.687232697964652e-05
2 18.64964964964965 8.582718243162092e-05
2 18.66866866866867 8.47945122993603e-05
2 18.68768768768769 8.377416912217369e-05
2 18.706706706706708 8.276600716174426e-05
2 18.725725725725727 8.17698823823183e-05
2 18.744744744744747 8.078565243111756e-05
2 18.763763763763766 7.981317661897226e-05
2 18.782782782782785 7.885231590117254e-05
2 18.801801801801805 7.790293285853587e-05
2 18.82082082082082 7.696489167868826e-05
2 18.83983983983984 7.603805813755585e-05
2 18.85885885885886 7.512229958106727e-05
2 18.87787787787788 7.421748490706082e-05
2 18.896896896896898 7.332348454739699e-05
2 18.915915915915917 7.24401704502729e-05
2 18.934934934934937 7.156741606273673e-05
2 18.953953953953956 7.070509631339977e-05
2 18.972972972972975 6.985308759534414e-05
2 18.991991991991995 6.901126774922381e-05
2 19.011011011011014 6.8179516046557e-05
2 19.03003003003003 6.73577131732077e-05
2 19.04904904904905 6.654574121305382e-05
2 19.06806806806807 6.574348363184139e-05
2 19.087087087087088 6.495082526122086e-05
2 19.106106106106107 6.416765228296444e-05
2 19.125125125125127 6.33938522133628e-05
2 19.144144144144146 6.262931388779827e-05
2 19.163163163163166 6.187392744549354e-05
2 19.182182182182185 6.112758431443303e-05
2 19.201201201201204 6.039017719645571e-05
2 19.22022022022022 5.9661600052517145e-05
2 19.23923923923924 5.8941748088118426e-05
2 19.25825825825826 5.8230517738901925e-05
2 19.27727727727728 5.7527806656409393e-05
2 19.296296296296298 5.683351369400269e-05
2 19.315315315315317 5.6147538892944465e-05
2 19.334334334334336 5.546978346863715e-05
2 19.353353353353356 5.48001497970186e-05
2 19.372372372372375 5.41385414011124e-05
2 19.391391391391394 5.348486293773157e-05
2 19.41041041041041 5.28390201843335e-05
2 19.42942942942943 5.220092002602422e-05
2 19.44844844844845 5.1570470442711855e-05
2 19.46746746746747 5.094758049640535e-05
2 19.486486486486488 5.033216031865856e-05
2 19.505505505505507 4.9724121098157374e-05
2 19.524524524524526 4.912337506844843e-05
2 19.543543543543546 4.852983549580794e-05
2 19.562562562562565 4.7943416667248784e-05
2 19.581581581581585 4.7364033878664714e-05
2 19.6006006006006 4.679160342310982e-05
2 19.61961961961962 4.622604257921153e-05
2 19.63863863863864 4.566726959971695e-05
2 19.65765765765766 4.5115203700169014e-05
2 19.676676676676678 4.4569765047712653e-05
2 19.695695695695697 4.403087475002885e-05
2 19.714714714714717 4.349845484439519e-05
2 19.733733733733736 4.297242828687161e-05
2 19.752752752752755 4.2452718941609865e-05
2 19.771771771771775 4.193925157028534e-05
2 19.790790790790794 4.1431951821649896e-05
2 19.80980980980981 4.09307462212044e-05
2 19.82882882882883 4.0435562160989046e-05
2 19.84784784784785 3.99463278894917e-05
2 19.866866866866868 3.946297250167083e-05
2 19.885885885885887 3.898542592909336e-05
2 19.904904904904907 3.851361893018542e-05
2 19.923923923923926 3.804748308059499e-05
2 19.942942942942945 3.758695076366506e-05
2 19.961961961961965 3.713195516101607e-05
2 19.980980980980984 3.668243024323648e-05
2 20.0 3.6238310760680285e-05
