2 1.0 2.7755575607127063e-10
2 1.019019019019019 0.01842411827125077
2 1.038038038038038 0.03572469801576566
2 1.057057057057057 0.051993016920539904
2 1.0760760760760761 0.06731067276070203
2 1.095095095095095 0.08175083262748632
2 1.1141141141141142 0.09537929640347025
2 1.1331331331331331 0.10825540161926292
2 1.1521521521521523 0.12043279565269577
2 1.1711711711711712 0.13196010471272748
2 1.1901901901901901 0.1428815085577508
2 1.2092092092092093 0.153237233693622
2 1.2282282282282282 0.16306399226815163
2 1.2472472472472473 0.17239535095604283
2 1.2662662662662663 0.1812620670389023
2 1.2852852852852852 0.18969237326075158
2 1.3043043043043043 0.19771223324954995
2 1.3233233233233235 0.20534556496103845
2 1.3423423423423424 0.21261443745153757
2 1.3613613613613613 0.2195392485426761
2 1.3803803803803805 0.22613887806774663
2 1.3993993993993994 0.23243082898608158
2 1.4184184184184185 0.23843134964395948
2 1.4374374374374375 0.24415554436248832
2 1.4564564564564564 0.2496174732787384
2 1.4754754754754755 0.25483024054196535
2 1.4944944944944947 0.2598060751376621
2 1.5135135135135136 0.2645564032388161
2 1.5325325325325325 0.2690919125625713
2 1.5515515515515514 0.27342261184110594
2 1.5705705705705706 0.2775578837699023
2 1.5895895895895897 0.2815065333041418
2 1.6086086086086087 0.28527683278696025
2 1.6276276276276276 0.2888765603990318
2 1.6466466466466467 0.29231303819022314
2 1.6656656656656659 0.2955931642287129
2 1.6846846846846848 0.2987234435931533
2 1.7037037037037037 0.30171001559598737
2 1.7227227227227226 0.30455868024530547
2 1.7417417417417418 0.30727492174271714
2 1.760760760760761 0.30986392877495267
2 1.7797797797797799 0.31233061478305674
2 1.7987987987987988 0.3146796370398738
2 1.817817817817818 0.3169154126503227
2 1.8368368368368369 0.31904213365134393
2 1.855855855855856 0.32106378300630484
2 1.874874874874875 0.3229841452990062
2 1.8938938938938938 0.32480682156887697
2 1.912912912912913 0.32653523922859584
2 1.9319319319319321 0.32817266188079564
2 1.950950950950951 0.3297222016610376
2 1.96996996996997 0.3311868256660349
2 1.9889889889889891 0.33256936544944526
2 2.008008008008008 0.33387252575383425
2 2.027027027027027 0.33509889006976024
2 2.046046046046046 0.3362509284603757
2 2.065065065065065 0.3373310045882977
2 2.0840840840840844 0.33834137993107255
2 2.103103103103103 0.3392842211301268
2 2.1221221221221223 0.34016160389731787
2 2.141141141141141 0.34097551858530123
2 2.16016016016016 0.341727874574971
2 2.1791791791791795 0.34242050421973896
2 2.1981981981981984 0.34305516707181016
2 2.2172172172172173 0.34363355448099286
2 2.2362362362362362 0.34415729156518476
2 2.255255255255255 0.34462794139632036
2 2.2742742742742745 0.34504700843918384
2 2.2932932932932935 0.3454159407375334
2 2.3123123123123124 0.34573613297833783
2 2.3313313313313317 0.3460089293193565
2 2.3503503503503502 0.3462356255584752
2 2.3693693693693696 0.3464174717908024
2 2.3883883883883885 0.34655567393854386
2 2.4074074074074074 0.34665139648421534
2 2.426426426426427 0.3467057639228933
2 2.4454454454454453 0.34671986319917375
2 2.4644644644644647 0.34669474471661615
2 2.4834834834834836 0.3466314244573494
2 2.5025025025025025 0.34653088563002626
2 2.521521521521522 0.3463940794684116
2 2.5405405405405403 0.34622192750913877
2 2.5595595595595597 0.34601532254344336
2 2.5785785785785786 0.34577512945640165
2 2.5975975975975976 0.34550218688626794
2 2.616616616616617 0.34519730872873006
2 2.635635635635636 0.3448612840605284
2 2.6546546546546548 0.3444948793171654
2 2.6736736736736737 0.3440988383434817
2 2.6926926926926926 0.3436738841109167
2 2.711711711711712 0.343220719223191
2 2.730730730730731 0.34274002637583867
2 2.74974974974975 0.3422324700676744
2 2.768768768768769 0.34169869630224703
2 2.7877877877877877 0.3411393340320679
2 2.806806806806807 0.34055499578352655
2 2.825825825825826 0.33994627773636377
2 2.844844844844845 0.3393137609695536
2 2.8638638638638643 0.33865801186786837
2 2.8828828828828827 0.33797958247963683
2 2.901901901901902 0.3372790117245872
2 2.920920920920921 0.3365568244657104
2 2.93993993993994 0.33581353387934526
2 2.9589589589589593 0.33504964025066525
2 2.9779779779779783 0.3342656327792315
2 2.996996996996997 0.33346198874570393
2 3.016016016016016 0.332639175159964
2 3.035035035035035 0.3317976478227113
2 3.0540540540540544 0.3309378531182224
2 3.0730730730730733 0.3300602270295652
2 3.0920920920920922 0.32916519690078877
2 3.111111111111111 0.3282531800944353
2 3.13013013013013 0.3273245856253744
2 3.1491491491491495 0.326379813734049
2 3.1681681681681684 0.32541925703204116
2 3.1871871871871873 0.3244432995637557
2 3.206206206206206 0.32345231806740615
2 3.2252252252252256 0.32244668135968624
2 3.2442442442442445 0.32142675163539464
2 3.2632632632632634 0.32039288388331816
2 3.2822822822822824 0.3193454262566104
2 3.3013013013013013 0.31828472065247826
2 3.3203203203203207 0.31721110204539926
2 3.3393393393393396 0.3161248997839921
2 3.3583583583583585 0.3150264370901613
2 3.3773773773773774 0.31391603165258386
2 3.396396396396397 0.312793995014261
2 3.4154154154154157 0.31166063385591575
2 3.4344344344344346 0.3105162488752677
2 3.4534534534534536 0.309361136128498
2 3.4724724724724725 0.30819558689100873
2 3.491491491491492 0.30701988680333425
2 3.5105105105105108 0.30583431754389034
2 3.5295295295295297 0.30463915537020564
2 3.5485485485485486 0.3034346729954206
2 3.567567567567568 0.30222113811629503
2 3.586586586586587 0.30099881425913283
2 3.605605605605606 0.2997679610815487
2 3.6246246246246248 0.29852883364954863
2 3.6436436436436437 0.29728168368053554
2 3.662662662662663 0.2960267587533737
2 3.681681681681682 0.2947643028363984
2 3.700700700700701 0.2934945559046527
2 3.71971971971972 0.29221775452366877
2 3.738738738738739 0.2909341317453166
2 3.757757757757758 0.2896439173899558
2 3.776776776776777 0.2883473377801432
2 3.795795795795796 0.287044615614872
2 3.814814814814815 0.2857359706075292
2 3.8338338338338342 0.28442161977954333
2 3.852852852852853 0.2831017762636962
2 3.871871871871872 0.28177665075883024
2 3.890890890890891 0.2804464508178506
2 3.90990990990991 0.2791113808796763
2 3.9289289289289293 0.2777716427857156
2 3.9479479479479482 0.27642743535897757
2 3.966966966966967 0.27507895504996743
2 3.985985985985986 0.2737263950763752
2 4.005005005005005 0.27236994622212496
2 4.024024024024024 0.2710097966699815
2 4.043043043043044 0.269646132135601
2 4.062062062062062 0.26827913557768424
2 4.081081081081081 0.2669089876265236
2 4.1001001001001 0.2655358663011509
2 4.119119119119119 0.26415994727216074
2 4.138138138138139 0.2627814039628764
2 4.157157157157157 0.2614004070616691
2 4.176176176176177 0.26001712527426035
2 4.195195195195195 0.2586317249432018
2 4.2142142142142145 0.25724437009940987
2 4.233233233233234 0.25585522250127857
2 4.252252252252252 0.25446444182182504
2 4.271271271271272 0.2530721854114702
2 4.29029029029029 0.25167860863522595
2 4.3093093093093096 0.2502838644615868
2 4.328328328328329 0.24888810416281573
2 4.347347347347347 0.24749147658971143
2 4.366366366366367 0.24609412854287332
2 4.385385385385385 0.24469620506068268
2 4.404404404404405 0.24329784899017806
2 4.423423423423424 0.24189920114762672
2 4.442442442442443 0.24050040036261774
2 4.461461461461462 0.2391015835869565
2 4.48048048048048 0.23770288580539767
2 4.4994994994995 0.23630444021148414
2 4.518518518518519 0.23490637801128997
2 4.537537537537538 0.2335088283251615
2 4.556556556556557 0.2321119186263433
2 4.575575575575575 0.23071577455622877
2 4.594594594594595 0.22932051979767062
2 4.613613613613614 0.22792627636046756
2 4.6326326326326335 0.22653316428463735
2 4.651651651651652 0.22514130202138755
2 4.67067067067067 0.22375080587837798
2 4.68968968968969 0.22236179077909132
2 4.708708708708709 0.22097436980526666
2 4.7277277277277285 0.2195886542583713
2 4.746746746746747 0.21820475359750396
2 4.7657657657657655 0.21682277584061443
2 4.784784784784785 0.2154428270639012
2 4.803803803803804 0.21406501176564982
2 4.822822822822824 0.21268943286766023
2 4.841841841841842 0.21131619123555032
2 4.8608608608608606 0.20994538674614618
2 4.87987987987988 0.20857711694215042
2 4.898898898898899 0.20721147821566446
2 4.917917917917919 0.20584856524779682
2 4.936936936936937 0.20448847085097582
2 4.9559559559559565 0.20313128670316175
2 4.974974974974975 0.20177710238985472
2 4.993993993993994 0.2004260063869799
2 5.013013013013014 0.19908272614288963
2 5.032032032032032 0.19776124855647728
2 5.051051051051052 0.19646208602659718
2 5.07007007007007 0.19518424690520972
2 5.089089089089089 0.1939276506426837
2 5.108108108108109 0.19269155831367346
2 5.127127127127127 0.19147581262595448
2 5.146146146146147 0.19027825141677374
2 5.165165165165165 0.1891009938909662
2 5.1841841841841845 0.1879416430275201
2 5.203203203203204 0.18679976614520594
2 5.222222222222222 0.18567524441619865
2 5.241241241241242 0.1845678656328006
2 5.26026026026026 0.18347732337646988
2 5.2792792792792795 0.1824032162749531
2 5.298298298298299 0.18134504733833795
2 5.317317317317317 0.18030222336359586
2 5.336336336336337 0.17927405439597505
2 5.355355355355356 0.17825975323439042
2 5.374374374374375 0.17725943792837076
2 5.393393393393394 0.17627585047310862
2 5.412412412412412 0.17530443130567716
2 5.431431431431432 0.17434408322862874
2 5.450450450450451 0.1734004921300743
2 5.46946946946947 0.1724681551869453
2 5.488488488488489 0.17154570913271946
2 5.5075075075075075 0.1706402690578411
2 5.526526526526527 0.16974222347211274
2 5.545545545545546 0.168859179347401
2 5.564564564564565 0.16798532963244836
2 5.583583583583584 0.1671234633790907
2 5.602602602602603 0.16627226673620174
2 5.621621621621622 0.1654315263098511
2 5.640640640640641 0.16460129541923185
2 5.65965965965966 0.16378160610211479
2 5.678678678678679 0.16297051194471227
2 5.6976976976976985 0.16217177836562796
2 5.716716716716717 0.16137785284952683
2 5.735735735735736 0.16059996098357918
2 5.754754754754755 0.15982467814015794
2 5.773773773773774 0.15906391843867415
2 5.792792792792794 0.15830927160596067
2 5.811811811811812 0.15756126575634025
2 5.830830830830831 0.15682710656175708
2 5.84984984984985 0.15609540939370753
2 5.868868868868869 0.15537563962191836
2 5.887887887887889 0.15466418799962584
2 5.906906906906907 0.15395512170792947
2 5.9259259259259265 0.15326080673694545
2 5.944944944944945 0.15257172869137553
2 5.963963963963964 0.15188495546678993
2 5.982982982982984 0.15121316037186175
2 6.002002002002002 0.15054610619046596
2 6.0210210210210215 0.14988127331949255
2 6.04004004004004 0.14922891623268336
2 6.059059059059059 0.14858352436723582
2 6.078078078078079 0.14794026805007765
2 6.097097097097097 0.14730412557267136
2 6.116116116116117 0.14668002621040221
2 6.135135135135136 0.14605797506859913
2 6.1541541541541545 0.1454379730189586
2 6.173173173173174 0.14483150460311478
2 6.192192192192192 0.14423028286991948
2 6.211211211211212 0.14363102140728126
2 6.230230230230231 0.14303372040645487
2 6.2492492492492495 0.14245294136123754
2 6.268268268268269 0.1418740429198209
2 6.287287287287287 0.14129701540469278
2 6.306306306306307 0.14072185846610763
2 6.325325325325326 0.14016265651653315
2 6.344344344344345 0.13960552674124274
2 6.363363363363364 0.13905017797213529
2 6.382382382382382 0.13849660943895423
2 6.401401401401402 0.1379547510551501
2 6.420420420420421 0.13741883963135426
2 6.43943943943944 0.13688461942295665
2 6.458458458458459 0.13635208934231433
2 6.477477477477478 0.13582322298275254
2 6.496496496496497 0.13530798780559025
2 6.515515515515516 0.13479435478271623
2 6.534534534534535 0.13428232259646805
2 6.553553553553554 0.13377188986938393
2 6.572572572572573 0.13326688928060265
2 6.591591591591592 0.1327733140245277
2 6.610610610610611 0.1322812516213343
2 6.62962962962963 0.13179070054771536
2 6.648648648648649 0.1313016592327482
2 6.6676676676676685 0.1308153473858141
2 6.686686686686687 0.13034274156264694
2 6.705705705705706 0.12987156071085693
2 6.724724724724725 0.1294018031815103
2 6.743743743743744 0.12893346728802893
2 6.762762762762764 0.12846655130713686
2 6.781781781781782 0.12800827540819054
2 6.800800800800801 0.12755730951595692
2 6.81981981981982 0.12710768093509117
2 6.838838838838839 0.12665938792522113
2 6.857857857857859 0.1262124287171774
2 6.876876876876877 0.12576680151372438
2 6.8958958958958965 0.1253305294267458
2 6.914914914914916 0.12490039085755188
2 6.933933933933934 0.12447150422120937
2 6.952952952952954 0.12404386774942606
2 6.971971971971972 0.12361747965205006
2 6.9909909909909915 0.12319233811763029
2 7.010010010010011 0.12277199460664354
2 7.029029029029029 0.12236190563208214
2 7.048048048048049 0.12195298592136601
2 7.067067067067067 0.12154523372581513
2 7.086086086086087 0.12113864728028399
2 7.105105105105106 0.12073322480358797
2 7.124124124124124 0.12032896449891783
2 7.143143143143144 0.11993189805957102
2 7.162162162162162 0.11954220780251139
2 7.181181181181182 0.1191536054544479
2 7.200200200200201 0.11876608930859538
2 7.2192192192192195 0.11837965764618355
2 7.238238238238239 0.11799430873676939
2 7.257257257257257 0.11761004083854167
2 7.276276276276277 0.11722936681624191
2 7.295295295295296 0.11685921882188809
2 7.314314314314315 0.11649008073336435
2 7.333333333333334 0.11612195091662492
2 7.352352352352353 0.1157548277289717
2 7.371371371371372 0.11538870951928157
2 7.390390390390391 0.11502359462822788
2 7.40940940940941 0.11465948138849628
2 7.428428428428429 0.11430099074802491
2 7.447447447447448 0.11395051321345485
2 7.466466466466467 0.11360096956082132
2 7.485485485485486 0.11325235824281651
2 7.504504504504505 0.11290467770610331
2 7.523523523523524 0.11255792639147465
2 7.542542542542543 0.11221210273400996
2 7.561561561561562 0.11186720516322697
2 7.580580580580581 0.111523243802247
2 7.5995995995996 0.11119153554198027
2 7.618618618618619 0.11086068894152974
2 7.6376376376376385 0.1105307025561806
2 7.656656656656657 0.11020157493705608
2 7.675675675675676 0.10987330463122931
2 7.694694694694695 0.10954589018183285
2 7.713713713713714 0.10921933012816497
2 7.7327327327327335 0.10889362300579378
2 7.751751751751752 0.10856876734665843
2 7.770770770770771 0.10825546705695248
2 7.789789789789791 0.10794327166245682
2 7.808808808808809 0.10763186686621384
2 7.827827827827829 0.10732125132878143
2 7.846846846846847 0.10701142370803006
2 7.8658658658658664 0.10670238265921729
2 7.884884884884886 0.10639412683506029
2 7.903903903903904 0.10608665488580686
2 7.922922922922924 0.10577996545930493
2 7.941941941941942 0.1054767052449041
2 7.9609609609609615 0.10518225102302453
2 7.979979979979981 0.10488852180419847
2 7.998998998998999 0.10459551636279026
2 8.018018018018019 0.1043032334714089
2 8.037037037037038 0.10401167190095864
2 8.056056056056057 0.10372083042068886
2 8.075075075075077 0.10343070779824237
2 8.094094094094094 0.10314130279970306
2 8.113113113113114 0.10285261418964223
2 8.132132132132133 0.10256464073116428
2 8.15115115115115 0.10228525346432984
2 8.17017017017017 0.10200902304735723
2 8.18918918918919 0.10173345374314612
2 8.208208208208209 0.10145854443753623
2 8.227227227227228 0.10118429401531473
2 8.246246246246248 0.10091070136024935
2 8.265265265265267 0.10063776535512126
2 8.284284284284285 0.10036548488175698
2 8.303303303303304 0.10009385882105981
2 8.322322322322323 0.09982288605304074
2 8.34134134134134 0.09955256545684849
2 8.36036036036036 0.09928722824899198
2 8.37937937937938 0.09902820735062241
2 8.398398398398399 0.09876978791390796
2 8.417417417417418 0.09851196893486348
2 8.436436436436438 0.09825474940890444
2 8.455455455455457 0.09799812833086906
2 8.474474474474475 0.09774210469504015
2 8.493493493493494 0.09748667749516662
2 8.512512512512513 0.09723184572448454
2 8.531531531531531 0.09697760837573802
2 8.55055055055055 0.09672396444119935
2 8.56956956956957 0.09647091291268936
2 8.588588588588589 0.09622014990821665
2 8.607607607607608 0.09597795356490195
2 8.626626626626628 0.09573630219269143
2 8.645645645645647 0.09549519489335921
2 8.664664664664667 0.09525463076838604
2 8.683683683683684 0.09501460891897416
2 8.702702702702704 0.09477512844606184
2 8.721721721721721 0.09453618845033794
2 8.74074074074074 0.09429778803225604
2 8.75975975975976 0.09405992629204854
2 8.77877877877878 0.0938226023297404
2 8.797797797797799 0.0935858152451629
2 8.816816816816818 0.09334956413796693
2 8.835835835835837 0.09311384810763629
2 8.854854854854857 0.09288696046836671
2 8.873873873873874 0.09266161608226935
2 8.892892892892894 0.0924367626370977
2 8.911911911911913 0.09221239933481551
2 8.93093093093093 0.09198852537730427
2 8.94994994994995 0.09176513996637287
2 8.96896896896897 0.09154224230376765
2 8.987987987987989 0.091319831591182
2 9.007007007007008 0.09109790703026592
2 9.026026026026027 0.09087646782263548
2 9.045045045045045 0.09065551316988231
2 9.064064064064064 0.09043504227358265
2 9.083083083083084 0.0902150543353067
2 9.102102102102103 0.08999554855662767
2 9.121121121121122 0.08978060231697464
2 9.14014014014014 0.0895710400440417
2 9.15915915915916 0.08936191888387895
2 9.178178178178179 0.08915323813264081
2 9.197197197197198 0.08894499708652391
2 9.216216216216218 0.08873719504177391
2 9.235235235235235 0.08852983129469229
2 9.254254254254255 0.08832290514164312
2 9.273273273273274 0.08811641587905955
2 9.292292292292293 0.08791036280345058
2 9.311311311311313 0.08770474521140752
2 9.33033033033033 0.0874995623996104
2 9.34934934934935 0.08729481366483433
2 9.368368368368369 0.08709049830395603
2 9.387387387387388 0.08688661561395997
2 9.406406406406408 0.08668316489194468
2 9.425425425425425 0.08648649517333261
2 9.444444444444445 0.08629253545569497
2 9.463463463463464 0.0860989697199606
2 9.482482482482483 0.08590579734986556
2 9.501501501501503 0.08571301772926804
2 9.52052052052052 0.08552063024215345
2 9.53953953953954 0.08532863427263873
2 9.558558558558559 0.08513702920497739
2 9.577577577577578 0.08494581442356385
2 9.596596596596598 0.08475498931293819
2 9.615615615615617 0.08456455325779075
2 9.634634634634635 0.08437450564296653
2 9.653653653653654 0.08418484585346976
2 9.672672672672673 0.0839955732744683
2 9.691691691691693 0.08380668729129817
2 9.710710710710712 0.08361818728946796
2 9.72972972972973 0.08343007265466308
2 9.74874874874875 0.08324707947627266
2 9.767767767767769 0.08306802529073737
2 9.786786786786788 0.08288932140511589
2 9.805805805805807 0.082710967283874
2 9.824824824824825 0.08253296239164308
2 9.843843843843844 0.08235530619322344
2 9.862862862862864 0.08217799815358763
2 9.881881881881883 0.08200103773788385
2 9.900900900900902 0.08182442441143901
2 9.91991991991992 0.08164815763976213
2 9.93893893893894 0.08147223688854746
2 9.957957957957959 0.08129666162367773
2 9.976976976976978 0.08112143131122736
2 9.995995995995997 0.08094654541746554
2 10.015015015015015 0.08077200340885951
2 10.034034034034034 0.08059780475207746
2 10.053053053053054 0.0804239489139919
2 10.072072072072073 0.0802504353616825
2 10.091091091091092 0.08007726356243935
2 10.11011011011011 0.07991059198795343
2 10.12912912912913 0.07974604254492104
2 10.148148148148149 0.07958180262935009
2 10.167167167167168 0.07941787177965305
2 10.186186186186188 0.07925424953442886
2 10.205205205205205 0.07909093543246541
2 10.224224224224224 0.07892792901274165
2 10.243243243243244 0.07876522981443
2 10.262262262262263 0.07860283737689866
2 10.281281281281283 0.07844075123971385
2 10.3003003003003 0.0782789709426421
2 10.31931931931932 0.07811749602565239
2 10.338338338338339 0.07795632602891858
2 10.357357357357358 0.0777954604928215
2 10.376376376376378 0.07763489895795118
2 10.395395395395397 0.0774746409651091
2 10.414414414414415 0.07731468605531032
2 10.433433433433434 0.0771550337697857
2 10.452452452452453 0.07699568364998403
2 10.471471471471473 0.07683663523757425
2 10.490490490490492 0.07667880394722612
2 10.50950950950951 0.07652797081398109
2 10.528528528528529 0.07637740983783378
2 10.547547547547548 0.07622712062422363
2 10.566566566566568 0.0760771027787792
2 10.585585585585587 0.07592735590732014
2 10.604604604604605 0.07577787961585854
2 10.623623623623624 0.0756286735106007
2 10.642642642642643 0.07547973719794861
2 10.661661661661663 0.07533107028450169
2 10.680680680680682 0.07518267237705822
2 10.6996996996997 0.07503454308261698
2 10.71871871871872 0.07488668200837881
2 10.737737737737739 0.07473908876174819
2 10.756756756756758 0.07459176295033469
2 10.775775775775777 0.0744447041819547
2 10.794794794794795 0.07429791206463279
2 10.813813813813814 0.07415138620660323
2 10.832832832832834 0.07400512621631167
2 10.851851851851853 0.07385913170241647
2 10.870870870870872 0.07371340227379025
2 10.88988988988989 0.07356793753952154
2 10.90890890890891 0.07342273710891595
2 10.927927927927929 0.07328029651266918
2 10.946946946946948 0.07314288264363542
2 10.965965965965967 0.07300570615116926
2 10.984984984984985 0.07286876670130138
2 11.004004004004004 0.072732063960245
2 11.023023023023024 0.07259559759439707
2 11.042042042042043 0.07245936727033933
2 11.061061061061062 0.07232337265483939
2 11.08008008008008 0.07218761341485193
2 11.0990990990991 0.07205208921751961
2 11.118118118118119 0.0719167997301743
2 11.137137137137138 0.07178174462033805
2 11.156156156156158 0.0716469235557243
2 11.175175175175177 0.07151233620423877
2 11.194194194194194 0.07137798223398066
2 11.213213213213214 0.07124386131324356
2 11.232232232232233 0.07110997311051664
2 11.251251251251253 0.07097631729448563
2 11.270270270270272 0.07084289353403384
2 11.28928928928929 0.07070970149824321
2 11.308308308308309 0.07057674085639533
2 11.327327327327328 0.07044401127797244
2 11.346346346346348 0.07031151243265847
2 11.365365365365367 0.07017924399034008
2 11.384384384384385 0.07004720562110756
2 11.403403403403404 0.06991622235243224
2 11.422422422422423 0.0697915586465738
2 11.441441441441443 0.06966710057183656
2 11.460460460460462 0.06954284784837646
2 11.47947947947948 0.06941880019651742
2 11.498498498498499 0.06929495733675207
2 11.517517517517518 0.06917131898974253
2 11.536536536536538 0.06904788487632112
2 11.555555555555557 0.06892465471749107
2 11.574574574574575 0.06880162823442726
2 11.593593593593594 0.0686788051484769
2 11.612612612612613 0.06855618518116037
2 11.631631631631633 0.06843376805417178
2 11.650650650650652 0.06831155348937978
2 11.66966966966967 0.0681895412088283
2 11.68868868868869 0.06806773093473704
2 11.707707707707709 0.06794612238950246
2 11.726726726726728 0.06782471529569828
2 11.745745745745747 0.06770350937607625
2 11.764764764764765 0.06758250435356677
2 11.783783783783784 0.06746169995127971
2 11.802802802802804 0.06734109589250487
2 11.821821821821823 0.0672206919007129
2 11.840840840840842 0.06710048769955584
2 11.85985985985986 0.06698048301286778
2 11.87887887887888 0.0668606775646655
2 11.897897897897899 0.06674107107914933
2 11.916916916916918 0.06662166328070354
2 11.935935935935937 0.06650281916873273
2 11.954954954954957 0.06639037443443115
2 11.973973973973974 0.0662781063258705
2 11.992992992992994 0.0661660146112343
2 12.012012012012013 0.06605409905885534
2 12.031031031031032 0.065942359437216
2 12.050050050050052 0.06583079551494883
2 12.06906906906907 0.06571940706083697
2 12.088088088088089 0.06560819384381461
2 12.107107107107108 0.06549715563296754
2 12.126126126126128 0.06538629219753353
2 12.145145145145147 0.06527560330690284
2 12.164164164164164 0.06516508873061871
2 12.183183183183184 0.06505474823837769
2 12.202202202202203 0.0649445816000303
2 12.221221221221223 0.0648345885855813
2 12.240240240240242 0.06472476896519021
2 12.25925925925926 0.06461512250917183
2 12.278278278278279 0.06450564898799654
2 12.297297297297298 0.06439634817229091
2 12.316316316316318 0.064287219832838
2 12.335335335335337 0.06417826374057783
2 12.354354354354355 0.06406947966660799
2 12.373373373373374 0.06396086738218375
2 12.392392392392393 0.06385242665871879
2 12.411411411411413 0.06374415726778548
2 12.430430430430432 0.06363605898111532
2 12.44944944944945 0.06352813157059949
2 12.468468468468469 0.06342037480828898
2 12.487487487487488 0.06331278846639538
2 12.506506506506508 0.06320537231729104
2 12.525525525525527 0.06309812613350954
2 12.544544544544545 0.062995212178297
2 12.563563563563564 0.06289450867495737
2 12.582582582582583 0.06279395536679533
2 12.601601601601603 0.06269355206427506
2 12.620620620620622 0.06259329857798922
2 12.63963963963964 0.062493194718659204
2 12.65865865865866 0.062393240297135485
2 12.677677677677679 0.062293435124397854
2 12.696696696696698 0.0621937790115558
2 12.715715715715717 0.062094271769848726
2 12.734734734734735 0.06199491321064624
2 12.753753753753754 0.06189570314544849
2 12.772772772772774 0.0617966413858864
2 12.791791791791793 0.06169772774372204
2 12.810810810810812 0.06159896203084879
2 12.829829829829832 0.061500344059291695
2 12.84884884884885 0.06140187364120775
2 12.867867867867869 0.06130355058888613
2 12.886886886886888 0.061205374714748545
2 12.905905905905907 0.061107345831349406
2 12.924924924924927 0.061009463751376225
2 12.943943943943944 0.0609117282876498
2 12.962962962962964 0.060814139253124476
2 12.981981981981983 0.060716696460888495
2 13.001001001001002 0.06061939972416419
2 13.020020020020022 0.06052224885630828
2 13.03903903903904 0.06042524367081214
2 13.058058058058059 0.060328383981302046
2 13.077077077077078 0.06023166960153944
2 13.096096096096097 0.060135100345421216
2 13.115115115115117 0.06003867602697994
2 13.134134134134134 0.05994239646038415
2 13.153153153153154 0.05984626145993854
2 13.172172172172173 0.059750270840084316
2 13.191191191191193 0.05965442441539934
2 13.210210210210212 0.059560834571933625
2 13.22922922922923 0.05947113379407674
2 13.248248248248249 0.059381559578776964
2 13.267267267267268 0.0592921117731419
2 13.286286286286288 0.05920279022438616
2 13.305305305305307 0.05911359477983158
2 13.324324324324325 0.05902452528690744
2 13.343343343343344 0.0589355815931505
2 13.362362362362363 0.05884676354620534
2 13.381381381381383 0.05875807099382446
2 13.400400400400402 0.05866950378386844
2 13.41941941941942 0.058581061764306115
2 13.438438438438439 0.05849274478321476
2 13.457457457457458 0.058404552688780274
2 13.476476476476478 0.058316485329297306
2 13.495495495495497 0.05822854255316946
2 13.514514514514515 0.05814072420890945
2 13.533533533533534 0.05805303014513924
2 13.552552552552553 0.05796546021059025
2 13.571571571571573 0.05787801425410349
2 13.590590590590592 0.05779069212462973
2 13.609609609609612 0.057703493671229684
2 13.62862862862863 0.05761641874307413
2 13.647647647647648 0.05752946718944407
2 13.666666666666668 0.057442638859730964
2 13.685685685685687 0.05735593360343677
2 13.704704704704707 0.05726935127017422
2 13.723723723723724 0.05718289170966686
2 13.742742742742744 0.05709655477174927
2 13.761761761761763 0.057010340306367244
2 13.780780780780782 0.05692424816357789
2 13.799799799799802 0.056838278193549786
2 13.81881881881882 0.05675243024656316
2 13.837837837837839 0.05666670417301
2 13.856856856856858 0.056581099823394265
2 13.875875875875877 0.056495617048331954
2 13.894894894894897 0.05641025569855131
2 13.913913913913914 0.056325015624892956
2 13.932932932932934 0.05623989667831003
2 13.951951951951953 0.056154898709868305
2 13.970970970970972 0.05607207149909654
2 13.989989989989992 0.05599282037742906
2 14.00900900900901 0.05591367463264146
2 14.028028028028029 0.05583463414336489
2 14.047047047047048 0.055755698788317105
2 14.066066066066067 0.055676868446302534
2 14.085085085085087 0.055598142996212456
2 14.104104104104104 0.05551952231702506
2 14.123123123123124 0.055441006287805523
2 14.142142142142143 0.05536259478770616
2 14.161161161161163 0.05528428769596646
2 14.180180180180182 0.0552060848919132
2 14.1991991991992 0.05512798625496058
2 14.218218218218219 0.05504999166461026
2 14.237237237237238 0.05497210100045148
2 14.256256256256258 0.054894314142161185
2 14.275275275275277 0.05481663096950403
2 14.294294294294295 0.054739051362332584
2 14.313313313313314 0.05466157520058731
2 14.332332332332333 0.054584202364296716
2 14.351351351351353 0.05450693273357749
2 14.370370370370372 0.05442976618863449
2 14.38938938938939 0.05435270260976088
2 14.408408408408409 0.05427574187733824
2 14.427427427427428 0.05419888387183661
2 14.446446446446448 0.05412212847381462
2 14.465465465465467 0.05404547556391951
2 14.484484484484486 0.05396892502288734
2 14.503503503503504 0.053892476731542925
2 14.522522522522523 0.05381613057080002
2 14.541541541541543 0.05373988642166135
2 14.560560560560562 0.053663744165218775
2 14.579579579579582 0.053587703682653254
2 14.598598598598599 0.05351176485523503
2 14.617617617617618 0.05343592756432366
2 14.636636636636638 0.053360191691368075
2 14.655655655655657 0.05328455711790677
2 14.674674674674677 0.05320902372556771
2 14.693693693693694 0.05313359139606861
2 14.712712712712714 0.05305826001121682
2 14.731731731731733 0.05298302945290955
2 14.750750750750752 0.05290789960313387
2 14.769769769769772 0.05283287034396682
2 14.78878878878879 0.052757941557575454
2 14.807807807807809 0.052683113126216985
2 14.826826826826828 0.052608384932238766
2 14.845845845845847 0.052537572087389704
2 14.864864864864867 0.052468191459352866
2 14.883883883883884 0.05239889738754359
2 14.902902902902904 0.05232968977735503
2 14.921921921921923 0.05226056853424842
2 14.940940940940942 0.052191533563752925
2 14.959959959959962 0.05212258477146583
2 14.97897897897898 0.05205372206305252
2 14.997997997997999 0.05198494534424659
2 15.017017017017018 0.051916254520849796
2 15.036036036036037 0.05184764949873221
2 15.055055055055057 0.05177913018383221
2 15.074074074074074 0.051710696482156565
2 15.093093093093094 0.051642348299780406
2 15.112112112112113 0.05157408554284737
2 15.131131131131133 0.051505908117569596
2 15.150150150150152 0.05143781593022776
2 15.16916916916917 0.051369808887171166
2 15.188188188188189 0.051301886894817725
2 15.207207207207208 0.05123404985965411
2 15.226226226226228 0.05116629768823567
2 15.245245245245247 0.05109863028718658
2 15.264264264264266 0.0510310475631998
2 15.283283283283284 0.05096354942303723
2 15.302302302302303 0.05089613577352959
2 15.321321321321323 0.05082880652157667
2 15.340340340340342 0.05076156157414718
2 15.359359359359361 0.05069440083827893
2 15.378378378378379 0.05062732422107879
2 15.397397397397398 0.05056033162972278
2 15.416416416416418 0.05049342297145607
2 15.435435435435437 0.05042659815359308
2 15.454454454454456 0.05035985708351744
2 15.473473473473474 0.05029319966868213
2 15.492492492492493 0.05022662581660943
2 15.511511511511513 0.050160135434891034
2 15.530530530530532 0.05009372843118801
2 15.549549549549551 0.05002740471323092
2 15.568568568568569 0.04996116418881981
2 15.587587587587588 0.04989500676582427
2 15.606606606606608 0.04982893235218345
2 15.625625625625627 0.04976294085590612
2 15.644644644644647 0.04969703218507072
2 15.663663663663664 0.04963120624782536
2 15.682682682682684 0.04956546295238786
2 15.701701701701703 0.049499802207045834
2 15.720720720720722 0.0494342239201567
2 15.739739739739742 0.04936872800014769
2 15.75875875875876 0.04930331435551591
2 15.777777777777779 0.04923798289482838
2 15.796796796796798 0.04917273352672207
2 15.815815815815817 0.04910756615990394
2 15.834834834834837 0.04904349953058665
2 15.853853853853854 0.048983296462826675
2 15.872872872872874 0.04892316349502007
2 15.891891891891893 0.04886310055487296
2 15.910910910910912 0.04880310757014308
2 15.929929929929932 0.048743184468639775
2 15.94894894894895 0.048683331178224036
2 15.967967967967969 0.0486235476268085
2 15.986986986986988 0.04856383374235748
2 16.006006006006007 0.048504189452887043
2 16.025025025025027 0.04844461468646494
2 16.044044044044046 0.04838510937121067
2 16.063063063063062 0.04832567343529554
2 16.08208208208208 0.0482663068069426
2 16.1011011011011 0.04820700941442673
2 16.12012012012012 0.04814778118607465
2 16.13913913913914 0.048088622050264936
2 16.15815815815816 0.048029531935428034
2 16.177177177177178 0.047970510770046264
2 16.196196196196198 0.047911558482653896
2 16.215215215215217 0.04785267500183711
2 16.234234234234236 0.047793860256234035
2 16.253253253253256 0.04773511417453477
2 16.272272272272275 0.047676436685481445
2 16.291291291291294 0.04761782771786816
2 16.310310310310314 0.04755928720054104
2 16.329329329329333 0.04750081506239829
2 16.34834834834835 0.047442411232390166
2 16.36736736736737 0.04738407563951899
2 16.386386386386388 0.04732580821283922
2 16.405405405405407 0.04726760888145742
2 16.424424424424426 0.04720947757453228
2 16.443443443443442 0.04715141422127467
2 16.46246246246246 0.04709341875094761
2 16.48148148148148 0.04703549109286632
2 16.5005005005005 0.046977631176398235
2 16.51951951951952 0.046919838930963007
2 16.53853853853854 0.046862114286032534
2 16.55755755755756 0.04680445717113095
2 16.576576576576578 0.046746867515834685
2 16.595595595595597 0.046689345249772474
2 16.614614614614617 0.046631890302625295
2 16.633633633633636 0.04657450260412651
2 16.652652652652655 0.04651718208406181
2 16.671671671671675 0.046459928672269196
2 16.690690690690694 0.046402742298639076
2 16.709709709709713 0.04634562289311422
2 16.72872872872873 0.04628857038568981
2 16.74774774774775 0.04623158470641342
2 16.766766766766768 0.046174665785385066
2 16.785785785785787 0.0461178135527572
2 16.804804804804807 0.04606102793873472
2 16.823823823823826 0.04600430887357501
2 16.842842842842842 0.04594765628758792
2 16.86186186186186 0.0458910701111358
2 16.88088088088088 0.04583455027463351
2 16.8998998998999 0.04577809670854844
2 16.91891891891892 0.04572170934340049
2 16.93793793793794 0.04566538810976213
2 16.956956956956958 0.045609132938258384
2 16.975975975975977 0.04555294375956687
2 16.994994994994997 0.045497424079999266
2 17.014014014014016 0.045445813506025945
2 17.033033033033036 0.04539425869286539
2 17.052052052052055 0.045342759586586845
2 17.07107107107107 0.04529131613329739
2 17.09009009009009 0.04523992827914192
2 17.10910910910911 0.04518859597030312
2 17.12812812812813 0.04513731915300156
2 17.147147147147148 0.04508609777349558
2 17.166166166166168 0.04503493177808141
2 17.185185185185187 0.04498382111309313
2 17.204204204204206 0.04493276572490265
2 17.223223223223226 0.04488176555991977
2 17.242242242242245 0.044830820564592144
2 17.261261261261264 0.04477993068540532
2 17.28028028028028 0.04472909586888272
2 17.2992992992993 0.044678316061585656
2 17.31831831831832 0.044627591210113345
2 17.33733733733734 0.044576921261102895
2 17.356356356356358 0.044526306161229344
2 17.375375375375377 0.04447574585720566
2 17.394394394394396 0.04442524029578267
2 17.413413413413416 0.044374789423749186
2 17.432432432432435 0.04432439318793194
2 17.451451451451454 0.0442740515351956
2 17.47047047047047 0.04422376441244281
2 17.48948948948949 0.04417353176661409
2 17.50850850850851 0.04412335354468798
2 17.52752752752753 0.04407322969368098
2 17.546546546546548 0.04402316016064753
2 17.565565565565567 0.04397314489268006
2 17.584584584584587 0.04392318383690898
2 17.603603603603606 0.04387327694050266
2 17.622622622622625 0.04382342415066748
2 17.641641641641645 0.0437736254146478
2 17.66066066066066 0.043723880679726004
2 17.67967967967968 0.04367418989322242
2 17.6986986986987 0.043624553002495445
2 17.71771771771772 0.04357496995494144
2 17.736736736736738 0.043525440697994786
2 17.755755755755757 0.04347596517912792
2 17.774774774774777 0.04342654334585126
2 17.793793793793796 0.043377175145713286
2 17.812812812812815 0.043327860526300464
2 17.831831831831835 0.043278599435237326
2 17.85085085085085 0.04322939182018646
2 17.86986986986987 0.04318023762884844
2 17.88888888888889 0.043131136808961926
2 17.90790790790791 0.04308208930830362
2 17.926926926926928 0.04303309507468827
2 17.945945945945947 0.04298415405596869
2 17.964964964964967 0.042935266200035745
2 17.983983983983986 0.04288643145481836
2 18.003003003003005 0.04283764976828352
2 18.022022022022025 0.04278892108843629
2 18.04104104104104 0.042740245363319794
2 18.06006006006006 0.04269162254101525
2 18.07907907907908 0.04264305256964193
2 18.0980980980981 0.04259453539735718
2 18.117117117117118 0.042546070972356444
2 18.136136136136138 0.04249765924287324
2 18.155155155155157 0.042449300157179175
2 18.174174174174176 0.04240099366358396
2 18.193193193193196 0.04235273971043534
2 18.212212212212215 0.04230453824611921
2 18.231231231231234 0.042256389219059554
2 18.25025025025025 0.04220829257771841
2 18.26926926926927 0.042160248270595946
2 18.28828828828829 0.04211225624623041
2 18.30730730730731 0.04206431645319818
2 18.326326326326328 0.04201642884011371
2 18.345345345345347 0.04196859335562955
2 18.364364364364366 0.041921958092648384
2 18.383383383383386 0.041878317124026634
2 18.402402402402405 0.04183471960213927
2 18.421421421421424 0.04179116548786139
2 18.44044044044044 0.04174765474209474
2 18.45945945945946 0.04170418732576765
2 18.47847847847848 0.04166076319983512
2 18.4974974974975 0.04161738232527873
2 18.516516516516518 0.04157404466310672
2 18.535535535535537 0.04153075017435394
2 18.554554554554556 0.04148749882008187
2 18.573573573573576 0.04144429056137861
2 18.592592592592595 0.041401125359358894
2 18.611611611611615 0.04135800317516407
2 18.63063063063063 0.041314923969962135
2 18.64964964964965 0.041271887704947684
2 18.66866866866867 0.04122889434134197
2 18.68768768768769 0.04118594384039282
2 18.706706706706708 0.04114303616337476
2 18.725725725725727 0.04110017127158888
2 18.744744744744747 0.041057349126362934
2 18.763763763763766 0.04101456968905129
2 18.782782782782785 0.04097183292103494
2 18.801801801801805 0.040929138783721494
2 18.82082082082082 0.04088648723854521
2 18.83983983983984 0.04084387824696693
2 18.85885885885886 0.04080131177047416
2 18.87787787787788 0.04075878777058103
2 18.896896896896898 0.04071630620882825
2 18.915915915915917 0.0406738670467832
2 18.934934934934937 0.04063147024603985
2 18.953953953953956 0.04058911576821881
2 18.972972972972975 0.040546803574967316
2 18.991991991991995 0.04050453362795919
2 19.011011011011014 0.0404623058888949
2 19.03003003003003 0.04042012031950154
2 19.04904904904905 0.04037797688153279
2 19.06806806806807 0.04033587553676897
2 19.087087087087088 0.040293816247017014
2 19.106106106106107 0.040251798974110437
2 19.125125125125127 0.04020982367990943
2 19.144144144144146 0.04016789032630074
2 19.163163163163166 0.040125998875197744
2 19.182182182182185 0.040084149288540434
2 19.201201201201204 0.040042341528295396
2 19.22022022022022 0.040000575556455836
2 19.23923923923924 0.03995885133504156
2 19.25825825825826 0.03991716882609896
2 19.27727727727728 0.03987552799170106
2 19.296296296296298 0.03983392879394748
2 19.315315315315317 0.03979237119496443
2 19.334334334334336 0.0397508551569047
2 19.353353353353356 0.039709380641947706
2 19.372372372372375 0.03966794761229945
2 19.391391391391394 0.03962655603019251
2 19.41041041041041 0.03958520585788609
2 19.42942942942943 0.03954389705766593
2 19.44844844844845 0.03950262959184442
2 19.46746746746747 0.03946140342276047
2 19.486486486486488 0.039420218512779624
2 19.505505505505507 0.03937907482429399
2 19.524524524524526 0.03933797231972225
2 19.543543543543546 0.039296910961509654
2 19.562562562562565 0.039255890712128046
2 19.581581581581585 0.03921491153407586
2 19.6006006006006 0.03917397338987803
2 19.61961961961962 0.03913307624208614
2 19.63863863863864 0.03909222005327829
2 19.65765765765766 0.03905140478605915
2 19.676676676676678 0.03901063040305997
2 19.695695695695697 0.038969896866938546
2 19.714714714714717 0.038929204140379224
2 19.733733733733736 0.03888855218609291
2 19.752752752752755 0.03884794096681706
2 19.771771771771775 0.038807370445315695
2 19.790790790790794 0.038766840584379354
2 19.80980980980981 0.03872635134682512
2 19.82882882882883 0.03868590269549665
2 19.84784784784785 0.0386454945932641
2 19.866866866866868 0.03860512700302418
2 19.885885885885887 0.03856479988770013
2 19.904904904904907 0.038524513210241716
2 19.923923923923926 0.038484266933625236
2 19.942942942942945 0.03844406102085351
2 19.961961961961965 0.038403895434955856
2 19.980980980980984 0.038363770138988146
2 20.0 0.038325791946271524
