4 1.0 1.8318445430213548e-15
4 1.019019019019019 0.02023691213162954
4 1.038038038038038 0.03877497895018626
4 1.057057057057057 0.05579148276785707
4 1.0760760760760761 0.07144086220297749
4 1.095095095095095 0.08585790513542438
4 1.1141141141141142 0.09915752852771577
4 1.1331331331331331 0.11144179320948044
4 1.1521521521521523 0.122800633868318
4 1.1711711711711712 0.1333136138300793
4 1.1901901901901901 0.14305138378479024
4 1.2092092092092093 0.15207789662406715
4 1.2282282282282282 0.16045445593544128
4 1.2472472472472473 0.16822629576287404
4 1.2662662662662663 0.1754387796619972
4 1.2852852852852852 0.1821328330401587
4 1.3043043043043043 0.1883454773051649
4 1.3233233233233235 0.19411028872265143
4 1.3423423423423424 0.19946171443042796
4 1.3613613613613613 0.20442945134652463
4 1.3803803803803805 0.2090336972470037
4 1.3993993993993994 0.21329768133056634
4 1.4184184184184185 0.21724271095304085
4 1.4374374374374375 0.22088836959351696
4 1.4564564564564564 0.2242542016831725
4 1.4754754754754755 0.22736541530018178
4 1.4944944944944947 0.23022780530424178
4 1.5135135135135136 0.23285558535125736
4 1.5325325325325325 0.23526193606321158
4 1.5515515515515514 0.23745909967244078
4 1.5705705705705706 0.23946153611536514
4 1.5895895895895897 0.24128709918810137
4 1.6086086086086087 0.24293580847220647
4 1.6276276276276276 0.2444168957753538
4 1.6466466466466467 0.24573899790901427
4 1.6656656656656659 0.24691020569402897
4 1.6846846846846848 0.24794813704228263
4 1.7037037037037037 0.24885496239358113
4 1.7227227227227226 0.2496326944534807
4 1.7417417417417418 0.2502876278963113
4 1.760760760760761 0.25082569482329264
4 1.7797797797797799 0.25125940382218187
4 1.7987987987987988 0.25159659259914813
4 1.817817817817818 0.25183314211246105
4 1.8368368368368369 0.2519737686040908
4 1.855855855855856 0.2520229394488739
4 1.874874874874875 0.2519926994198386
4 1.8938938938938938 0.2518890765587274
4 1.912912912912913 0.25170638403813034
4 1.9319319319319321 0.2514482391744959
4 1.950950950950951 0.25111808335946084
4 1.96996996996997 0.2507323759377997
4 1.9889889889889891 0.2502867055832389
4 2.008008008008008 0.24977867761470865
4 2.027027027027027 0.24921112143627228
4 2.046046046046046 0.2485903136100461
4 2.065065065065065 0.247931405215575
4 2.0840840840840844 0.24722097220144068
4 2.103103103103103 0.246461364226649
4 2.1221221221221223 0.2456548303666474
4 2.141141141141141 0.24482093940377114
4 2.16016016016016 0.24394773926780278
4 2.1791791791791795 0.2430340249905926
4 2.1981981981981984 0.242081683684776
4 2.2172172172172173 0.24110700744131808
4 2.2362362362362362 0.24010439273794926
4 2.255255255255255 0.23906855761706908
4 2.2742742742742745 0.23800109544481704
4 2.2932932932932935 0.23691805019055737
4 2.3123123123123124 0.23581424985176247
4 2.3313313313313317 0.23468340181283934
4 2.3503503503503502 0.23352685784148586
4 2.3693693693693696 0.23236336799113058
4 2.3883883883883885 0.23118236956082078
4 2.4074074074074074 0.2299795643350495
4 2.426426426426427 0.22875610298097548
4 2.4454454454454453 0.2275362547371856
4 2.4644644644644647 0.22629848566384198
4 2.4834834834834836 0.2250433667825155
4 2.5025025025025025 0.22377913332238614
4 2.521521521521522 0.2225164246064388
4 2.5405405405405403 0.221239287704162
4 2.5595595595595597 0.21994859167501768
4 2.5785785785785786 0.21866254294984655
4 2.5975975975975976 0.21737192633159105
4 2.616616616616617 0.2160702284655218
4 2.635635635635636 0.21476268868362805
4 2.6546546546546548 0.21346613656334
4 2.6736736736736737 0.21216068361515766
4 2.6926926926926926 0.21084698549597142
4 2.711711711711712 0.2095438344088308
4 2.730730730730731 0.20824100233606088
4 2.74974974974975 0.20693176080301945
4 2.768768768768769 0.2056242344596197
4 2.7877877877877877 0.20432960788781035
4 2.806806806806807 0.20303017418508518
4 2.825825825825826 0.2017264248436086
4 2.844844844844845 0.20044250463725433
4 2.8638638638638643 0.19915753281697318
4 2.8828828828828827 0.1978695773401416
4 2.901901901901902 0.1965934626076109
4 2.920920920920921 0.19532697221420905
4 2.93993993993994 0.19405864627264283
4 2.9589589589589593 0.1927941872063264
4 2.9779779779779783 0.19154962085984278
4 2.996996996996997 0.19030420135194642
4 3.016016016016016 0.1890582467858174
4 3.035035035035035 0.18783475352011925
4 3.0540540540540544 0.1866150103310512
4 3.0730730730730733 0.1853955239898469
4 3.0920920920920922 0.18418993501729625
4 3.111111111111111 0.18299817920900052
4 3.13013013013013 0.1818073428759759
4 3.1491491491491495 0.18062115567770967
4 3.1681681681681684 0.17945928448942314
4 3.1871871871871873 0.17829887985729595
4 3.206206206206206 0.1771401405363164
4 3.2252252252252256 0.176002498179276
4 3.2442442442442445 0.1748739478792313
4 3.2632632632632634 0.17374747894581277
4 3.2822822822822824 0.1726307059212718
4 3.3013013013013013 0.17153511189976564
4 3.3203203203203207 0.17044192741006736
4 3.3393393393393396 0.16935129214025132
4 3.3583583583583585 0.16828379780500052
4 3.3773773773773774 0.16722463745819482
4 3.396396396396397 0.1661682559609608
4 3.4154154154154157 0.16512039476065846
4 3.4344344344344346 0.16409575644997162
4 3.4534534534534536 0.1630740614648136
4 3.4724724724724725 0.16205540545830838
4 3.491491491491492 0.1610545209444853
4 3.5105105105105108 0.16006774219318584
4 3.5295295295295297 0.15908409477251378
4 3.5485485485485486 0.15810365512665467
4 3.567567567567568 0.15714753471398818
4 3.586586586586587 0.1561989030680836
4 3.605605605605606 0.1552535118900296
4 3.6246246246246248 0.15431142161957329
4 3.6436436436436437 0.15339720356305642
4 3.662662662662663 0.15248668606283527
4 3.681681681681682 0.15157945341878554
4 3.700700700700701 0.15067574293392885
4 3.71971971971972 0.14979980854565525
4 3.738738738738739 0.1489271125370954
4 3.757757757757758 0.14805769328462903
4 3.776776776776777 0.14719158711511438
4 3.795795795795796 0.1463503933984563
4 3.814814814814815 0.14551501960248212
4 3.8338338338338342 0.14468287255099455
4 3.852852852852853 0.14385397971881275
4 3.871871871871872 0.14304298087255188
4 3.890890890890891 0.14224426932903603
4 3.90990990990991 0.1414487016661808
4 3.9289289289289293 0.1406562982169336
4 3.9479479479479482 0.13987075822100095
4 3.966966966966967 0.13910792771623728
4 3.985985985985986 0.1383481330758467
4 4.005005005005005 0.13759138892894013
4 4.024024024024024 0.1368377088615233
4 4.043043043043044 0.1360984154345654
4 4.062062062062062 0.1353735061969577
4 4.081081081081081 0.13465151627059752
4 4.1001001001001 0.13393245494842523
4 4.119119119119119 0.13321633072425332
4 4.138138138138139 0.1325166667857353
4 4.157157157157157 0.13182847706916156
4 4.176176176176177 0.1311430691908415
4 4.195195195195195 0.1304604484737101
4 4.2142142142142145 0.12978061963347623
4 4.233233233233234 0.1291136918518377
4 4.252252252252252 0.12846094888957546
4 4.271271271271272 0.12781083675017554
4 4.29029029029029 0.12716335786172972
4 4.3093093093093096 0.12651851419481353
4 4.328328328328329 0.1258772020920724
4 4.347347347347347 0.12525860042500653
4 4.366366366366367 0.12464247079888899
4 4.385385385385385 0.12402881358392619
4 4.404404404404405 0.1234176288086201
4 4.423423423423424 0.12280891617407923
4 4.442442442442443 0.12220884662341577
4 4.461461461461462 0.12162538762047927
4 4.48048048048048 0.12104423752176663
4 4.4994994994995 0.12046539503049063
4 4.518518518518519 0.11988885860771209
4 4.537537537537538 0.1193146264826202
4 4.556556556556557 0.11874687864265704
4 4.575575575575575 0.118196946884571
4 4.594594594594595 0.11764915892546879
4 4.613613613613614 0.1171035124331927
4 4.6326326326326335 0.1165600049058175
4 4.651651651651652 0.11601863367895933
4 4.67067067067067 0.11547939593276901
4 4.68968968968969 0.11495624117071108
4 4.708708708708709 0.11444024314948284
4 4.7277277277277285 0.1139262227018914
4 4.746746746746747 0.11341417679441151
4 4.7657657657657655 0.11290410228097636
4 4.784784784784785 0.11239599590789455
4 4.803803803803804 0.11188985431855376
4 4.822822822822824 0.11140071266597665
4 4.841841841841842 0.11091681529855314
4 4.8608608608608606 0.11043473305939089
4 4.87987987987988 0.10995446260774451
4 4.898898898898899 0.1094760005292623
4 4.917917917917919 0.10899934333925575
4 4.936936936936937 0.10852448748582658
4 4.9559559559559565 0.10805886028377143
4 4.974974974974975 0.10760532357919049
4 4.993993993993994 0.10715344578993122
4 5.013013013013014 0.10670322352537863
4 5.032032032032032 0.10625465334748345
4 5.051051051051052 0.10580773177291151
4 5.07007007007007 0.10536245527509913
4 5.089089089089089 0.10491882028621784
4 5.108108108108109 0.10448507583408656
4 5.127127127127127 0.10406177589776704
4 5.146146146146147 0.10363998307692912
4 5.165165165165165 0.10321969406271107
4 5.1841841841841845 0.10280090551758939
4 5.203203203203204 0.10238361407671422
4 5.222222222222222 0.10196781634918667
4 5.241241241241242 0.10155350891927972
4 5.26026026026026 0.10114068834760698
4 5.2792792792792795 0.10074491482858819
4 5.298298298298299 0.10035140954651157
4 5.317317317317317 0.0999592653318687
4 5.336336336336337 0.09956847906014603
4 5.355355355355356 0.09917904759073563
4 5.374374374374375 0.09879096776772016
4 5.393393393393394 0.09840423642062429
4 5.412412412412412 0.09801885036513389
4 5.431431431431432 0.097634806403784
4 5.450450450450451 0.09726379075870702
4 5.46946946946947 0.09689814263050829
4 5.488488488488489 0.09653371937890244
4 5.5075075075075075 0.09617051814062662
4 5.526526526526527 0.09580853604372438
4 5.545545545545546 0.09544777020800387
4 5.564564564564565 0.0950882177454766
4 5.583583583583584 0.09472987576077782
4 5.602602602602603 0.09437274135156942
4 5.621621621621622 0.09401681160892582
4 5.640640640640641 0.09367393328576532
4 5.65965965965966 0.0933354687483334
4 5.678678678678679 0.09299810031300086
4 5.6976976976976985 0.09266182540469448
4 5.716716716716717 0.09232664144419975
4 5.735735735735736 0.09199254584841617
4 5.754754754754755 0.09165953603060226
4 5.773773773773774 0.09132760940061033
4 5.792792792792794 0.09099676336511246
4 5.811811811811812 0.09066699532781713
4 5.830830830830831 0.0903383026896775
4 5.84984984984985 0.0900248928209596
4 5.868868868868869 0.08971274063556052
4 5.887887887887889 0.08940156384292926
4 5.906906906906907 0.0890913601641007
4 5.9259259259259265 0.08878212731858068
4 5.944944944944945 0.08847386302448336
4 5.963963963963964 0.0881665649986634
4 5.982982982982984 0.08786023095684334
4 6.002002002002002 0.08755485861373605
4 6.0210210210210215 0.08725044568316301
4 6.04004004004004 0.08694698987816828
4 6.059059059059059 0.08664764154487578
4 6.078078078078079 0.08635991146017045
4 6.097097097097097 0.08607304651622233
4 6.116116116116117 0.0857870447238395
4 6.135135135135136 0.08550190409361741
4 6.1541541541541545 0.08521762263601446
4 6.173173173173174 0.08493419836142467
4 6.192192192192192 0.08465162928024798
4 6.211211211211212 0.08436991340295844
4 6.230230230230231 0.08408904874017015
4 6.2492492492492495 0.08380903330270098
4 6.268268268268269 0.08352986510163449
4 6.287287287287287 0.08325154214837982
4 6.306306306306307 0.08297927948030322
4 6.325325325325326 0.08271580221250714
4 6.344344344344345 0.08245308621091223
4 6.363363363363364 0.08219112975906298
4 6.382382382382382 0.08192993114100344
4 6.401401401401402 0.08166948864131697
4 6.420420420420421 0.08140980054516551
4 6.43943943943944 0.0811508651383274
4 6.458458458458459 0.08089268070723417
4 6.477477477477478 0.08063524553900665
4 6.496496496496497 0.08037855792148992
4 6.515515515515516 0.08012261614328735
4 6.534534534534535 0.07986741849379395
4 6.553553553553554 0.0796129632632287
4 6.572572572572573 0.07936343765724381
4 6.591591591591592 0.07912298978890257
4 6.610610610610611 0.07888320794868701
4 6.62962962962963 0.07864409067173178
4 6.648648648648649 0.07840563649397035
4 6.6676676676676685 0.07816784395215742
4 6.686686686686687 0.07793071158389032
4 6.705705705705706 0.07769423792763032
4 6.724724724724725 0.07745842152272331
4 6.743743743743744 0.07722326090942011
4 6.762762762762764 0.0769887546288965
4 6.781781781781782 0.07675490122327247
4 6.800800800800801 0.07652169923563171
4 6.81981981981982 0.07628914721004025
4 6.838838838838839 0.07605724369156479
4 6.857857857857859 0.07582598722629112
4 6.876876876876877 0.07560566707509506
4 6.8958958958958965 0.07538756048133455
4 6.914914914914916 0.07517003190296752
4 6.933933933933934 0.07495308010376665
4 6.952952952952954 0.07473670384839887
4 6.971971971971972 0.07452090190243774
4 6.9909909909909915 0.07430567303237612
4 7.010010010010011 0.07409101600563814
4 7.029029029029029 0.0738769295905914
4 7.048048048048049 0.0736634125565587
4 7.067067067067067 0.07345046367382975
4 7.086086086086087 0.07323808171367269
4 7.105105105105106 0.07302626544834534
4 7.124124124124124 0.0728150136511067
4 7.143143143143144 0.07260432509622747
4 7.162162162162162 0.07239419855900148
4 7.181181181181182 0.07218463281575599
4 7.200200200200201 0.07198431774144323
4 7.2192192192192195 0.07178711088328375
4 7.238238238238239 0.07159040260808434
4 7.257257257257257 0.07139419188366711
4 7.276276276276277 0.0711984776787229
4 7.295295295295296 0.07100325896281878
4 7.314314314314315 0.07080853470640558
4 7.333333333333334 0.07061430388082525
4 7.352352352352353 0.0704205654583182
4 7.371371371371372 0.07022731841203039
4 7.390390390390391 0.07003456171602061
4 7.40940940940941 0.06984229434526745
4 7.428428428428429 0.06965051527567631
4 7.447447447447448 0.06945922348408627
4 7.466466466466467 0.06926841794827701
4 7.485485485485486 0.06907809764697544
4 7.504504504504505 0.06888826155986248
4 7.523523523523524 0.0686989086675797
4 7.542542542542543 0.06851003795173581
4 7.561561561561562 0.06833007375373397
4 7.580580580580581 0.0681527840826983
4 7.5995995995996 0.06797592084586351
4 7.618618618618619 0.06779948319158931
4 7.6376376376376385 0.06762347026902592
4 7.656656656656657 0.06744788122811864
4 7.675675675675676 0.06727271521961253
4 7.694694694694695 0.06709797139505684
4 7.713713713713714 0.06692364890680946
4 7.7327327327327335 0.06674974690804154
4 7.751751751751752 0.06657626455274163
4 7.770770770770771 0.06640320099572022
4 7.789789789789791 0.06623055539261398
4 7.808808808808809 0.0660583268998901
4 7.827827827827829 0.06588651467485043
4 7.846846846846847 0.06571511787563583
4 7.8658658658658664 0.0655441356612301
4 7.884884884884886 0.06537356719146434
4 7.903903903903904 0.06520341162702091
4 7.922922922922924 0.06503366812943744
4 7.941941941941942 0.06486433586111101
4 7.9609609609609615 0.0647014624087219
4 7.979979979979981 0.0645429637023951
4 7.998998998998999 0.06438482654080338
4 8.018018018018019 0.0642270502300976
4 8.037037037037038 0.0640696340771158
4 8.056056056056057 0.06391257738938567
4 8.075075075075077 0.06375587947512766
4 8.094094094094094 0.06359953964325749
4 8.113113113113114 0.06344355720338893
4 8.132132132132133 0.06328793146583662
4 8.15115115115115 0.0631326617416186
4 8.17017017017017 0.062977747342459
4 8.18918918918919 0.06282318758079072
4 8.208208208208209 0.062668981769758
4 8.227227227227228 0.062515129223219
4 8.246246246246248 0.062361629255748445
4 8.265265265265267 0.062208481182639976
4 8.284284284284285 0.06205568431990889
4 8.303303303303304 0.0619032379842945
4 8.322322322322323 0.06175114149326263
4 8.34134134134134 0.06159939416500813
4 8.36036036036036 0.0614479953184572
4 8.37937937937938 0.06129694427326991
4 8.398398398398399 0.06114624034984249
4 8.417417417417418 0.06100347335150425
4 8.436436436436438 0.060862855671714816
4 8.455455455455457 0.06072254116546478
4 8.474474474474475 0.06058252927566726
4 8.493493493493494 0.060442819445811986
4 8.512512512512513 0.06030341111996708
4 8.531531531531531 0.060164303742780485
4 8.55055055055055 0.06002549675948169
4 8.56956956956957 0.05988698961588331
4 8.588588588588589 0.05974878175838264
4 8.607607607607608 0.059610872633963266
4 8.626626626626628 0.05947326169019659
4 8.645645645645647 0.05933594837524332
4 8.664664664664667 0.05919893213785513
4 8.683683683683684 0.05906221242737608
4 8.702702702702704 0.058925788693744034
4 8.721721721721721 0.05878966038749238
4 8.74074074074074 0.058653826959751264
4 8.75975975975976 0.05851828786224919
4 8.77877877877878 0.05838304254731447
4 8.797797797797799 0.058248090467876525
4 8.816816816816818 0.05811343107746744
4 8.835835835835837 0.05797906383022337
4 8.854854854854857 0.05784498818088585
4 8.873873873873874 0.0577112035848032
4 8.892892892892894 0.057577709497931936
4 8.911911911911913 0.057444505376838095
4 8.93093093093093 0.05731948349234746
4 8.94994994994995 0.05719564325634609
4 8.96896896896897 0.05707205438169221
4 8.987987987987989 0.0569487164281348
4 9.007007007007008 0.056825628955890745
4 9.026026026026027 0.05670279152564555
4 9.045045045045045 0.056580203698554446
4 9.064064064064064 0.05645786503624309
4 9.083083083083084 0.05633577510080862
4 9.102102102102103 0.056213933454820404
4 9.121121121121122 0.05609233966132098
4 9.14014014014014 0.05597099328382692
4 9.15915915915916 0.05584989388632959
4 9.178178178178179 0.055729041033296116
4 9.197197197197198 0.05560843428967015
4 9.216216216216218 0.05548807322087272
4 9.235235235235235 0.05536795739280306
4 9.254254254254255 0.05524808637183935
4 9.273273273273274 0.05512845972483966
4 9.292292292292293 0.05500907701914259
4 9.311311311311313 0.05488993782256819
4 9.33033033033033 0.05477104170341866
4 9.34934934934935 0.05465238823047915
4 9.368368368368369 0.05453397697301852
4 9.387387387387388 0.054415807500790114
4 9.406406406406408 0.054297879384032514
4 9.425425425425425 0.05418019219347024
4 9.444444444444445 0.054062745500314514
4 9.463463463463464 0.05394553887626403
4 9.482482482482483 0.053828571893505546
4 9.501501501501503 0.05371372326285363
4 9.52052052052052 0.05360544155669565
4 9.53953953953954 0.053497365795497624
4 9.558558558558559 0.053389495637284096
4 9.577577577577578 0.053281830740446366
4 9.596596596596598 0.05317437076374305
4 9.615615615615617 0.0530671153663005
4 9.634634634634635 0.0529600642076133
4 9.653653653653654 0.05285321694754467
4 9.672672672672673 0.05274657324632696
4 9.691691691691693 0.05264013276456212
4 9.710710710710712 0.05253389516322206
4 9.72972972972973 0.052427860103649165
4 9.74874874874875 0.052322027247556656
4 9.767767767767769 0.05221639625702908
4 9.786786786786788 0.05211096679452272
4 9.805805805805807 0.05200573852286601
4 9.824824824824825 0.051900711105259914
4 9.843843843843844 0.05179588420527837
4 9.862862862862864 0.05169125748686869
4 9.881881881881883 0.05158683061435197
4 9.900900900900902 0.051482603252423494
4 9.91991991991992 0.05137857506615306
4 9.93893893893894 0.051274745720985414
4 9.957957957957959 0.051171114882740704
4 9.976976976976978 0.051067682217614714
4 9.995995995995997 0.050964447392179354
4 10.015015015015015 0.050861410073382955
4 10.034034034034034 0.0507585699285507
4 10.053053053053054 0.050655926625384894
4 10.072072072072073 0.05055347983196547
4 10.091091091091092 0.05045122921675015
4 10.11011011011011 0.05034917444857498
4 10.12912912912913 0.05024731519665453
4 10.148148148148149 0.050145651130582294
4 10.167167167167168 0.050044181920331055
4 10.186186186186188 0.04995030226192769
4 10.205205205205205 0.04985681005616312
4 10.224224224224224 0.04976348367423842
4 10.243243243243244 0.04967032285632587
4 10.262262262262263 0.04957732734287615
4 10.281281281281283 0.049484496874618665
4 10.3003003003003 0.04939183119256169
4 10.31931931931932 0.04929933003799254
4 10.338338338338339 0.04920699315247785
4 10.357357357357358 0.049114820277863715
4 10.376376376376378 0.04902281115627594
4 10.395395395395397 0.048930965530120184
4 10.414414414414415 0.04883928314208222
4 10.433433433433434 0.04874776373512801
4 10.452452452452453 0.04865640705250399
4 10.471471471471473 0.0485652128377373
4 10.490490490490492 0.048474180834635804
4 10.50950950950951 0.04838331078728841
4 10.528528528528529 0.0482926024400652
4 10.547547547547548 0.04820205553761756
4 10.566566566566568 0.04811166982487847
4 10.585585585585587 0.04802144504706254
4 10.604604604604605 0.047931380949666307
4 10.623623623623624 0.04784147727846828
4 10.642642642642643 0.04775173377952918
4 10.661661661661663 0.047662150199192066
4 10.680680680680682 0.04757272628408254
4 10.6996996996997 0.04748346178110883
4 10.71871871871872 0.04739435643746202
4 10.737737737737739 0.04730541000061612
4 10.756756756756758 0.04721662221832832
4 10.775775775775777 0.04712799283863903
4 10.794794794794795 0.04703952160987208
4 10.813813813813814 0.04695120828063485
4 10.832832832832834 0.04686305259981845
4 10.851851851851853 0.04677505431659778
4 10.870870870870872 0.04668721318043169
4 10.88988988988989 0.04659952894106321
4 10.90890890890891 0.0465120013485195
4 10.927927927927929 0.04642463015311213
4 10.946946946946948 0.046337557394918086
4 10.965965965965967 0.046257519083279616
4 10.984984984984985 0.0461776123266522
4 11.004004004004004 0.04609783693191587
4 11.023023023023024 0.04601819270615418
4 11.042042042042043 0.045938679456654315
4 11.061061061061062 0.04585929699090706
4 11.08008008008008 0.045780045116606924
4 11.0990990990991 0.04570092364165226
4 11.118118118118119 0.04562193237414519
4 11.137137137137138 0.0455430711223919
4 11.156156156156158 0.045464339694902454
4 11.175175175175177 0.04538573790039107
4 11.194194194194194 0.04530726554777608
4 11.213213213213214 0.045228922446179966
4 11.232232232232233 0.04515070840492953
4 11.251251251251253 0.04507262323355589
4 11.270270270270272 0.044994666741794496
4 11.28928928928929 0.0449168387395853
4 11.308308308308309 0.044839139037072706
4 11.327327327327328 0.0447615674446057
4 11.346346346346348 0.04468412377273786
4 11.365365365365367 0.044606807832227424
4 11.384384384384385 0.044529619434037375
4 11.403403403403404 0.04445255838933542
4 11.422422422422423 0.044375624509494116
4 11.441441441441443 0.04429881760609086
4 11.460460460460462 0.044222137490907976
4 11.47947947947948 0.04414558397593276
4 11.498498498498499 0.044069156873357454
4 11.517517517517518 0.04399285599557941
4 11.536536536536538 0.043916681155201046
4 11.555555555555557 0.04384063216502991
4 11.574574574574575 0.04376470883807872
4 11.593593593593594 0.04368891098756539
4 11.612612612612613 0.0436132384269131
4 11.631631631631633 0.043537690969750326
4 11.650650650650652 0.04346226842991083
4 11.66966966966967 0.04338697062143375
4 11.68868868868869 0.04331179735856361
4 11.707707707707709 0.04323674845575034
4 11.726726726726728 0.04316182372764932
4 11.745745745745747 0.04308702298912142
4 11.764764764764765 0.04301234605523303
4 11.783783783783784 0.042937792741256024
4 11.802802802802804 0.04286336286266788
4 11.821821821821823 0.042789056235151654
4 11.840840840840842 0.04271487267459598
4 11.85985985985986 0.04264081199709517
4 11.87887887887888 0.042572594856507336
4 11.897897897897899 0.042505193099015404
4 11.916916916916918 0.04243789332330194
4 11.935935935935937 0.04237069539003209
4 11.954954954954957 0.042303599160013895
4 11.973973973973974 0.04223660449419833
4 11.992992992992994 0.042169711253679264
4 12.012012012012013 0.04210291929969351
4 12.031031031031032 0.042036228493620785
4 12.050050050050052 0.041969638696983794
4 12.06906906906907 0.04190314977144816
4 12.088088088088089 0.04183676157882248
4 12.107107107107108 0.04177047398105831
4 12.126126126126128 0.041704286840250175
4 12.145145145145147 0.04163820001863555
4 12.164164164164164 0.04157221337859495
4 12.183183183183184 0.041506326782651794
4 12.202202202202203 0.04144054009347252
4 12.221221221221223 0.04137485317386656
4 12.240240240240242 0.04130926588678631
4 12.25925925925926 0.041243778095327185
4 12.278278278278279 0.041178389662727535
4 12.297297297297298 0.04111310045236874
4 12.316316316316318 0.041047910327775154
4 12.335335335335337 0.04098281915261412
4 12.354354354354355 0.040917826790695964
4 12.373373373373374 0.04085293310597397
4 12.392392392392393 0.04078813796254441
4 12.411411411411413 0.04072344122464655
4 12.430430430430432 0.040658842756662594
4 12.44944944944945 0.04059434242311773
4 12.468468468468469 0.04052994008868008
4 12.487487487487488 0.04046563561816074
4 12.506506506506508 0.040401428876513726
4 12.525525525525527 0.040337319728836016
4 12.544544544544545 0.040273308040367516
4 12.563563563563564 0.040209393676491
4 12.582582582582583 0.040145576502732226
4 12.601601601601603 0.04008185638475981
4 12.620620620620622 0.04001823318838525
4 12.63963963963964 0.03995470677956297
4 12.65865865865866 0.039891277024390194
4 12.677677677677679 0.03982794378910707
4 12.696696696696698 0.03976470694009654
4 12.715715715715717 0.03970156634388441
4 12.734734734734735 0.03963852186713929
4 12.753753753753754 0.03957557337667256
4 12.772772772772774 0.03951272073943845
4 12.791791791791793 0.039449963822533914
4 12.810810810810812 0.03938730249319868
4 12.829829829829832 0.03932473661881522
4 12.84884884884885 0.039262266066908726
4 12.867867867867869 0.03919989070514708
4 12.886886886886888 0.039137610401340873
4 12.905905905905907 0.03907542502344335
4 12.924924924924927 0.039013334439550414
4 12.943943943943944 0.0389513385179006
4 12.962962962962964 0.03889249764176451
4 12.981981981981983 0.03883652877410675
4 13.001001001001002 0.03878063719943731
4 13.020020020020022 0.03872482282036286
4 13.03903903903904 0.038669085539585875
4 13.058058058058059 0.03861342525990456
4 13.077077077077078 0.03855784188421293
4 13.096096096096097 0.038502335315500694
4 13.115115115115117 0.03844690545685329
4 13.134134134134134 0.038391552211451886
4 13.153153153153154 0.03833627548257335
4 13.172172172172173 0.03828107517359019
4 13.191191191191193 0.03822595118797062
4 13.210210210210212 0.038170903429278466
4 13.22922922922923 0.03811593180117323
4 13.248248248248249 0.03806103620740999
4 13.267267267267268 0.038006216551839424
4 13.286286286286288 0.03795147273840782
4 13.305305305305307 0.03789680467115699
4 13.324324324324325 0.037842212254224336
4 13.343343343343344 0.037787695391842735
4 13.362362362362363 0.03773325398834062
4 13.381381381381383 0.0376788879481419
4 13.400400400400402 0.03762459717576594
4 13.41941941941942 0.03757038157582759
4 13.438438438438439 0.037516241053037094
4 13.457457457457458 0.037462175512200144
4 13.476476476476478 0.03740818485821781
4 13.495495495495497 0.037354268996086536
4 13.514514514514515 0.037300427830898146
4 13.533533533533534 0.037246661267839744
4 13.552552552552553 0.0371929692121938
4 13.571571571571573 0.03713935156933804
4 13.590590590590592 0.03708580824474549
4 13.609609609609612 0.03703233914398439
4 13.62862862862863 0.03697894417271824
4 13.647647647647648 0.03692562323670572
4 13.666666666666668 0.03687237624180071
4 13.685685685685687 0.03681920309395223
4 13.704704704704707 0.03676610369920444
4 13.723723723723724 0.03671307796369664
4 13.742742742742744 0.03666012579366318
4 13.761761761761763 0.0366072470954335
4 13.780780780780782 0.036554441775432066
4 13.799799799799802 0.0365017097401784
4 13.81881881881882 0.03644905089628697
4 13.837837837837839 0.036396465150467246
4 13.856856856856858 0.03634395240952361
4 13.875875875875877 0.036291512580355394
4 13.894894894894897 0.03623914556995681
4 13.913913913913914 0.03618685128541694
4 13.932932932932934 0.036134629633919696
4 13.951951951951953 0.03608248052274382
4 13.970970970970972 0.03603040385926285
4 13.989989989989992 0.03597839955094507
4 14.00900900900901 0.035926467505353506
4 14.028028028028029 0.03587460763014588
4 14.047047047047048 0.03582281983307462
4 14.066066066066067 0.03577110402198679
4 14.085085085085087 0.03571946010482411
4 14.104104104104104 0.03566788798962284
4 14.123123123123124 0.03561638758451386
4 14.142142142142143 0.03556495879772256
4 14.161161161161163 0.03551360153756889
4 14.180180180180182 0.03546231571246722
4 14.1991991991992 0.035411101230926424
4 14.218218218218219 0.03535995800154978
4 14.237237237237238 0.03530888593303495
4 14.256256256256258 0.035257884934174
4 14.275275275275277 0.03520695491385329
4 14.294294294294295 0.03516135049443741
4 14.313313313313314 0.035115815026124944
4 14.332332332332333 0.035070336384732295
4 14.351351351351353 0.035024914504889995
4 14.370370370370372 0.034979549321289403
4 14.38938938938939 0.03493424076868265
4 14.408408408408409 0.03488898878188266
4 14.427427427427428 0.03484379329576309
4 14.446446446446448 0.03479865424525837
4 14.465465465465467 0.0347535715653636
4 14.484484484484486 0.03470854519113463
4 14.503503503503504 0.03466357505768796
4 14.522522522522523 0.034618661100200766
4 14.541541541541543 0.034573803253910844
4 14.560560560560562 0.03452900145411666
4 14.579579579579582 0.034484255636177234
4 14.598598598598599 0.034439565735512226
4 14.617617617617618 0.034394931687601805
4 14.636636636636638 0.034350353427986716
4 14.655655655655657 0.034305830892268234
4 14.674674674674677 0.03426136401610814
4 14.693693693693694 0.03421695273522869
4 14.712712712712714 0.034172596985412626
4 14.731731731731733 0.03412829670250312
4 14.750750750750752 0.03408405182240376
4 14.769769769769772 0.034039862281078595
4 14.78878878878879 0.033995728014552
4 14.807807807807809 0.03395164895890873
4 14.826826826826828 0.03390762505029392
4 14.845845845845847 0.033863656224912976
4 14.864864864864867 0.033819742419031656
4 14.883883883883884 0.03377588356897596
4 14.902902902902904 0.033732079611132185
4 14.921921921921923 0.03368833048194684
4 14.940940940940942 0.03364463611792666
4 14.959959959959962 0.03360099645563859
4 14.97897897897898 0.033557411431709754
4 14.997997997997999 0.03351388098282739
4 15.017017017017018 0.03347040504573892
4 15.036036036036037 0.03342698355725185
4 15.055055055055057 0.03338361645423378
4 15.074074074074074 0.03334030367361237
4 15.093093093093094 0.033297045152375346
4 15.112112112112113 0.033253840827570436
4 15.131131131131133 0.03321069063630537
4 15.150150150150152 0.03316759451574788
4 15.16916916916917 0.03312455240312561
4 15.188188188188189 0.03308156423572619
4 15.207207207207208 0.03303862995089712
4 15.226226226226228 0.032995749486045806
4 15.245245245245247 0.03295292277863951
4 15.264264264264266 0.03291014976620535
4 15.283283283283284 0.03286743038633025
4 15.302302302302303 0.03282476457666093
4 15.321321321321323 0.032782152274903886
4 15.340340340340342 0.03273959341882537
4 15.359359359359361 0.03269708794625135
4 15.378378378378379 0.032654635795067506
4 15.397397397397398 0.032612236903219176
4 15.416416416416418 0.032569891208711385
4 15.435435435435437 0.03252759864960876
4 15.454454454454456 0.03248535916403555
4 15.473473473473474 0.03244317269017559
4 15.492492492492493 0.03240103916627226
4 15.511511511511513 0.032358958530628486
4 15.530530530530532 0.0323169307216067
4 15.549549549549551 0.03227495567762883
4 15.568568568568569 0.03223303333717627
4 15.587587587587588 0.032191163638789815
4 15.606606606606608 0.0321493465210697
4 15.625625625625627 0.032107581922675564
4 15.644644644644647 0.03206586978232639
4 15.663663663663664 0.03202421003880048
4 15.682682682682684 0.031982602630935504
4 15.701701701701703 0.03194104749762835
4 15.720720720720722 0.03189954457783523
4 15.739739739739742 0.031858093810571565
4 15.75875875875876 0.031816695134912
4 15.777777777777779 0.03177534848999034
4 15.796796796796798 0.031734053814999594
4 15.815815815815817 0.03169281104919188
4 15.834834834834837 0.03165162013187844
4 15.853853853853854 0.03161048100242958
4 15.872872872872874 0.03156939360027468
4 15.891891891891893 0.03152835786490216
4 15.910910910910912 0.031487406322267944
4 15.929929929929932 0.03145116453427918
4 15.94894894894895 0.03141496310728968
4 15.967967967967969 0.031378801999464245
4 15.986986986986988 0.03134268116900386
4 16.006006006006007 0.03130660057414569
4 16.025025025025027 0.0312705601731631
4 16.044044044044046 0.03123455992436554
4 16.063063063063062 0.03119859978609866
4 16.08208208208208 0.03116267971674417
4 16.1011011011011 0.031126799674719922
4 16.12012012012012 0.031090959618479845
4 16.13913913913914 0.031055159506513955
4 16.15815815815816 0.031019399297348316
4 16.177177177177178 0.030983678949545047
4 16.196196196196198 0.030947998421702295
4 16.215215215215217 0.030912357672454226
4 16.234234234234236 0.030876756660471
4 16.253253253253256 0.030841195344458783
4 16.272272272272275 0.03080567368315969
4 16.291291291291294 0.03077019163535181
4 16.310310310310314 0.030734749159849174
4 16.329329329329333 0.030699346215501723
4 16.34834834834835 0.030663982761195342
4 16.36736736736737 0.03062865875585178
4 16.386386386386388 0.030593374158428683
4 16.405405405405407 0.030558128927919564
4 16.424424424424426 0.030522923023353785
4 16.443443443443442 0.03048775640379656
4 16.46246246246246 0.03045262902834889
4 16.48148148148148 0.030417540856147618
4 16.5005005005005 0.03038249184636536
4 16.51951951951952 0.030347481958210507
4 16.53853853853854 0.030312511150927212
4 16.55755755755756 0.030277579383795376
4 16.576576576576578 0.030242686616130627
4 16.595595595595597 0.030207832807284302
4 16.614614614614617 0.030173017916643438
4 16.633633633633636 0.03013824190363076
4 16.652652652652655 0.03010350472770465
4 16.671671671671675 0.03006880634835915
4 16.690690690690694 0.030034146725123934
4 16.709709709709713 0.02999952581756429
4 16.72872872872873 0.02996494358528112
4 16.74774774774775 0.029930399987910906
4 16.766766766766768 0.0298958949851257
4 16.785785785785787 0.02986142853663312
4 16.804804804804807 0.02982700060217632
4 16.823823823823826 0.029792611141533965
4 16.842842842842842 0.029758260114520266
4 16.86186186186186 0.02972394748098488
4 16.88088088088088 0.02968967320081297
4 16.8998998998999 0.029655437233925153
4 16.91891891891892 0.029621239540277483
4 16.93793793793794 0.029587080079861452
4 16.956956956956958 0.02955295881270396
4 16.975975975975977 0.029518875698867308
4 16.994994994994997 0.029484830698449156
4 17.014014014014016 0.02945082377158255
4 17.033033033033036 0.02941685487843588
4 17.052052052052055 0.02938292397921286
4 17.07107107107107 0.029349031034152522
4 17.09009009009009 0.02931517600352919
4 17.10910910910911 0.029281358847652473
4 17.12812812812813 0.029247579526867247
4 17.147147147147148 0.029213838001553635
4 17.166166166166168 0.029180134232126998
4 17.185185185185187 0.029146468179037904
4 17.204204204204206 0.029112839802772114
4 17.223223223223226 0.029079249063850586
4 17.242242242242245 0.029045695922829445
4 17.261261261261264 0.029012180340299946
4 17.28028028028028 0.028978702276888504
4 17.2992992992993 0.028945261693256615
4 17.31831831831832 0.028911858550100897
4 17.33733733733734 0.028878492808153054
4 17.356356356356358 0.028845164428179835
4 17.375375375375377 0.02881187337098305
4 17.394394394394396 0.02877861959739956
4 17.413413413413416 0.028745403068301187
4 17.432432432432435 0.028712223744594804
4 17.451451451451454 0.02867908158722224
4 17.47047047047047 0.02864597655716029
4 17.48948948948949 0.028612908615420696
4 17.50850850850851 0.028579877723050127
4 17.52752752752753 0.028546883841130178
4 17.546546546546548 0.028513926930777322
4 17.565565565565567 0.02848100695314291
4 17.584584584584587 0.028448123869413172
4 17.603603603603606 0.028415277640809176
4 17.622622622622625 0.028382468228586793
4 17.641641641641645 0.028349695594036734
4 17.66066066066066 0.02831695969848449
4 17.67967967967968 0.028284260503290328
4 17.6986986986987 0.02825159796984926
4 17.71771771771772 0.028218972059591056
4 17.736736736736738 0.0281863827339802
4 17.755755755755757 0.028153829954515885
4 17.774774774774777 0.028121313682731984
4 17.793793793793796 0.028088833880197048
4 17.812812812812815 0.02805639050851428
4 17.831831831831835 0.028023983529321506
4 17.85085085085085 0.027991612904291197
4 17.86986986986987 0.02795927859513039
4 17.88888888888889 0.027926980563580728
4 17.90790790790791 0.027894718771418407
4 17.926926926926928 0.027862493180454178
4 17.945945945945947 0.027830303752533325
4 17.964964964964967 0.027798150449535618
4 17.983983983983986 0.027766033233375356
4 18.003003003003005 0.027737799968405308
4 18.022022022022025 0.027709865966632722
4 18.04104104104104 0.027681959295497258
4 18.06006006006006 0.027654079929871154
4 18.07907907907908 0.02762622784464649
4 18.0980980980981 0.02759840301473522
4 18.117117117117118 0.027570605415069106
4 18.136136136136138 0.027542835020599742
4 18.155155155155157 0.027515091806298544
4 18.174174174174176 0.027487375747156734
4 18.193193193193196 0.027459686818185326
4 18.212212212212215 0.027432024994415136
4 18.231231231231234 0.027404390250896755
4 18.25025025025025 0.027376782562700548
4 18.26926926926927 0.027349201904916624
4 18.28828828828829 0.027321648252654877
4 18.30730730730731 0.02729412158104492
4 18.326326326326328 0.027266621865236117
4 18.345345345345347 0.027239149080397557
4 18.364364364364366 0.02721170320171803
4 18.383383383383386 0.02718428420440605
4 18.402402402402405 0.02715689206368982
4 18.421421421421424 0.027129526754817248
4 18.44044044044044 0.027102188253055902
4 18.45945945945946 0.027074876533693035
4 18.47847847847848 0.027047591572035547
4 18.4974974974975 0.027020333343410013
4 18.516516516516518 0.02699310182316263
4 18.535535535535537 0.026965896986659244
4 18.554554554554556 0.026938718809285316
4 18.573573573573576 0.02691156726644593
4 18.592592592592595 0.02688444233356577
4 18.611611611611615 0.02685734398608913
4 18.63063063063063 0.026830272199479876
4 18.64964964964965 0.026803226949221454
4 18.66866866866867 0.026776208210816884
4 18.68768768768769 0.026749215959788752
4 18.706706706706708 0.02672225017167919
4 18.725725725725727 0.02669531082204986
4 18.744744744744747 0.026668397886481964
4 18.763763763763766 0.026641511340576237
4 18.782782782782785 0.026614651159952915
4 18.801801801801805 0.02658781732025174
4 18.82082082082082 0.026561009797131958
4 18.83983983983984 0.026534228566272272
4 18.85885885885886 0.0265074736033709
4 18.87787787787788 0.026480744884145483
4 18.896896896896898 0.02645404238433316
4 18.915915915915917 0.02642736607969049
4 18.934934934934937 0.02640071594599348
4 18.953953953953956 0.02637409195903757
4 18.972972972972975 0.02634749409463761
4 18.991991991991995 0.026320922328627854
4 19.011011011011014 0.026294376636861974
4 19.03003003003003 0.02626785699521302
4 19.04904904904905 0.02624136337957342
4 19.06806806806807 0.02621489576585499
4 19.087087087087088 0.02618845412998888
4 19.106106106106107 0.02616203844792563
4 19.125125125125127 0.02613564869563509
4 19.144144144144146 0.02610928484910646
4 19.163163163163166 0.026082946884348257
4 19.182182182182185 0.026056634777388312
4 19.201201201201204 0.026030348504273774
4 19.22022022022022 0.026004088041071072
4 19.23923923923924 0.025977853363865915
4 19.25825825825826 0.025951644448763307
4 19.27727727727728 0.02592546127188751
4 19.296296296296298 0.02589930380938204
4 19.315315315315317 0.02587317203740966
4 19.334334334334336 0.02584706593215237
4 19.353353353353356 0.025820985469811413
4 19.372372372372375 0.025794930626607225
4 19.391391391391394 0.02576890137877946
4 19.41041041041041 0.025742897702586993
4 19.42942942942943 0.02571691957430785
4 19.44844844844845 0.02569096697023925
4 19.46746746746747 0.025665039866697607
4 19.486486486486488 0.02563913824001846
4 19.505505505505507 0.02561326206655652
4 19.524524524524526 0.025587411322685636
4 19.543543543543546 0.025561585984798768
4 19.562562562562565 0.025535786029308036
4 19.581581581581585 0.025510011432644628
4 19.6006006006006 0.025484262171258872
4 19.61961961961962 0.025458538221620156
4 19.63863863863864 0.025432839560216965
4 19.65765765765766 0.02540716616355687
4 19.676676676676678 0.025381518008166477
4 19.695695695695697 0.025355895070591463
4 19.714714714714717 0.025330297327396542
4 19.733733733733736 0.025304724755165466
4 19.752752752752755 0.025279177330501005
4 19.771771771771775 0.025253655030024948
4 19.790790790790794 0.025228157830378083
4 19.80980980980981 0.0252026857082202
4 19.82882882882883 0.025177238640230054
4 19.84784784784785 0.025151816603105396
4 19.866866866866868 0.025126419573562937
4 19.885885885885887 0.025101047528338322
4 19.904904904904907 0.025075700444186177
4 19.923923923923926 0.02505037829788003
4 19.942942942942945 0.025025081066212356
4 19.961961961961965 0.024999808725994537
4 19.980980980980984 0.024974561254056848
4 20.0 0.024949338627248487
