4 1.0 0.0
4 1.019019019019019 0.0181872151880554
4 1.038038038038038 0.034827466408329226
4 1.057057057057057 0.050077842961231724
4 1.0760760760760761 0.06407474807918713
4 1.095095095095095 0.07693720606314129
4 1.1141141141141142 0.08876955486018405
4 1.1331331331331331 0.09966365330714694
4 1.1521521521521523 0.10970070211588587
4 1.1711711711711712 0.11895275521584274
4 1.1901901901901901 0.12748398117962306
4 1.2092092092092093 0.13535172164391476
4 1.2282282282282282 0.14260738383648708
4 1.2472472472472473 0.14929719676366585
4 1.2662662662662663 0.15546285474430102
4 1.2852852852852852 0.16114206738702566
4 1.3043043043043043 0.1663690314950576
4 1.3233233233233235 0.17117483752131743
4 1.3423423423423424 0.17558782091663716
4 1.3613613613613613 0.1796338668869258
4 1.3803803803803805 0.1833366756034572
4 1.3993993993993994 0.18671799371884018
4 1.4184184184184185 0.1897978170717173
4 1.4374374374374375 0.192594568670753
4 1.4564564564564564 0.1951252553978226
4 1.4754754754754755 0.19740560633383594
4 1.4944944944944947 0.19945019516649348
4 1.5135135135135136 0.20127254877015288
4 1.5325325325325325 0.20288524374005512
4 1.5515515515515514 0.204299992405359
4 1.5705705705705706 0.2055277196288563
4 1.5895895895895897 0.20657863151868514
4 1.6086086086086087 0.20746227702299636
4 1.6276276276276276 0.20818760324759744
4 1.6466466466466467 0.20876300522521374
4 1.6656656656656659 0.20919637076998132
4 1.6846846846846848 0.2094951209694903
4 1.7037037037037037 0.20966624679696255
4 1.7227227227227226 0.20971634226617633
4 1.7417417417417418 0.2096516345000458
4 1.760760760760761 0.2094780110390787
4 1.7797797797797799 0.20920104467722636
4 1.7987987987987988 0.2088260160790329
4 1.817817817817818 0.20835793440274727
4 1.8368368368368369 0.20780155612856202
4 1.855855855855856 0.20716140226886004
4 1.874874874874875 0.20644177411784284
4 1.8938938938938938 0.2056467676807973
4 1.912912912912913 0.2047802869082152
4 1.9319319319319321 0.20384605584673327
4 1.950950950950951 0.20284762980717294
4 1.96996996996997 0.20178840563963477
4 1.9889889889889891 0.20067163119645476
4 2.008008008008008 0.1995004140557273
4 2.027027027027027 0.19827772957089315
4 2.046046046046046 0.19700642830548765
4 2.065065065065065 0.19568924290643336
4 2.0840840840840844 0.1943287944641673
4 2.103103103103103 0.19292759840333887
4 2.1221221221221223 0.19148806994373813
4 2.141141141141141 0.1900125291674613
4 2.16016016016016 0.18850320572503765
4 2.1791791791791795 0.1869622432102958
4 2.1981981981981984 0.18539170323109153
4 2.2172172172172173 0.18379356920062495
4 2.2362362362362362 0.18216974987191845
4 2.255255255255255 0.18052208263606997
4 2.2742742742742745 0.17885233660313407
4 2.2932932932932935 0.17716221548287847
4 2.3123123123123124 0.17545336028121358
4 2.3313313313313317 0.17372735182677346
4 2.3503503503503502 0.17198571314092478
4 2.3693693693693696 0.17022991166339008
4 2.3883883883883885 0.16846136134467568
4 2.4074074074074074 0.1666814246155838
4 2.426426426426427 0.16489141424326206
4 2.4454454454454453 0.16309259508248097
4 2.4644644644644647 0.16128618573013723
4 2.4834834834834836 0.15947336009034402
4 2.5025025025025025 0.15765524885688403
4 2.521521521521522 0.15583294091926675
4 2.5405405405405403 0.15400748469813788
4 2.5595595595595597 0.15217988941533614
4 2.5785785785785786 0.1503511263034766
4 2.5975975975975976 0.14852212975955442
4 2.616616616616617 0.1466937984467107
4 2.635635635635636 0.1448669963479755
4 2.6546546546546548 0.1430425537755012
4 2.6736736736736737 0.14122126833852292
4 2.6926926926926926 0.13940390587302523
4 2.711711711711712 0.1375912013358578
4 2.730730730730731 0.13578385966582265
4 2.74974974974975 0.1339825566140537
4 2.768768768768769 0.1321879395458223
4 2.7877877877877877 0.13040062821572818
4 2.806806806806807 0.12862121551807412
4 2.825825825825826 0.12685026821407847
4 2.844844844844845 0.1250883276374357
4 2.8638638638638643 0.12333591037961483
4 2.8828828828828827 0.12159350895616457
4 2.901901901901902 0.1198615924551854
4 2.920920920920921 0.11814060716903178
4 2.93993993993994 0.11643097721021038
4 2.9589589589589593 0.11473310511235937
4 2.9779779779779783 0.11304737241711159
4 2.996996996996997 0.11137414024757357
4 3.016016016016016 0.10971374986908466
4 3.035035035035035 0.10806652323785924
4 3.0540540540540544 0.10643276353805786
4 3.0730730730730733 0.10481275570778202
4 3.0920920920920922 0.10320676695443833
4 3.111111111111111 0.10161504725987544
4 3.13013013013013 0.1000378298756563
4 3.1491491491491495 0.09847533180879192
4 3.1681681681681684 0.09692775429823026
4 3.1871871871871873 0.09539528328236267
4 3.206206206206206 0.0938780898577839
4 3.2252252252252256 0.09237633072951609
4 3.2442442442442445 0.09089014865288586
4 3.2632632632632634 0.08941967286722169
4 3.2822822822822824 0.08796501952152322
4 3.3013013013013013 0.086526292092236
4 3.3203203203203207 0.08510358179325182
4 3.3393393393393396 0.08369696797824211
4 3.3583583583583585 0.08230651853542031
4 3.3773773773773774 0.08093229027482045
4 3.396396396396397 0.07957432930816934
4 3.4154154154154157 0.0782326714214239
4 3.4344344344344346 0.07690734244003791
4 3.4534534534534536 0.07559835858701855
4 3.4724724724724725 0.07430572683382743
4 3.491491491491492 0.07302944524417887
4 3.5105105105105108 0.07176950331078451
4 3.5295295295295297 0.0705258822850915
4 3.5485485485485486 0.0692985555000609
4 3.567567567567568 0.0680874886860312
4 3.586586586586587 0.06689264027971213
4 3.605605605605606 0.06571396172635331
4 3.6246246246246248 0.06455139777513409
4 3.6436436436436437 0.0634048867678203
4 3.662662662662663 0.062274360920735586
4 3.681681681681682 0.061159746600096224
4 3.700700700700701 0.06006096459075957
4 3.71971971971972 0.05897793035843847
4 3.738738738738739 0.05791055430543554
4 3.757757757757758 0.05685874201995334
4 3.776776776776777 0.05582239451903825
4 3.795795795795796 0.05480140848521858
4 3.814814814814815 0.053795676496899196
4 3.8338338338338342 0.05280508725257682
4 3.852852852852853 0.05182952578894339
4 3.871871871871872 0.050868873692945654
4 3.890890890890891 0.049923009307872586
4 3.90990990990991 0.048991807933543435
4 3.9289289289289293 0.04807514202067146
4 3.9479479479479482 0.04717288135948077
4 3.966966966966967 0.04628489326265466
4 3.985985985985986 0.04541104274269667
4 4.005005005005005 0.044551192683786406
4 4.024024024024024 0.04370520400821433
4 4.043043043043044 0.04287293583748093
4 4.062062062062062 0.04205424564814684
4 4.081081081081081 0.04124898942252237
4 4.1001001001001 0.0404570217942855
4 4.119119119119119 0.03967819618911869
4 4.138138138138139 0.03891236496045543
4 4.157157157157157 0.03815937952042876
4 4.176176176176177 0.037419090466114226
4 4.195195195195195 0.03669134770116075
4 4.2142142142142145 0.0359760005529026
4 4.233233233233234 0.03527289788504709
4 4.252252252252252 0.03458188820603154
4 4.271271271271272 0.03390281977314433
4 4.29029029029029 0.03323554069250442
4 4.3093093093093096 0.03257989901499317
4 4.328328328328329 0.031935742828233166
4 4.347347347347347 0.03130292034470736
4 4.366366366366367 0.030681279986112194
4 4.385385385385385 0.030070670464037906
4 4.404404404404405 0.029470940857067942
4 4.423423423423424 0.028881940684389994
4 4.442442442442443 0.02830351997600918
4 4.461461461461462 0.02773552933965418
4 4.48048048048048 0.027177820024465598
4 4.4994994994995 0.026630243981555363
4 4.518518518518519 0.026092653921524905
4 4.537537537537538 0.02556490336902843
4 4.556556556556557 0.02504684671446726
4 4.575575575575575 0.024538339262899517
4 4.594594594594595 0.02403923728024856
4 4.613613613613614 0.02354939803689226
4 4.6326326326326335 0.02306867984871393
4 4.651651651651652 0.022596942115694522
4 4.67067067067067 0.02213404535812439
4 4.68968968968969 0.021679851250511608
4 4.708708708708709 0.021234222653262427
4 4.7277277277277285 0.020797023642207917
4 4.746746746746747 0.02036811953604982
4 4.7657657657657655 0.019947376921796798
4 4.784784784784785 0.019534663678261278
4 4.803803803803804 0.01912984899768523
4 4.822822822822824 0.01873280340556196
4 4.841841841841842 0.01834339877871959
4 4.8608608608608606 0.01796150836173041
4 4.87987987987988 0.01758700678170878
4 4.898898898898899 0.01721977006155885
4 4.917917917917919 0.016859675631731852
4 4.936936936936937 0.016506602340551377
4 4.9559559559559565 0.016160430463163462
4 4.974974974974975 0.015821041709167163
4 4.993993993993994 0.015488319228979348
4 5.013013013013014 0.015162147618986712
4 5.032032032032032 0.014842412925535935
4 5.051051051051052 0.014529002647812025
4 5.07007007007007 0.014221805739653346
4 5.089089089089089 0.01392071261035026
4 5.108108108108109 0.01362561512447346
4 5.127127127127127 0.013336406600776207
4 5.146146146146147 0.013052981810213707
4 5.165165165165165 0.012775236973121688
4 5.1841841841841845 0.012503069755594443
4 5.203203203203204 0.012236379265102099
4 5.222222222222222 0.011975066045384957
4 5.241241241241242 0.011719032070661972
4 5.26026026026026 0.01146818073918927
4 5.2792792792792795 0.011222416866203015
4 5.298298298298299 0.010981646676280462
4 5.317317317317317 0.01074577779515128
4 5.336336336336337 0.010514719240990539
4 5.355355355355356 0.01028838141522367
4 5.374374374374375 0.010066676092872389
4 5.393393393393394 0.009849516412469816
4 5.412412412412412 0.009636816865572091
4 5.431431431431432 0.00942849328589236
4 5.450450450450451 0.00922446283808273
4 5.46946946946947 0.009024644006188206
4 5.488488488488489 0.00882895658179616
4 5.5075075075075075 0.008637321651903904
4 5.526526526526527 0.008449661586525853
4 5.545545545545546 0.008265900026061333
4 5.564564564564565 0.008085961868442895
4 5.583583583583584 0.007909773256084364
4 5.602602602602603 0.007737261562647258
4 5.621621621621622 0.007568355379643001
4 5.640640640640641 0.00740298450288821
4 5.65965965965966 0.007241079918829106
4 5.678678678678679 0.0070825737907507175
4 5.6976976976976985 0.006927399444885892
4 5.716716716716717 0.006775491356438223
4 5.735735735735736 0.006626785135532654
4 5.754754754754755 0.006481217513106835
4 5.773773773773774 0.006338726326755556
4 5.792792792792794 0.006199250506540309
4 5.811811811811812 0.00606273006077518
4 5.830830830830831 0.005929106061799934
4 5.84984984984985 0.005798320631750623
4 5.868868868868869 0.005670316928337374
4 5.887887887887889 0.005545039130638829
4 5.906906906906907 0.0054224324249219314
4 5.9259259259259265 0.005302442990495505
4 5.944944944944945 0.005185017985605632
4 5.963963963963964 0.005070105533380219
4 5.982982982982984 0.0049576547078300625
4 6.002002002002002 0.004847615519912982
4 6.0210210210210215 0.004739938903667463
4 6.04004004004004 0.004634576702421841
4 6.059059059059059 0.004531481655084561
4 6.078078078078079 0.004430607382520943
4 6.097097097097097 0.0043319083740213545
4 6.116116116116117 0.004235339973865476
4 6.135135135135136 0.004140858367987104
4 6.1541541541541545 0.004048420570743467
4 6.173173173173174 0.00395798441179292
4 6.192192192192192 0.0038695085230846015
4 6.211211211211212 0.0037829523259632096
4 6.230230230230231 0.0036982760183921002
4 6.2492492492492495 0.003615440562297364
4 6.268268268268269 0.003534407671035537
4 6.287287287287287 0.0034551397969873267
4 6.306306306306307 0.0033776001192794137
4 6.325325325325326 0.0033017525316364014
4 6.344344344344345 0.0032275616303645807
4 6.363363363363364 0.003154992702469136
4 6.382382382382382 0.0030840117139062278
4 6.401401401401402 0.0030145852979711245
4 6.420420420420421 0.0029466807438235446
4 6.43943943943944 0.0028802659851510834
4 6.458458458458459 0.0028153095889715323
4 6.477477477477478 0.0027517807445747687
4 6.496496496496497 0.0026896492526046886
4 6.515515515515516 0.0026288855142815926
4 6.534534534534535 0.002569460520765335
4 6.553553553553554 0.0025113458426593276
4 6.572572572572573 0.0024545136196555367
4 6.591591591591592 0.002398936550320343
4 6.610610610610611 0.002344587882021172
4 6.62962962962963 0.0022914414009936614
4 6.648648648648649 0.002239471422548989
4 6.6676676676676685 0.0021886527814210313
4 6.686686686686687 0.002138960822252795
4 6.705705705705706 0.0020903713902216117
4 6.724724724724725 0.0020428608218024664
4 6.743743743743744 0.0019964059356687327
4 6.762762762762764 0.0019509840237296103
4 6.781781781781782 0.0019065728423034163
4 6.800800800800801 0.001863150603425875
4 6.81981981981982 0.0018206959662925134
4 6.838838838838839 0.0017791880288341511
4 6.857857857857859 0.0017386063194245363
4 6.876876876876877 0.0016989307887190247
4 6.8958958958958965 0.001660141801623242
4 6.914914914914916 0.0016222201293906158
4 6.933933933933934 0.0015851469418475912
4 6.952952952952954 0.0015489037997453603
4 6.971971971971972 0.0015134726472369072
4 6.9909909909909915 0.0014788358044780859
4 7.010010010010011 0.0014449759603515188
4 7.029029029029029 0.0014118761653119842
4 7.048048048048049 0.0013795198243520142
4 7.067067067067067 0.0013478906900863904
4 7.086086086086087 0.0013169728559541585
4 7.105105105105106 0.0012867507495368663
4 7.124124124124124 0.0012572091259916162
4 7.143143143143144 0.0012283330615975774
4 7.162162162162162 0.0012001079474145873
4 7.181181181181182 0.0011725194830524233
4 7.200200200200201 0.0011455536705493805
4 7.2192192192192195 0.0011191968083587305
4 7.238238238238239 0.0010934354854416667
4 7.257257257257257 0.001068256575465342
4 7.276276276276277 0.0010436472311045604
4 7.295295295295296 0.0010195948784457564
4 7.314314314314315 0.0009960872114918183
4 7.333333333333334 0.0009731121867663684
4 7.352352352352353 0.000950658018016107
4 7.371371371371372 0.0009287131710098027
4 7.390390390390391 0.0009072663584325443
4 7.40940940940941 0.0008863065348738765
4 7.428428428428429 0.0008658228919084155
4 7.447447447447448 0.000845804853267593
4 7.466466466466467 0.0008262420701011416
4 7.485485485485486 0.0008071244163269677
4 7.504504504504505 0.000788441984068071
4 7.523523523523524 0.0007701850791751459
4 7.542542542542543 0.0007523442168335556
4 7.561561561561562 0.0007349101172533374
4 7.580580580580581 0.0007178737014409341
4 7.5995995995996 0.0007012260870513559
4 7.618618618618619 0.0006849585843194648
4 7.6376376376376385 0.0006690626920691242
4 7.656656656656657 0.0006535300937989274
4 7.675675675675676 0.0006383526538432584
4 7.694694694694695 0.0006235224136074476
4 7.713713713713714 0.0006090315878757771
4 7.7327327327327335 0.0005948725611911353
4 7.751751751751752 0.0005810378843051034
4 7.770770770770771 0.0005675202706972882
4 7.789789789789791 0.0005543125931627275
4 7.808808808808809 0.0005414078804661954
4 7.827827827827829 0.0005287993140622607
4 7.846846846846847 0.0005164802248799689
4 7.8658658658658664 0.0005044440901710094
4 7.884884884884886 0.0004926845304202771
4 7.903903903903904 0.0004811953063177185
4 7.922922922922924 0.000469970315790388
4 7.941941941941942 0.0004590035910936522
4 7.9609609609609615 0.0004482892959604771
4 7.979979979979981 0.0004378217228077741
4 7.998998998998999 0.000427595289998769
4 8.018018018018019 0.0004176045391603877
4 8.037037037037038 0.0004078441325546676
4 8.056056056056057 0.0003983088505032021
4 8.075075075075077 0.00038899358886365886
4 8.094094094094094 0.0003798933565574147
4 8.113113113113114 0.0003710032731473617
4 8.132132132132133 0.000362318566464973
4 8.15115115115115 0.0003538345702856969
4 8.17017017017017 0.0003455467220517906
4 8.18918918918919 0.0003374505606417136
4 8.208208208208209 0.00032954172418519524
4 8.227227227227228 0.0003218159479231294
4 8.246246246246248 0.0003142690621114474
4 8.265265265265267 0.0003068969899681376
4 8.284284284284285 0.0002996957456625945
4 8.303303303303304 0.0002926614323464882
4 8.322322322322323 0.0002857902402253715
4 8.34134134134134 0.0002790784446702322
4 8.36036036036036 0.0002725224043682309
4 8.37937937937938 0.0002661185595118738
4 8.398398398398399 0.00025986343002586967
4 8.417417417417418 0.0002537536138309468
4 8.436436436436438 0.0002477857851439136
4 8.455455455455457 0.00024195669281325418
4 8.474474474474475 0.00023626315868956915
4 8.493493493493494 0.0002307020760301751
4 8.512512512512513 0.0002252704079372022
4 8.531531531531531 0.00021996518582852065
4 8.55055055055055 0.00021478350794085482
4 8.56956956956957 0.00020972253786445309
4 8.588588588588589 0.0002047795031086802
4 8.607607607607608 0.0001999516936979255
4 8.626626626626628 0.0001952364607972212
4 8.645645645645647 0.0001906312153669804
4 8.664664664664667 0.00018613342684627152
4 8.683683683683684 0.0001817406218640601
4 8.702702702702704 0.00017745038297785405
4 8.721721721721721 0.00017326034743920802
4 8.74074074074074 0.0001691682059855362
4 8.75975975975976 0.00016517170165771395
4 8.77877877877878 0.00016126862864293795
4 8.797797797797799 0.0001574568311423379
4 8.816816816816818 0.000153734202262837
4 8.835835835835837 0.00015009868293276734
4 8.854854854854857 0.00014654826084075718
4 8.873873873873874 0.00014308096939741503
4 8.892892892892894 0.00013969488671934353
4 8.911911911911913 0.00013638813463502986
4 8.93093093093093 0.0001331588777121585
4 8.94994994994995 0.000130005322305909
4 8.96896896896897 0.0001269257156278098
4 8.987987987987989 0.00012391834483471822
4 9.007007007007008 0.00012098153613751608
4 9.026026026026027 0.00011811365392911145
4 9.045045045045045 0.00011531309993134682
4 9.064064064064064 0.00011257831236042064
4 9.083083083083084 0.00010990776511044094
4 9.102102102102103 0.0001072999669547289
4 9.121121121121122 0.0001047534607645065
4 9.14014014014014 0.00010226682274460381
4 9.15915915915916 9.983866168582976e-05
4 9.178178178178179 9.746761823366055e-05
4 9.197197197197198 9.515236417289944e-05
4 9.216216216216218 9.289160172797631e-05
4 9.235235235235235 9.068406287855706e-05
4 9.254254254254255 8.852850869013968e-05
4 9.273273273273274 8.642372865932448e-05
4 9.292292292292293 8.436854007344459e-05
4 9.311311311311313 8.236178738425683e-05
4 9.33033033033033 8.040234159539408e-05
4 9.34934934934935 7.848909966328724e-05
4 9.368368368368369 7.662098391127358e-05
4 9.387387387387388 7.479694145660828e-05
4 9.406406406406408 7.301594365010722e-05
4 9.425425425425425 7.127698552815175e-05
4 9.444444444444445 6.957908527679091e-05
4 9.463463463463464 6.792128370768564e-05
4 9.482482482482483 6.630264374563899e-05
4 9.501501501501503 6.47222499274669e-05
4 9.52052052052052 6.317920791196604e-05
4 9.53953953953954 6.167264400074042e-05
4 9.558558558558559 6.020170466965567e-05
4 9.577577577577578 5.876555611069034e-05
4 9.596596596596598 5.7363383783962624e-05
4 9.615615615615617 5.5994391979712685e-05
4 9.634634634634635 5.465780339002659e-05
4 9.653653653653654 5.335285869009089e-05
4 9.672672672672673 5.207881612877411e-05
4 9.691691691691693 5.0834951128331004e-05
4 9.710710710710712 4.962055589303445e-05
4 9.72972972972973 4.843493902654064e-05
4 9.74874874874875 4.727742515779821e-05
4 9.767767767767769 4.6147354575317326e-05
4 9.786786786786788 4.50440828696153e-05
4 9.805805805805807 4.3966980583662384e-05
4 9.824824824824825 4.2915432871153545e-05
4 9.843843843843844 4.188883916243501e-05
4 9.862862862862864 4.0886612837920535e-05
4 9.881881881881883 3.990818090883184e-05
4 9.900900900900902 3.895298370510505e-05
4 9.91991991991992 3.802047457030582e-05
4 9.93893893893894 3.711011956339971e-05
4 9.957957957957959 3.6221397167228824e-05
4 9.976976976976978 3.5353798003546325e-05
4 9.995995995995997 3.450682455446615e-05
4 10.015015015015015 3.367999089018688e-05
4 10.034034034034034 3.287282240285148e-05
4 10.053053053053054 3.208485554640935e-05
4 10.072072072072073 3.1315637582347006e-05
4 10.091091091091092 3.0564726331159443e-05
4 10.11011011011011 2.98316899294353e-05
4 10.12912912912913 2.9116106592431676e-05
4 10.148148148148149 2.8417564382018573e-05
4 10.167167167167168 2.773566097987303e-05
4 10.186186186186188 2.7070003465807878e-05
4 10.205205205205205 2.6420208101121318e-05
4 10.224224224224224 2.5785900116855835e-05
4 10.243243243243244 2.5166713506858742e-05
4 10.262262262262263 2.4562290825536592e-05
4 10.281281281281283 2.3972282990200328e-05
4 10.3003003003003 2.3396349087898946e-05
4 10.31931931931932 2.2834156186641804e-05
4 10.338338338338339 2.2285379150912703e-05
4 10.357357357357358 2.1749700461379296e-05
4 10.376376376376378 2.122681003870523e-05
4 10.395395395395397 2.0716405071373365e-05
4 10.414414414414415 2.02181898474307e-05
4 10.433433433433434 1.9731875590067327e-05
4 10.452452452452453 1.925718029694452e-05
4 10.471471471471473 1.879382858318734e-05
4 10.490490490490492 1.834155152796048e-05
4 10.50950950950951 1.7900086524547135e-05
4 10.528528528528529 1.7469177133852157e-05
4 10.547547547547548 1.7048572941253577e-05
4 10.566566566566568 1.6638029416726578e-05
4 10.585585585585587 1.6237307778167234e-05
4 10.604604604604605 1.5846174857843984e-05
4 10.623623623623624 1.5464402971906494e-05
4 10.642642642642643 1.5091769792883791e-05
4 10.661661661661663 1.4728058225103768e-05
4 10.680680680680682 1.4373056282968906e-05
4 10.6996996996997 1.402655697202377e-05
4 10.71871871871872 1.3688358172751315e-05
4 10.737737737737739 1.3358262527036966e-05
4 10.756756756756758 1.3036077327239743e-05
4 10.775775775775777 1.2721614407812117e-05
4 10.794794794794795 1.2414690039410913e-05
4 10.813813813813814 1.21151248254429e-05
4 10.832832832832834 1.1822743600990527e-05
4 10.851851851851853 1.1537375334063371e-05
4 10.870870870870872 1.1258853029123208e-05
4 10.88988988988989 1.09870136328311e-05
4 10.90890890890891 1.072169794196604e-05
4 10.927927927927929 1.0462750513466411e-05
4 10.946946946946948 1.0210019576545602e-05
4 10.965965965965967 9.963356946835148e-06
4 10.984984984984985 9.722617942509289e-06
4 11.004004004004004 9.487661302345834e-06
4 11.023023023023024 9.258349105679725e-06
4 11.042042042042043 9.034546694205847e-06
4 11.061061061061062 8.816122595589376e-06
4 11.08008008008008 8.602948448842437e-06
4 11.0990990990991 8.394898931426827e-06
4 11.118118118118119 8.19185168804375e-06
4 11.137137137137138 7.993687261071774e-06
4 11.156156156156158 7.800289022615775e-06
4 11.175175175175177 7.611543108129968e-06
4 11.194194194194194 7.427338351579184e-06
4 11.213213213213214 7.247566222103221e-06
4 11.232232232232233 7.07212076215015e-06
4 11.251251251251253 6.9008985270447315e-06
4 11.270270270270272 6.733798525959369e-06
4 11.28928928928929 6.570722164255485e-06
4 11.308308308308309 6.41157318716386e-06
4 11.327327327327328 6.256257624773558e-06
4 11.346346346346348 6.104683738299157e-06
4 11.365365365365367 5.956761967597238e-06
4 11.384384384384385 5.812404879903437e-06
4 11.403403403403404 5.671527119762016e-06
4 11.422422422422423 5.534045360120789e-06
4 11.441441441441443 5.399878254564422e-06
4 11.460460460460462 5.268946390660163e-06
4 11.47947947947948 5.141172244390387e-06
4 11.498498498498499 5.0164801356469475e-06
4 11.517517517517518 4.894796184763085e-06
4 11.536536536536538 4.776048270058829e-06
4 11.555555555555557 4.660165986376732e-06
4 11.574574574574575 4.5470806045851045e-06
4 11.593593593593594 4.436725032026415e-06
4 11.612612612612613 4.329033773889264e-06
4 11.631631631631633 4.223942895482417e-06
4 11.650650650650652 4.121389985390287e-06
4 11.66966966966967 4.021314119489476e-06
4 11.68868868868869 3.923655825806472e-06
4 11.707707707707709 3.8283570501972345e-06
4 11.726726726726728 3.7353611228294922e-06
4 11.745745745745747 3.6446127254493862e-06
4 11.764764764764765 3.5560578594142582e-06
4 11.783783783783784 3.469643814473858e-06
4 11.802802802802804 3.3853191382827775e-06
4 11.821821821821823 3.3030336066270506e-06
4 11.840840840840842 3.2227381943484917e-06
4 11.85985985985986 3.1443850469506125e-06
4 11.87887887887888 3.067927452870273e-06
4 11.897897897897899 2.993319816399768e-06
4 11.916916916916918 2.9205176312441347e-06
4 11.935935935935937 2.8494774546990577e-06
4 11.954954954954957 2.7801568824349376e-06
4 11.973973973973974 2.7125145238730844e-06
4 11.992992992992994 2.646509978140247e-06
4 12.012012012012013 2.5821038105881562e-06
4 12.031031031031032 2.519257529864829e-06
4 12.050050050050052 2.457933565524914e-06
4 12.06906906906907 2.398095246166522e-06
4 12.088088088088089 2.3397067780822694e-06
4 12.107107107107108 2.282733224412671e-06
4 12.126126126126128 2.2271404847900735e-06
4 12.145145145145147 2.1728952754618056e-06
4 12.164164164164164 2.1199651098813628e-06
4 12.183183183183184 2.0683182797567004e-06
4 12.202202202202203 2.0179238365450617e-06
4 12.221221221221223 1.9687515733838424e-06
4 12.240240240240242 1.9207720074473965e-06
4 12.25925925925926 1.8739563627198307e-06
4 12.278278278278279 1.8282765531740643e-06
4 12.297297297297298 1.7837051663477393e-06
4 12.316316316316318 1.740215447306632e-06
4 12.335335335335337 1.6977812829865875e-06
4 12.354354354354355 1.6563771869051127e-06
4 12.373373373373374 1.6159782842339724e-06
4 12.392392392392393 1.5765602972244156e-06
4 12.411411411411413 1.5380995309767064e-06
4 12.430430430430432 1.5005728595459703e-06
4 12.44944944944945 1.463957712376469e-06
4 12.468468468468469 1.4282320610566029e-06
4 12.487487487487488 1.3933744063871843e-06
4 12.506506506506508 1.3593637657555852e-06
4 12.525525525525527 1.3261796608086404e-06
4 12.544544544544545 1.293802105417294e-06
4 12.563563563563564 1.2622115939261407e-06
4 12.582582582582583 1.2313890896812253e-06
4 12.601601601601603 1.2013160138295165e-06
4 12.620620620620622 1.171974234383735e-06
4 12.63963963963964 1.143346055546286e-06
4 12.65865865865866 1.1154142072862113e-06
4 12.677677677677679 1.088161835163256e-06
4 12.696696696696698 1.0615724903931998e-06
4 12.715715715715717 1.035630120148821e-06
4 12.734734734734735 1.0103190580909484e-06
4 12.753753753753754 9.85624015124181e-07
4 12.772772772772774 9.615300703720281e-07
4 12.791791791791793 9.380226623662684e-07
4 12.810810810810812 9.150875804455188e-07
4 12.829829829829832 8.927109563580841e-07
4 12.84884884884885 8.708792560642796e-07
4 12.867867867867869 8.495792717335202e-07
4 12.886886886886888 8.287981139316237e-07
4 12.905905905905907 8.085232039938051e-07
4 12.924924924924927 7.887422665790181e-07
4 12.943943943943944 7.694433224013638e-07
4 12.962962962962964 7.50614681134378e-07
4 12.981981981981983 7.322449344841563e-07
4 13.001001001001002 7.143229494272927e-07
4 13.020020020020022 6.968378616097747e-07
4 13.03903903903904 6.797790689030286e-07
4 13.058058058058059 6.631362251133947e-07
4 13.077077077077078 6.46899233841439e-07
4 13.096096096096097 6.310582424875293e-07
4 13.115115115115117 6.156036364002439e-07
4 13.134134134134134 6.005260331642345e-07
4 13.153153153153154 5.858162770242362e-07
4 13.172172172172173 5.714654334420319e-07
4 13.191191191191193 5.57464783783197e-07
4 13.210210210210212 5.438058201305785e-07
4 13.22922922922923 5.304802402215021e-07
4 13.248248248248249 5.174799425057751e-07
4 13.267267267267268 5.047970213216444e-07
4 13.286286286286288 4.924237621868925e-07
4 13.305305305305307 4.803526372023661e-07
4 13.324324324324325 4.685763005652658e-07
4 13.343343343343344 4.570875841895919e-07
4 13.362362362362363 4.458794934312271e-07
4 13.381381381381383 4.3494520291514956e-07
4 13.400400400400402 4.242780524623762e-07
4 13.41941941941942 4.138715431142629e-07
4 13.438438438438439 4.0371933325185046e-07
4 13.457457457457458 3.938152348080146e-07
4 13.476476476476478 3.841532095701998e-07
4 13.495495495495497 3.7472736557160117e-07
4 13.514514514514515 3.6553195356869046e-07
4 13.533533533533534 3.5656136360303164e-07
4 13.552552552552553 3.478101216453981e-07
4 13.571571571571573 3.3927288632021734e-07
4 13.590590590590592 3.30944445708451e-07
4 13.609609609609612 3.2281971422703717e-07
4 13.62862862862863 3.1489372958308066e-07
4 13.647647647647648 3.071616498010065e-07
4 13.666666666666668 2.9961875032095587e-07
4 13.685685685685687 2.9226042116671164e-07
4 13.704704704704707 2.8508216418151437e-07
4 13.723723723723724 2.780795903301469e-07
4 13.742742742742744 2.7124841706570776e-07
4 13.761761761761763 2.645844657595446e-07
4 13.780780780780782 2.580836591928286e-07
4 13.799799799799802 2.5174201910831394e-07
4 13.81881881881882 2.4555566382084367e-07
4 13.837837837837839 2.3952080588520065e-07
4 13.856856856856858 2.3363374981994494e-07
4 13.875875875875877 2.2789088988589263e-07
4 13.894894894894897 2.2228870791794094e-07
4 13.913913913913914 2.16823771208966e-07
4 13.932932932932934 2.1149273044454764e-07
4 13.951951951951953 2.0629231768731746e-07
4 13.970970970970972 2.012193444097354e-07
4 13.989989989989992 1.9627069957414706e-07
4 14.00900900900901 1.9144334775899045e-07
4 14.028028028028029 1.867343273300487e-07
4 14.047047047047048 1.8214074865567923e-07
4 14.066066066066067 1.7765979236496067e-07
4 14.085085085085087 1.7328870764773883e-07
4 14.104104104104104 1.690248105955682e-07
4 14.123123123123124 1.6486548258257062e-07
4 14.142142142142143 1.6080816868526164e-07
4 14.161161161161163 1.5685037614040648e-07
4 14.180180180180182 1.52989672840001e-07
4 14.1991991991992 1.4922368586248922e-07
4 14.218218218218219 1.4555010003934724e-07
4 14.237237237237238 1.4196665655619427e-07
4 14.256256256256258 1.3847115158759648e-07
4 14.275275275275277 1.3506143496476328e-07
4 14.294294294294295 1.317354088753464e-07
4 14.313313313313314 1.2849102659457184e-07
4 14.332332332332333 1.253262912469592e-07
4 14.351351351351353 1.222392545978891e-07
4 14.370370370370372 1.1922801587430899e-07
4 14.38938938938939 1.1629072061387721e-07
4 14.408408408408409 1.1342555954186234e-07
4 14.427427427427428 1.106307674751371e-07
4 14.446446446446448 1.0790462225261165e-07
4 14.465465465465467 1.0524544369147625e-07
4 14.484484484484486 1.0265159256863306e-07
4 14.503503503503504 1.0012146962671301e-07
4 14.522522522522523 9.765351460408703e-08
4 14.541541541541543 9.524620528829895e-08
4 14.560560560560562 9.289805659235368e-08
4 14.579579579579582 9.060761965331526e-08
4 14.598598598598599 8.837348095267852e-08
4 14.617617617617618 8.619426145798987e-08
4 14.636636636636638 8.406861578521054e-08
4 14.655655655655657 8.199523138131988e-08
4 14.674674674674677 7.99728277266752e-08
4 14.693693693693694 7.800015555665288e-08
4 14.712712712712714 7.607599610210629e-08
4 14.731731731731733 7.419916034819083e-08
4 14.750750750750752 7.236848831111135e-08
4 14.769769769769772 7.058284833236324e-08
4 14.78878878878879 6.884113639004605e-08
4 14.807807807807809 6.714227542683785e-08
4 14.826826826826828 6.548521469423234e-08
4 14.845845845845847 6.386892911264384e-08
4 14.864864864864867 6.229241864700108e-08
4 14.883883883883884 6.07547076974559e-08
4 14.902902902902904 5.925484450484268e-08
4 14.921921921921923 5.7791900570535076e-08
4 14.940940940940942 5.636497009035091e-08
4 14.959959959959962 5.497316940216895e-08
4 14.97897897897898 5.361563644692634e-08
4 14.997997997997999 5.2291530242674144e-08
4 15.017017017017018 5.100003037137784e-08
4 15.036036036036037 4.974033647815341e-08
4 15.055055055055057 4.851166778264103e-08
4 15.074074074074074 4.731326260222332e-08
4 15.093093093093094 4.6144377886801744e-08
4 15.112112112112113 4.500428876485445e-08
4 15.131131131131133 4.3892288100501e-08
4 15.150150150150152 4.280768606131036e-08
4 15.16916916916917 4.174980969659229e-08
4 15.188188188188189 4.0718002525918676e-08
4 15.207207207207208 3.971162413762957e-08
4 15.226226226226228 3.873004979708085e-08
4 15.245245245245247 3.7772670064399846e-08
4 15.264264264264266 3.6838890421518887e-08
4 15.283283283283284 3.5928130908262786e-08
4 15.302302302302303 3.5039825767271185e-08
4 15.321321321321323 3.417342309754364e-08
4 15.340340340340342 3.3328384516397483e-08
4 15.359359359359361 3.2504184829636284e-08
4 15.378378378378379 3.1700311709730444e-08
4 15.397397397397398 3.091626538181545e-08
4 15.416416416416418 3.015155831732042e-08
4 15.435435435435437 2.9405714935040637e-08
4 15.454454454454456 2.8678271309475347e-08
4 15.473473473473474 2.796877488625482e-08
4 15.492492492492493 2.7276784204484746e-08
4 15.511511511511513 2.6601868625841715e-08
4 15.530530530530532 2.59436080702552e-08
4 15.549549549549551 2.5301592758017523e-08
4 15.568568568568569 2.4675422958166055e-08
4 15.587587587587588 2.406470874298549e-08
4 15.606606606606608 2.346906974848292e-08
4 15.625625625625627 2.2888134940690005e-08
4 15.644644644644647 2.2321542387651996e-08
4 15.663663663663664 2.176893903696556e-08
4 15.682682682682684 2.1229980498730844e-08
4 15.701701701701703 2.0704330833787328e-08
4 15.720720720720722 2.0191662347104534e-08
4 15.739739739739742 1.9691655386203337e-08
4 15.75875875875876 1.920399814448581e-08
4 15.777777777777779 1.87283864693544e-08
4 15.796796796796798 1.826452367500499e-08
4 15.815815815815817 1.7812120359779702e-08
4 15.834834834834837 1.737089422796945e-08
4 15.853853853853854 1.694056991595829e-08
4 15.872872872872874 1.6520878822603892e-08
4 15.891891891891893 1.6111558943752116e-08
4 15.910910910910912 1.5712354710784527e-08
4 15.929929929929932 1.532301683310166e-08
4 15.94894894894895 1.494330214444629e-08
4 15.967967967967969 1.4572973452973373e-08
4 15.986986986986988 1.421179939497623e-08
4 16.006006006006007 1.385955429217954e-08
4 16.025025025025027 1.3516018012513065e-08
4 16.044044044044046 1.3180975834281377e-08
4 16.063063063063062 1.2854218313647223e-08
4 16.08208208208208 1.2535541155347712e-08
4 16.1011011011011 1.2224745086565632e-08
4 16.12012012012012 1.1921635733878168e-08
4 16.13913913913914 1.1626023503209004e-08
4 16.15815815815816 1.133772346271061e-08
4 16.177177177177178 1.105655522850547e-08
4 16.196196196196198 1.0782342853216816e-08
4 16.215215215215217 1.051491471722102e-08
4 16.234234234234236 1.0254103422555551e-08
4 16.253253253253256 9.999745689417809e-09
4 16.272272272272275 9.751682255191972e-09
4 16.291291291291294 9.509757775942265e-09
4 16.310310310310314 9.273820730312722e-09
4 16.329329329329333 9.043723325774883e-09
4 16.34834834834835 8.819321407166336e-09
4 16.36736736736737 8.60047436746414e-09
4 16.386386386386388 8.387045060739317e-09
4 16.405405405405407 8.178899717238586e-09
4 16.424424424424426 7.975907860542085e-09
4 16.443443443443442 7.777942226746402e-09
4 16.46246246246246 7.5848786856234e-09
4 16.48148148148148 7.396596163707287e-09
4 16.5005005005005 7.212976569262228e-09
4 16.51951951951952 7.0339047190852625e-09
4 16.53853853853854 6.8592682670995975e-09
4 16.55755755755756 6.6889576346946996e-09
4 16.576576576576578 6.52286594277063e-09
4 16.595595595595597 6.360888945445082e-09
4 16.614614614614617 6.202924965382632e-09
4 16.633633633633636 6.048874830706645e-09
4 16.652652652652655 5.8986418134552536e-09
4 16.671671671671675 5.7521315695437944e-09
4 16.690690690690694 5.609252080196956e-09
4 16.709709709709713 5.469913594814798e-09
4 16.72872872872873 5.3340285752377255e-09
4 16.74774774774775 5.2015116413761175e-09
4 16.766766766766768 5.0722795181717324e-09
4 16.785785785785787 4.946250983857871e-09
4 16.804804804804807 4.823346819487013e-09
4 16.823823823823826 4.703489759694839e-09
4 16.842842842842842 4.586604444670516e-09
4 16.86186186186186 4.47261737330368e-09
4 16.88088088088088 4.361456857479713e-09
4 16.8998998998999 4.253052977494871e-09
4 16.91891891891892 4.147337538564222e-09
4 16.93793793793794 4.044244028395606e-09
4 16.956956956956958 3.943707575803596e-09
4 16.975975975975977 3.845664910338069e-09
4 16.994994994994997 3.750054322902593e-09
4 17.014014014014016 3.656815627338484e-09
4 17.033033033033036 3.565890122950907e-09
4 17.052052052052055 3.477220557954022e-09
4 17.07107107107107 3.3907510938127503e-09
4 17.09009009009009 3.3064272704591197e-09
4 17.10910910910911 3.2241959723620938e-09
4 17.12812812812813 3.1440053954296757e-09
4 17.147147147147148 3.0658050147231985e-09
4 17.166166166166168 2.9895455529638404e-09
4 17.185185185185187 2.915178949812026e-09
4 17.204204204204206 2.8426583319007973e-09
4 17.223223223223226 2.771937983604733e-09
4 17.242242242242245 2.702973318526417e-09
4 17.261261261261264 2.635720851682907e-09
4 17.28028028028028 2.5701381723750997e-09
4 17.2992992992993 2.5061839177232017e-09
4 17.31831831831832 2.4438177468521986e-09
4 17.33733733733734 2.3830003157111747e-09
4 17.356356356356358 2.323693252511151e-09
4 17.375375375375377 2.2658591337662277e-09
4 17.394394394394396 2.209461460923291e-09
4 17.413413413413416 2.1544646375658573e-09
4 17.432432432432435 2.1008339471780135e-09
4 17.451451451451454 2.048535531454735e-09
4 17.47047047047047 1.997536369145212e-09
4 17.48948948948949 1.9478042554160754e-09
4 17.50850850850851 1.89930778172193e-09
4 17.52752752752753 1.8520163161705853e-09
4 17.546546546546548 1.8058999843709976e-09
4 17.565565565565567 1.760929650752054e-09
4 17.584584584584587 1.717076900340659e-09
4 17.603603603603606 1.6743140209878808e-09
4 17.622622622622625 1.6326139860321695e-09
4 17.641641641641645 1.5919504373889382e-09
4 17.66066066066066 1.552297669056065e-09
4 17.67967967967968 1.5136306110250769e-09
4 17.6986986986987 1.4759248135881781e-09
4 17.71771771771772 1.4391564320312734e-09
4 17.736736736736738 1.4033022117036312e-09
4 17.755755755755757 1.3683394734549072e-09
4 17.774774774774777 1.3342460994305255e-09
4 17.793793793793796 1.3010005192166293e-09
4 17.812812812812815 1.2685816963260276e-09
4 17.831831831831835 1.2369691150167686e-09
4 17.85085085085085 1.2061427674351913e-09
4 17.86986986986987 1.1760831410754563e-09
4 17.88888888888889 1.1467712065478738e-09
4 17.90790790790791 1.1181884056483432e-09
4 17.926926926926928 1.0903166397215922e-09
4 17.945945945945947 1.0631382583109774e-09
4 17.964964964964967 1.0366360480878112e-09
4 17.983983983983986 1.0107932220533585e-09
4 18.003003003003005 9.85593409006806e-10
4 18.022022022022025 9.610206432726746e-10
4 18.04104104104104 9.370593546813061e-10
4 18.06006006006006 9.136943587961878e-10
4 18.07907907907908 8.909108473821141e-10
4 18.0980980980981 8.68694379108183e-10
4 18.117117117117118 8.47030870479927e-10
4 18.136136136136138 8.259065869949197e-10
4 18.155155155155157 8.053081345163736e-10
4 18.174174174174176 7.852224508593741e-10
4 18.193193193193196 7.656367975845228e-10
4 18.212212212212215 7.465387519938917e-10
4 18.231231231231234 7.279161993243219e-10
4 18.25025025025025 7.097573251332119e-10
4 18.26926926926927 6.920506078720486e-10
4 18.28828828828829 6.747848116431154e-10
4 18.30730730730731 6.579489791348051e-10
4 18.326326326326328 6.415324247311973e-10
4 18.345345345345347 6.255247277915963e-10
4 18.364364364364366 6.099157260958503e-10
4 18.383383383383386 5.946955094513772e-10
4 18.402402402402405 5.798544134579187e-10
4 18.421421421421424 5.65383013426142e-10
4 18.44044044044044 5.512721184463096e-10
4 18.45945945945946 5.375127656033056e-10
4 18.47847847847848 5.240962143344604e-10
4 18.4974974974975 5.110139409266049e-10
4 18.516516516516518 4.982576331489697e-10
4 18.535535535535537 4.858191850185678e-10
4 18.554554554554556 4.736906916948047e-10
4 18.573573573573576 4.6186444450013367e-10
4 18.592592592592595 4.5033292606365437e-10
4 18.611611611611615 4.390888055846269e-10
4 18.63063063063063 4.281249342129525e-10
4 18.64964964964965 4.1743434054372704e-10
4 18.66866866866867 4.0701022622308936e-10
4 18.68768768768769 3.96845961662584e-10
4 18.706706706706708 3.869350818593941e-10
4 18.725725725725727 3.772712823198266e-10
4 18.744744744744747 3.678484150835074e-10
4 18.763763763763766 3.586604848458054e-10
4 18.782782782782785 3.49701645176066e-10
4 18.801801801801805 3.40966194829293e-10
4 18.82082082082082 3.324485741489775e-10
4 18.83983983983984 3.2414336155881975e-10
4 18.85885885885886 3.160452701411743e-10
4 18.87787787787788 3.081491443000521e-10
4 18.896896896896898 3.004499565066177e-10
4 18.915915915915917 2.9294280412513833e-10
4 18.934934934934937 2.856229063174036e-10
4 18.953953953953956 2.7848560102368143e-10
4 18.972972972972975 2.715263420183224e-10
4 18.991991991991995 2.6474069603817247e-10
4 19.011011011011014 2.5812433998199795e-10
4 19.03003003003003 2.5167305817917354e-10
4 19.04904904904905 2.4538273972591716e-10
4 19.06806806806807 2.392493758874237e-10
4 19.087087087087088 2.332690575642482e-10
4 19.106106106106107 2.2743797282137172e-10
4 19.125125125125127 2.217524044783954e-10
4 19.144144144144146 2.1620872775935686e-10
4 19.163163163163166 2.1080340800069666e-10
4 19.182182182182185 2.0553299841594048e-10
4 19.201201201201204 2.0039413791569734e-10
4 19.22022022022022 1.953835489816093e-10
4 19.23923923923924 1.904980355929152e-10
4 19.25825825825826 1.8573448120434461e-10
4 19.27727727727728 1.8108984677405506e-10
4 19.296296296296298 1.7656116884039176e-10
4 19.315315315315317 1.7214555764625854e-10
4 19.334334334334336 1.678401953099258e-10
4 19.353353353353356 1.6364233404112776e-10
4 19.372372372372375 1.5954929440133172e-10
4 19.391391391391394 1.5555846360708786e-10
4 19.41041041041041 1.516672938753961e-10
4 19.42942942942943 1.4787330081004833e-10
4 19.44844844844845 1.4417406182794417e-10
4 19.46746746746747 1.4056721462437872e-10
4 19.486486486486488 1.3705045567634988e-10
4 19.505505505505507 1.3362153878294183e-10
4 19.524524524524526 1.3027827364186935e-10
4 19.543543543543546 1.2701852446128892e-10
4 19.562562562562565 1.2384020860600547e-10
4 19.581581581581585 1.2074129527722466e-10
4 19.6006006006006 1.1771980422502184e-10
4 19.61961961961962 1.1477380449271615e-10
4 19.63863863863864 1.1190141319236877e-10
4 19.65765765765766 1.0910079431062528e-10
4 19.676676676676678 1.0637015754415996e-10
4 19.695695695695697 1.0370775716398706e-10
4 19.714714714714717 1.0111189090792545e-10
4 19.733733733733736 9.858089890052064e-11
4 19.752752752752755 9.611316259974519e-11
4 19.771771771771775 9.370710376981527e-11
4 19.790790790790794 9.136118347947699e-11
4 19.80980980980981 8.907390112513368e-11
4 19.82882882882883 8.684379347819621e-11
4 19.84784784784785 8.466943375606418e-11
4 19.866866866866868 8.254943071614445e-11
4 19.885885885885887 8.048242777234353e-11
4 19.904904904904907 7.846710213347513e-11
4 19.923923923923926 7.650216396304103e-11
4 19.942942942942945 7.45863555598563e-11
4 19.961961961961965 7.27184505590031e-11
4 19.980980980980984 7.089725315260975e-11
4 20.0 6.912159732996475e-11
