3 1.0 2.0608215045075547e-15
3 1.019019019019019 0.019109556844145628
3 1.038038038038038 0.03679303457878192
3 1.057057057057057 0.053186148564405664
3 1.0760760760760761 0.06840682723826895
3 1.095095095095095 0.08255920013754665
3 1.1141141141141142 0.09573533962626518
3 1.1331331331331331 0.10801695970167863
3 1.1521521521521523 0.11947683551646186
3 1.1711711711711712 0.1301799957541042
3 1.1901901901901901 0.14018472916017927
3 1.2092092092092093 0.1495434381663744
3 1.2282282282282282 0.1583036921141471
3 1.2472472472472473 0.16651164539262764
3 1.2662662662662663 0.17420265339550764
3 1.2852852852852852 0.18141185178861408
3 1.3043043043043043 0.18817123485568507
3 1.3233233233233235 0.19451000098021326
3 1.3423423423423424 0.20045485354830125
3 1.3613613613613613 0.20603026384116882
3 1.3803803803803805 0.21125870140255382
3 1.3993993993993994 0.2161608364798285
3 1.4184184184184185 0.22076075412825447
3 1.4374374374374375 0.22507229592710598
3 1.4564564564564564 0.2291107509204971
3 1.4754754754754755 0.23289116929669917
3 1.4944944944944947 0.23642751267655598
3 1.5135135135135136 0.23973275234943514
3 1.5325325325325325 0.2428189570733679
3 1.5515515515515514 0.24569737170931322
3 1.5705705705705706 0.24838157459951332
3 1.5895895895895897 0.2508829500950769
3 1.6086086086086087 0.2532062745368209
3 1.6276276276276276 0.255360127115185
3 1.6466466466466467 0.25735255292997883
3 1.6656656656656659 0.25919110513790017
3 1.6846846846846848 0.2608828831742011
3 1.7037037037037037 0.262434567467761
3 1.7227227227227226 0.26385861547086503
3 1.7417417417417418 0.265157823457057
3 1.760760760760761 0.2663350132638188
3 1.7797797797797799 0.2673954716479097
3 1.7987987987987988 0.268344199065465
3 1.817817817817818 0.2691859297220712
3 1.8368368368368369 0.2699251499578047
3 1.855855855855856 0.27057197921490156
3 1.874874874874875 0.27112911769308773
3 1.8938938938938938 0.2715961055985612
3 1.912912912912913 0.2719765875601032
3 1.9319319319319321 0.27227403240661024
3 1.950950950950951 0.27249174434453344
3 1.96996996996997 0.27263287328617725
3 1.9889889889889891 0.27271172214336253
3 2.008008008008008 0.2727201640657029
3 2.027027027027027 0.272660844545219
3 2.046046046046046 0.2725363793414274
3 2.065065065065065 0.2723492712319002
3 2.0840840840840844 0.27210191655932264
3 2.103103103103103 0.2718074354964386
3 2.1221221221221223 0.27145898841824156
3 2.141141141141141 0.27105709358100455
3 2.16016016016016 0.2706037727124222
3 2.1791791791791795 0.27010096767427466
3 2.1981981981981984 0.2695526025330809
3 2.2172172172172173 0.2689697947592388
3 2.2362362362362362 0.26834306815399883
3 2.255255255255255 0.2676740793870954
3 2.2742742742742745 0.2669644240537003
3 2.2932932932932935 0.2662156397343707
3 2.3123123123123124 0.26544053318074895
3 2.3313313313313317 0.2646323306920923
3 2.3503503503503502 0.26378944952764755
3 2.3693693693693696 0.26291321628709446
3 2.3883883883883885 0.2620049122490385
3 2.4074074074074074 0.2610769996541347
3 2.426426426426427 0.2601234950371633
3 2.4454454454454453 0.2591416539971344
3 2.4644644644644647 0.2581325902556342
3 2.4834834834834836 0.25709738153161615
3 2.5025025025025025 0.2560524602288608
3 2.521521521521522 0.25498412855376246
3 2.5405405405405403 0.253892808878186
3 2.5595595595595597 0.25277944346696596
3 2.5785785785785786 0.2516521233095439
3 2.5975975975975976 0.25051410289155057
3 2.616616616616617 0.24935680587638798
3 2.635635635635636 0.24818105887292216
3 2.6546546546546548 0.24698957954723963
3 2.6736736736736737 0.24579667890498003
3 2.6926926926926926 0.24458776160299606
3 2.711711711711712 0.24336355452760364
3 2.730730730730731 0.24212476334028277
3 2.74974974974975 0.24088965923379882
3 2.768768768768769 0.23964179968058974
3 2.7877877877877877 0.2383814300388418
3 2.806806806806807 0.2371093673715876
3 2.825825825825826 0.23584439076264405
3 2.844844844844845 0.2345687842342577
3 2.8638638638638643 0.23328311188235168
3 2.8828828828828827 0.2319915073008342
3 2.901901901901902 0.23070644395029016
3 2.920920920920921 0.229412964165175
3 2.93993993993994 0.22811156494164891
3 2.9589589589589593 0.22681235865536617
3 2.9779779779779783 0.22551616910088504
3 2.996996996996997 0.22421350286793915
3 3.016016016016016 0.22290479743114783
3 3.035035035035035 0.22160861679453156
3 3.0540540540540544 0.22030916088942173
3 3.0730730730730733 0.21900492265455201
3 3.0920920920920922 0.21770471933418656
3 3.111111111111111 0.21641251502207162
3 3.13013013013013 0.21511665495896323
3 3.1491491491491495 0.21381748613449195
3 3.1681681681681684 0.21253615492049627
3 3.1871871871871873 0.21125218362449383
3 3.206206206206206 0.20996587460289456
3 3.2252252252252256 0.20869134249608456
3 3.2442442442442445 0.2074223942061075
3 3.2632632632632634 0.20615196952960818
3 3.2822822822822824 0.20488806770254056
3 3.3013013013013013 0.20363692308192508
3 3.3203203203203207 0.20238506158542216
3 3.3393393393393396 0.20113510260397477
3 3.3583583583583585 0.19990421057529617
3 3.3773773773773774 0.1986732667961459
3 3.396396396396397 0.19744248914518914
3 3.4154154154154157 0.1962315533889737
3 3.4344344344344346 0.19502357830219058
3 3.4534534534534536 0.19381632314861924
3 3.4724724724724725 0.19262515684652748
3 3.491491491491492 0.19144191805417296
3 3.5105105105105108 0.19025987447873105
3 3.5295295295295297 0.1890901872288777
3 3.5485485485485486 0.18793318868116574
3 3.567567567567568 0.18677778845166887
3 3.586586586586587 0.18563082431955227
3 3.605605605605606 0.18450132560382193
3 3.6246246246246248 0.18337376219561968
3 3.6436436436436437 0.1822503141283826
3 3.662662662662663 0.1811493493295284
3 3.681681681681682 0.18005059652534836
3 3.700700700700701 0.17895416873516967
3 3.71971971971972 0.17787941775870778
3 3.738738738738739 0.1768102478013186
3 3.757757757757758 0.17574361020745533
3 3.776776776776777 0.17469287824807614
3 3.795795795795796 0.17365387950318104
3 3.814814814814815 0.17261757246509504
3 3.8338338338338342 0.1715903191157988
3 3.852852852852853 0.17058191319230162
3 3.871871871871872 0.16957631524615746
3 3.890890890890891 0.16857359608230393
3 3.90990990990991 0.16759407850212227
3 3.9289289289289293 0.16661942261536103
3 3.9479479479479482 0.16564771317067808
3 3.966966966966967 0.16468946177610816
3 3.985985985985986 0.16374585093741684
3 4.005005005005005 0.1628052213380482
3 4.024024024024024 0.161867622459211
3 4.043043043043044 0.16095397505682113
3 4.062062062062062 0.1600443843575343
3 4.081081081081081 0.15913782259308204
3 4.1001001001001 0.15824163231199848
3 4.119119119119119 0.15736294232109516
3 4.138138138138139 0.15648725536520716
3 4.157157157157157 0.15561460482765763
3 4.176176176176177 0.1547581523193233
3 4.195195195195195 0.15391309704097536
3 4.2142142142142145 0.15307102582666268
3 4.233233233233234 0.15223196502378106
3 4.252252252252252 0.15141209057793956
3 4.271271271271272 0.15060026982958444
3 4.29029029029029 0.14979138552908686
3 4.3093093093093096 0.14898545813446226
3 4.328328328328329 0.14819862515129775
3 4.347347347347347 0.14741952008084228
3 4.366366366366367 0.1466432806433417
3 4.385385385385385 0.14586992240942673
3 4.404404404404405 0.14511225494895788
3 4.423423423423424 0.14436525322913185
3 4.442442442442443 0.14362102791622963
3 4.461461461461462 0.1428795905630766
3 4.48048048048048 0.1421469056547466
3 4.4994994994995 0.1414313237002298
3 4.518518518518519 0.14071841468991353
3 4.537537537537538 0.1400081869079802
3 4.556556556556557 0.1393006480513031
3 4.575575575575575 0.13861112378598223
3 4.594594594594595 0.13792878500340222
3 4.613613613613614 0.13724901073044687
3 4.6326326326326335 0.13657180614400705
3 4.651651651651652 0.1358976588146981
3 4.67067067067067 0.13524511216582605
3 4.68968968968969 0.13459500631480728
3 4.708708708708709 0.133947344444468
3 4.7277277277277285 0.1333021293627371
3 4.746746746746747 0.13266005829952845
3 4.7657657657657655 0.13203882012628299
3 4.784784784784785 0.13141989621332897
3 4.803803803803804 0.13080328788967785
3 4.822822822822824 0.13018899619338362
3 4.841841841841842 0.1295770218816936
3 4.8608608608608606 0.12898185262114975
3 4.87987987987988 0.12839304228792248
3 4.898898898898899 0.12780641471042994
3 4.917917917917919 0.12722196963770868
3 4.936936936936937 0.1266397066027994
3 4.9559559559559565 0.12606358113057234
3 4.974974974974975 0.12550381732689886
3 4.993993993993994 0.12494610172845896
3 5.013013013013014 0.12439043317672292
3 5.032032032032032 0.12383681034844986
3 5.051051051051052 0.12328523176160666
3 5.07007007007007 0.12274145717122714
3 5.089089089089089 0.12221160282525416
3 5.108108108108109 0.12168366078646532
3 5.127127127127127 0.1211576291629881
3 5.146146146146147 0.12063350594300748
3 5.165165165165165 0.12011128899914006
3 5.1841841841841845 0.11959209826878903
3 5.203203203203204 0.11909086296832193
3 5.222222222222222 0.11859140529107631
3 5.241241241241242 0.11809372290837089
3 5.26026026026026 0.11759781340508987
3 5.2792792792792795 0.11710367428288114
3 5.298298298298299 0.11661130296323631
3 5.317317317317317 0.11612734938915736
3 5.336336336336337 0.11565513310992703
3 5.355355355355356 0.11518456027152964
3 5.374374374374375 0.11471562826361598
3 5.393393393393394 0.11424833441653916
3 5.412412412412412 0.11378267600358258
3 5.431431431431432 0.11331865024310489
3 5.450450450450451 0.11286080197133341
3 5.46946946946947 0.1124161560606575
3 5.488488488488489 0.1119730235718449
3 5.5075075075075075 0.11153140180581342
3 5.526526526526527 0.11109128802331679
3 5.545545545545546 0.11065267944647955
3 5.564564564564565 0.11021557326027386
3 5.583583583583584 0.10977996661394154
3 5.602602602602603 0.1093562571713154
3 5.621621621621622 0.10893919841266889
3 5.640640640640641 0.10852352578610615
3 5.65965965965966 0.10810923660606339
3 5.678678678678679 0.10769632816119186
3 5.6976976976976985 0.10728479771536402
3 5.716716716716717 0.10687464250864175
3 5.735735735735736 0.10646585975820824
3 5.754754754754755 0.1060659461895165
3 5.773773773773774 0.10567494571928145
3 5.792792792792794 0.10528521044094868
3 5.811811811811812 0.10489673778429029
3 5.830830830830831 0.1045095251628117
3 5.84984984984985 0.10412356997440417
3 5.868868868868869 0.10373886960197265
3 5.887887887887889 0.10335542141404046
3 5.906906906906907 0.1029732227653316
3 5.9259259259259265 0.10260267105478067
3 5.944944944944945 0.10223745615301026
3 5.963963963963964 0.10187339000508788
3 5.982982982982984 0.10151047020528474
3 6.002002002002002 0.10114869433824361
3 6.0210210210210215 0.10078805997938217
3 6.04004004004004 0.1004285646952816
3 6.059059059059059 0.10007020604406087
3 6.078078078078079 0.09971298157573767
3 6.097097097097097 0.09936038910730711
3 6.116116116116117 0.0990194250960869
3 6.135135135135136 0.09867950089724582
3 6.1541541541541545 0.09834061430834523
3 6.173173173173174 0.09800276312143193
3 6.192192192192192 0.0976659451232859
3 6.211211211211212 0.0973301580956592
3 6.230230230230231 0.09699539981550616
3 6.2492492492492495 0.09666166805520555
3 6.268268268268269 0.09632896058277507
3 6.287287287287287 0.09599759707948996
3 6.306306306306307 0.09568041213118038
3 6.325325325325326 0.09536416357247689
3 6.344344344344345 0.09504884941641877
3 6.363363363363364 0.09473446767319413
3 6.382382382382382 0.09442101635028598
3 6.401401401401402 0.09410849345261346
3 6.420420420420421 0.09379689698266841
3 6.43943943943944 0.09348622494064719
3 6.458458458458459 0.09317647532457818
3 6.477477477477478 0.09286764613044507
3 6.496496496496497 0.09255973535230616
3 6.515515515515516 0.09226501472372507
3 6.534534534534535 0.09197180754227263
3 6.553553553553554 0.091679437536982
3 6.572572572572573 0.09138790293756506
3 6.591591591591592 0.09109720197259084
3 6.610610610610611 0.09080733286956681
3 6.62962962962963 0.09051829385501765
3 6.648648648648649 0.09023008315456135
3 6.6676676676676685 0.08994269899298349
3 6.686686686686687 0.08965613959430863
3 6.705705705705706 0.08937040318187009
3 6.724724724724725 0.08908548797837754
3 6.743743743743744 0.08881278331104502
3 6.762762762762764 0.08854184817814348
3 6.781781781781782 0.08827165927629418
3 6.800800800800801 0.08800221504858506
3 6.81981981981982 0.08773351393785722
3 6.838838838838839 0.08746555438675102
3 6.857857857857859 0.08719833483775116
3 6.876876876876877 0.0869318537332302
3 6.8958958958958965 0.08666610951549124
3 6.914914914914916 0.08640110062680935
3 6.933933933933934 0.08613682550947177
3 6.952952952952954 0.08587328260581743
3 6.971971971971972 0.08561047035827507
3 6.9909909909909915 0.08535803519513029
3 7.010010010010011 0.08510849875519055
3 7.029029029029029 0.08485962403748938
3 7.048048048048049 0.08461140968704006
3 7.067067067067067 0.08436385434908761
3 7.086086086086087 0.08411695666913532
3 7.105105105105106 0.08387071529297051
3 7.124124124124124 0.0836251288666899
3 7.143143143143144 0.0833801960367244
3 7.162162162162162 0.08313591544986325
3 7.181181181181182 0.08289228575327763
3 7.200200200200201 0.08264930559454385
3 7.2192192192192195 0.08240697362166625
3 7.238238238238239 0.08216528848309924
3 7.257257257257257 0.08192980061103551
3 7.276276276276277 0.0817007140306295
3 7.295295295295296 0.08147221112626898
3 7.314314314314315 0.08124429073018528
3 7.333333333333334 0.08101695167507197
3 7.352352352352353 0.08079019279410025
3 7.371371371371372 0.08056401292093429
3 7.390390390390391 0.08033841088974633
3 7.40940940940941 0.08011338553523134
3 7.428428428428429 0.07988893569262168
3 7.447447447447448 0.07966506019770127
3 7.466466466466467 0.07944175788681969
3 7.485485485485486 0.07921902759690604
3 7.504504504504505 0.07899686816548246
3 7.523523523523524 0.07877527843067753
3 7.542542542542543 0.07855425723123954
3 7.561561561561562 0.07834223354005342
3 7.580580580580581 0.07813311021854263
3 7.5995995995996 0.07792449791290731
3 7.618618618618619 0.07771639562677822
3 7.6376376376376385 0.07750880236434582
3 7.656656656656657 0.07730171713036975
3 7.675675675675676 0.07709513893018807
3 7.694694694694695 0.0768890667697264
3 7.713713713713714 0.07668349965550685
3 7.7327327327327335 0.07647843659465706
3 7.751751751751752 0.07627387659491887
3 7.770770770770771 0.07606981866465709
3 7.789789789789791 0.07586626181286799
3 7.808808808808809 0.07566320504918787
3 7.827827827827829 0.0754606473839014
3 7.846846846846847 0.07525858782794982
3 7.8658658658658664 0.0750570253929392
3 7.884884884884886 0.07486093025751032
3 7.903903903903904 0.07467061276561554
3 7.922922922922924 0.07448074015775681
3 7.941941941941942 0.0742913115920642
3 7.9609609609609615 0.07410232622723885
3 7.979979979979981 0.07391378322255882
3 7.998998998998999 0.07372568173788492
3 8.018018018018019 0.07353802093366647
3 8.037037037037038 0.07335079997094701
3 8.056056056056057 0.07316401801136983
3 8.075075075075077 0.07297767421718376
3 8.094094094094094 0.07279176775124856
3 8.113113113113114 0.07260629777704032
3 8.132132132132133 0.07242126345865708
3 8.15115115115115 0.07223666396082415
3 8.17017017017017 0.07205249844889923
3 8.18918918918919 0.07186876608887803
3 8.208208208208209 0.07168546604739921
3 8.227227227227228 0.0715025974917497
3 8.246246246246248 0.07132364480475437
3 8.265265265265267 0.07115137169313179
3 8.284284284284285 0.07097948288103959
3 8.303303303303304 0.07080797766476397
3 8.322322322322323 0.07063685534113126
3 8.34134134134134 0.07046611520751178
3 8.36036036036036 0.0702957565618233
3 8.37937937937938 0.07012577870253485
3 8.398398398398399 0.06995618092867037
3 8.417417417417418 0.06978696253981224
3 8.436436436436438 0.06961812283610483
3 8.455455455455457 0.06944966111825815
3 8.474474474474475 0.06928157668755121
3 8.493493493493494 0.06911386884583565
3 8.512512512512513 0.06894653689553913
3 8.531531531531531 0.06877958013966871
3 8.55055055055055 0.06861299788181434
3 8.56956956956957 0.06844678942615219
3 8.588588588588589 0.06828095407744797
3 8.607607607607608 0.06811549114106027
3 8.626626626626628 0.06795039992294397
3 8.645645645645647 0.06778666145316711
3 8.664664664664667 0.06763153416363182
3 8.683683683683684 0.06747673618068789
3 8.702702702702704 0.06732226692281307
3 8.721721721721721 0.0671681258089707
3 8.74074074074074 0.06701431225861224
3 8.75975975975976 0.06686082569167928
3 8.77877877877878 0.0667076655286061
3 8.797797797797799 0.06655483119032193
3 8.816816816816818 0.06640232209825318
3 8.835835835835837 0.06625013767432567
3 8.854854854854857 0.06609827734096696
3 8.873873873873874 0.06594674052110852
3 8.892892892892894 0.06579552663818801
3 8.911911911911913 0.06564463511615139
3 8.93093093093093 0.06549406537945508
3 8.94994994994995 0.06534381685306828
3 8.96896896896897 0.06519388896247495
3 8.987987987987989 0.06504428113367597
3 9.007007007007008 0.06489499279319134
3 9.026026026026027 0.06474602336806222
3 9.045045045045045 0.06459737228585294
3 9.064064064064064 0.06444903897465315
3 9.083083083083084 0.06430102286307991
3 9.102102102102103 0.06415653591562782
3 9.121121121121122 0.0640178444264468
3 9.14014014014014 0.06387943229070357
3 9.15915915915916 0.0637412990341433
3 9.178178178178179 0.0636034441829322
3 9.197197197197198 0.0634658672636589
3 9.216216216216218 0.06332856780333586
3 9.235235235235235 0.06319154532940092
3 9.254254254254255 0.06305479936971854
3 9.273273273273274 0.06291832945258129
3 9.292292292292293 0.0627821351067113
3 9.311311311311313 0.06264621586126147
3 9.33033033033033 0.06251057124581709
3 9.34934934934935 0.062375200790396865
3 9.368368368368369 0.0622401040254546
3 9.387387387387388 0.062105280481880284
3 9.406406406406408 0.061970729691001626
3 9.425425425425425 0.0618364511845852
3 9.444444444444445 0.061702444494837805
3 9.463463463463464 0.061568709154407805
3 9.482482482482483 0.061435244696386414
3 9.501501501501503 0.06130205065430895
3 9.52052052052052 0.06116912656215609
3 9.53953953953954 0.061036471954355125
3 9.558558558558559 0.06090408636578124
3 9.577577577577578 0.06077196933175878
3 9.596596596596598 0.06064012038806239
3 9.615615615615617 0.0605142194242329
3 9.634634634634635 0.060391069124782135
3 9.653653653653654 0.06026815336681883
3 9.672672672672673 0.06014547176904678
3 9.691691691691693 0.060023023950522496
3 9.710710710710712 0.05990080953065595
3 9.72972972972973 0.05977882812921145
3 9.74874874874875 0.059657079366308534
3 9.767767767767769 0.059535562862422745
3 9.786786786786788 0.05941427823838639
3 9.805805805805807 0.05929322511538954
3 9.824824824824825 0.059172403114980676
3 9.843843843843844 0.05905181185906758
3 9.862862862862864 0.05893145096991805
3 9.881881881881883 0.058811320070160836
3 9.900900900900902 0.05869141878278628
3 9.91991991991992 0.05857174673114721
3 9.93893893893894 0.0584523035389596
3 9.957957957957959 0.058333088830303456
3 9.976976976976978 0.058214102229623484
3 9.995995995995997 0.05809534336172988
3 10.015015015015015 0.05797681185179917
3 10.034034034034034 0.05785850732537472
3 10.053053053053054 0.05774042940836775
3 10.072072072072073 0.057622577727057867
3 10.091091091091092 0.0575049519080939
3 10.11011011011011 0.05738755157849456
3 10.12912912912913 0.05727037636564913
3 10.148148148148149 0.05715342589731832
3 10.167167167167168 0.05703669980163473
3 10.186186186186188 0.0569241429769419
3 10.205205205205205 0.05681551950877148
3 10.224224224224224 0.05670709085391991
3 10.243243243243244 0.0565988567105292
3 10.262262262262263 0.056490816777027025
3 10.281281281281283 0.05638297075212721
3 10.3003003003003 0.0562753183348302
3 10.31931931931932 0.05616785922442357
3 10.338338338338339 0.05606059312048244
3 10.357357357357358 0.05595351972286995
3 10.376376376376378 0.05584663873173774
3 10.395395395395397 0.05573994984752635
3 10.414414414414415 0.055633452770965694
3 10.433433433433434 0.055527147203075534
3 10.452452452452453 0.05542103284516582
3 10.471471471471473 0.055315109398837325
3 10.490490490490492 0.05520937656598184
3 10.50950950950951 0.05510383404878279
3 10.528528528528529 0.05499848154971549
3 10.547547547547548 0.05489331877154776
3 10.566566566566568 0.054788345417340185
3 10.585585585585587 0.05468356119044663
3 10.604604604604605 0.05457896579451458
3 10.623623623623624 0.05447455893348558
3 10.642642642642643 0.054370340311595614
3 10.661661661661663 0.054266309633375566
3 10.680680680680682 0.05416246660365155
3 10.6996996996997 0.054058810927545366
3 10.71871871871872 0.0539553423104748
3 10.737737737737739 0.053852060458154064
3 10.756756756756758 0.05374896507659426
3 10.775775775775777 0.05364605587210354
3 10.794794794794795 0.05354333255128772
3 10.813813813813814 0.053440794821050526
3 10.832832832832834 0.05333920279499091
3 10.851851851851853 0.05324418830457109
3 10.870870870870872 0.05314933356342876
3 10.88988988988989 0.053054638336807396
3 10.90890890890891 0.052960102390174575
3 10.927927927927929 0.052865725489222144
3 10.946946946946948 0.052771507399866684
3 10.965965965965967 0.052677447888249476
3 10.984984984984985 0.05258354672073694
3 11.004004004004004 0.052489803663920705
3 11.023023023023024 0.052396218484618
3 11.042042042042043 0.0523027909498718
3 11.061061061061062 0.0522095208269511
3 11.08008008008008 0.05211640788335108
3 11.0990990990991 0.05202345188679334
3 11.118118118118119 0.05193065260522619
3 11.137137137137138 0.05183800980682482
3 11.156156156156158 0.05174552325999148
3 11.175175175175177 0.0516531927333558
3 11.194194194194194 0.05156101799577492
3 11.213213213213214 0.051468998816333704
3 11.232232232232233 0.051377134964344984
3 11.251251251251253 0.051285426209349776
3 11.270270270270272 0.05119387232111744
3 11.28928928928929 0.05110247306964594
3 11.308308308308309 0.05101122822516193
3 11.327327327327328 0.05092013755812116
3 11.346346346346348 0.05082920083920843
3 11.365365365365367 0.05073841783933798
3 11.384384384384385 0.050647788329653616
3 11.403403403403404 0.05055731208152882
3 11.422422422422423 0.05046698886656708
3 11.441441441441443 0.050376818456601975
3 11.460460460460462 0.0502868006236974
3 11.47947947947948 0.050196935140147766
3 11.498498498498499 0.05010722177847811
3 11.517517517517518 0.05001766031144436
3 11.536536536536538 0.04992825051203346
3 11.555555555555557 0.04983899215346357
3 11.574574574574575 0.04974988500918423
3 11.593593593593594 0.0496644604372117
3 11.612612612612613 0.04958228755310992
3 11.631631631631633 0.049500243547297214
3 11.650650650650652 0.04941832824106355
3 11.66966966966967 0.04933654145586906
3 11.68868868868869 0.049254883013344096
3 11.707707707707709 0.04917335273528935
3 11.726726726726728 0.049091950443675925
3 11.745745745745747 0.04901067596064554
3 11.764764764764765 0.04892952910851055
3 11.783783783783784 0.04884850970975403
3 11.802802802802804 0.048767617587029966
3 11.821821821821823 0.04868685256316329
3 11.840840840840842 0.048606214461149974
3 11.85985985985986 0.048525703104157214
3 11.87887887887888 0.048445318315523414
3 11.897897897897899 0.048365059918758356
3 11.916916916916918 0.04828492773754327
3 11.935935935935937 0.04820492159573093
3 11.954954954954957 0.04812504131734574
3 11.973973973973974 0.04804528672658389
3 11.992992992992994 0.04796565764781331
3 12.012012012012013 0.0478861539055739
3 12.031031031031032 0.047806775324577534
3 12.050050050050052 0.047727521729708185
3 12.06906906906907 0.047648392946022
3 12.088088088088089 0.04756938879874738
3 12.107107107107108 0.04749050911328506
3 12.126126126126128 0.04741175371520822
3 12.145145145145147 0.04733312243026253
3 12.164164164164164 0.04725461508436625
3 12.183183183183184 0.047176231503610305
3 12.202202202202203 0.04709797151425837
3 12.221221221221223 0.047019834942746926
3 12.240240240240242 0.046941821615685386
3 12.25925925925926 0.046863931359856094
3 12.278278278278279 0.04678616400221448
3 12.297297297297298 0.04670851936988905
3 12.316316316316318 0.04663099729018152
3 12.335335335335337 0.04655359759056689
3 12.354354354354355 0.04647632009869348
3 12.373373373373374 0.04639916464238295
3 12.392392392392393 0.04632213104963052
3 12.411411411411413 0.04624521914860488
3 12.430430430430432 0.04616842876764835
3 12.44944944944945 0.04609175973527688
3 12.468468468468469 0.046018582126499494
3 12.487487487487488 0.04594828000797414
3 12.506506506506508 0.04587808012429501
3 12.525525525525527 0.04580798234256182
3 12.544544544544545 0.04573798652999876
3 12.563563563563564 0.045668092553954556
3 12.582582582582583 0.04559830028190249
3 12.601601601601603 0.04552860958144044
3 12.620620620620622 0.04545902032029088
3 12.63963963963964 0.045389532366300986
3 12.65865865865866 0.04532014558744258
3 12.677677677677679 0.04525085985181228
3 12.696696696696698 0.045181675027631436
3 12.715715715715717 0.04511259098324619
3 12.734734734734735 0.045043607587127554
3 12.753753753753754 0.04497472470787135
3 12.772772772772774 0.04490594221419835
3 12.791791791791793 0.04483725997495422
3 12.810810810810812 0.04476867785910958
3 12.829829829829832 0.04470019573576007
3 12.84884884884885 0.04463181347412631
3 12.867867867867869 0.04456353094355398
3 12.886886886886888 0.044495348013513826
3 12.905905905905907 0.044427264553601686
3 12.924924924924927 0.044359280433538546
3 12.943943943943944 0.04429139552317055
3 12.962962962962964 0.04422360969246897
3 12.981981981981983 0.0441559228115303
3 13.001001001001002 0.04408833475057631
3 13.020020020020022 0.04402084537995393
3 13.03903903903904 0.04395345457013546
3 13.058058058058059 0.04388616219171842
3 13.077077077077078 0.043818968115425676
3 13.096096096096097 0.04375187221210544
3 13.115115115115117 0.043684874352731266
3 13.134134134134134 0.04361797440840211
3 13.153153153153154 0.04355117225034229
3 13.172172172172173 0.043484467749901584
3 13.191191191191193 0.043417860778555174
3 13.210210210210212 0.04335135120790374
3 13.22922922922923 0.04328493890967338
3 13.248248248248249 0.04321862375571572
3 13.267267267267268 0.043152405618007865
3 13.286286286286288 0.04308628436865245
3 13.305305305305307 0.04302025987987768
3 13.324324324324325 0.04295433202403726
3 13.343343343343344 0.04288850067361049
3 13.362362362362363 0.042822765701202234
3 13.381381381381383 0.04275712697954295
3 13.400400400400402 0.042691584381488706
3 13.41941941941942 0.042626137780021195
3 13.438438438438439 0.0425607870482477
3 13.457457457457458 0.042495532059401195
3 13.476476476476478 0.04243037268684025
3 13.495495495495497 0.04236805156732582
3 13.514514514514515 0.0423087036969599
3 13.533533533533534 0.04224943529157278
3 13.552552552552553 0.042190246255032905
3 13.571571571571573 0.042131136491296184
3 13.590590590590592 0.042072105904405986
3 13.609609609609612 0.04201315439849321
3 13.62862862862863 0.0419542818777762
3 13.647647647647648 0.041895488246560815
3 13.666666666666668 0.04183677340924042
3 13.685685685685687 0.041778137270295855
3 13.704704704704707 0.04171957973429548
3 13.723723723723724 0.041661100705895154
3 13.742742742742744 0.041602700089838233
3 13.761761761761763 0.0415443777909556
3 13.780780780780782 0.041486133714165645
3 13.799799799799802 0.04142796776447425
3 13.81881881881882 0.04136987984697485
3 13.837837837837839 0.041311869866848344
3 13.856856856856858 0.04125393772936318
3 13.875875875875877 0.0411960833398753
3 13.894894894894897 0.041138306603828174
3 13.913913913913914 0.041080607426752805
3 13.932932932932934 0.041022985714267636
3 13.951951951951953 0.04096544137207869
3 13.970970970970972 0.04090797430597949
3 13.989989989989992 0.04085058442185105
3 14.00900900900901 0.040793271625661896
3 14.028028028028029 0.04073603582346807
3 14.047047047047048 0.04067887692141308
3 14.066066066066067 0.04062179482572799
3 14.085085085085087 0.04056478944273131
3 14.104104104104104 0.040507860678829076
3 14.123123123123124 0.040451008440514795
3 14.142142142142143 0.04039423263436947
3 14.161161161161163 0.040337533167061575
3 14.180180180180182 0.040280909945347075
3 14.1991991991992 0.04022436287606939
3 14.218218218218219 0.040167891866159426
3 14.237237237237238 0.04011149682263554
3 14.256256256256258 0.040055177652603545
3 14.275275275275277 0.039998934263256715
3 14.294294294294295 0.039942766561875766
3 14.313313313313314 0.03988667445582883
3 14.332332332332333 0.03983065785257151
3 14.351351351351353 0.03977471665964681
3 14.370370370370372 0.039718850784685164
3 14.38938938938939 0.039663060135404396
3 14.408408408408409 0.03960734461960975
3 14.427427427427428 0.039551704145193864
3 14.446446446446448 0.039496138620136755
3 14.465465465465467 0.039440647952505854
3 14.484484484484486 0.03938523205045589
3 14.503503503503504 0.03932989082222902
3 14.522522522522523 0.039274624176154745
3 14.541541541541543 0.039219432020649855
3 14.560560560560562 0.039164314264218535
3 14.579579579579582 0.03910927081545225
3 14.598598598598599 0.03905430158302982
3 14.617617617617618 0.03899940647571731
3 14.636636636636638 0.03894458540236814
3 14.655655655655657 0.03888983827192295
3 14.674674674674677 0.0388351649934097
3 14.693693693693694 0.03878056547594357
3 14.712712712712714 0.03872620942139516
3 14.731731731731733 0.03867688086420783
3 14.750750750750752 0.038627612615714235
3 14.769769769769772 0.03857840460861049
3 14.78878878878879 0.038529256775651416
3 14.807807807807809 0.03848016904965051
3 14.826826826826828 0.038431141363479984
3 14.845845845845847 0.03838217365007076
3 14.864864864864867 0.03833326584241239
3 14.883883883883884 0.03828441787355314
3 14.902902902902904 0.03823562967659992
3 14.921921921921923 0.03818690118471829
3 14.940940940940942 0.03813823233113247
3 14.959959959959962 0.0380896230491253
3 14.97897897897898 0.03804107327203823
3 14.997997997997999 0.03799258293327136
3 15.017017017017018 0.03794415196628338
3 15.036036036036037 0.037895780304591606
3 15.055055055055057 0.037847467881771894
3 15.074074074074074 0.03779921463145872
3 15.093093093093094 0.03775102048734511
3 15.112112112112113 0.037702885383182644
3 15.131131131131133 0.03765480925278147
3 15.150150150150152 0.037606792030010244
3 15.16916916916917 0.03755883364879619
3 15.188188188188189 0.03751093404312503
3 15.207207207207208 0.03746309314704097
3 15.226226226226228 0.03741531089464676
3 15.245245245245247 0.03736758722010359
3 15.264264264264266 0.037319922057631155
3 15.283283283283284 0.0372723153415076
3 15.302302302302303 0.03722476700606951
3 15.321321321321323 0.03717727698571194
3 15.340340340340342 0.03712984521488835
3 15.359359359359361 0.03708247162811061
3 15.378378378378379 0.037035156159949054
3 15.397397397397398 0.03698789874503232
3 15.416416416416418 0.036940699318047485
3 15.435435435435437 0.03689355781373999
3 15.454454454454456 0.03684647416691362
3 15.473473473473474 0.03679944831243051
3 15.492492492492493 0.036752480185211135
3 15.511511511511513 0.036705569720234275
3 15.530530530530532 0.03665871685253702
3 15.549549549549551 0.03661192151721477
3 15.568568568568569 0.03656518364942118
3 15.587587587587588 0.0365185031843682
3 15.606606606606608 0.036471880057325996
3 15.625625625625627 0.03642531420362302
3 15.644644644644647 0.036378805558645935
3 15.663663663663664 0.0363323540578396
3 15.682682682682684 0.036285959636707096
3 15.701701701701703 0.03623962223080967
3 15.720720720720722 0.036193341775766774
3 15.739739739739742 0.03614711820725599
3 15.75875875875876 0.03610095146101307
3 15.777777777777779 0.03605484147283183
3 15.796796796796798 0.0360087881785643
3 15.815815815815817 0.03596279151412055
3 15.834834834834837 0.035916851415468735
3 15.853853853853854 0.035870967818635136
3 15.872872872872874 0.035825140659704005
3 15.891891891891893 0.03577936987481769
3 15.910910910910912 0.03573365540017657
3 15.929929929929932 0.03568799717203902
3 15.94894894894895 0.03564239512672141
3 15.967967967967969 0.035596849200598114
3 15.986986986986988 0.03555135933010144
3 16.006006006006007 0.03550592545172166
3 16.025025025025027 0.03546054750200696
3 16.044044044044046 0.03541522541756349
3 16.063063063063062 0.03536995913505528
3 16.08208208208208 0.03532474859120422
3 16.1011011011011 0.035279593722790104
3 16.12012012012012 0.03523449446665056
3 16.13913913913914 0.03518945075968108
3 16.15815815815816 0.03514446253883492
3 16.177177177177178 0.035099529741123216
3 16.196196196196198 0.035054652303614854
3 16.215215215215217 0.03501398172120468
3 16.234234234234236 0.034973827441371765
3 16.253253253253256 0.034933717543708824
3 16.272272272272275 0.03489365198298239
3 16.291291291291294 0.03485363071399631
3 16.310310310310314 0.03481365369159179
3 16.329329329329333 0.03477372087064728
3 16.34834834834835 0.03473383220607856
3 16.36736736736737 0.03469398765283871
3 16.386386386386388 0.03465418716591805
3 16.405405405405407 0.034614430700344215
3 16.424424424424426 0.034574718211182034
3 16.443443443443442 0.03453504965353364
3 16.46246246246246 0.034495424982538374
3 16.48148148148148 0.03445584415337278
3 16.5005005005005 0.03441630712125065
3 16.51951951951952 0.034376813841422965
3 16.53853853853854 0.034337364269177904
3 16.55755755755756 0.03429795835984081
3 16.576576576576578 0.03425859606877423
3 16.595595595595597 0.034219277351377836
3 16.614614614614617 0.03418000216308846
3 16.633633633633636 0.03414077045938008
3 16.652652652652655 0.0341015821957638
3 16.671671671671675 0.034062437327787826
3 16.690690690690694 0.03402333581103749
3 16.709709709709713 0.0339842776011352
3 16.72872872872873 0.03394526265374047
3 16.74774774774775 0.03390629092454983
3 16.766766766766768 0.03386736236929693
3 16.785785785785787 0.03382847694375246
3 16.804804804804807 0.03378963460372412
3 16.823823823823826 0.033750835305056646
3 16.842842842842842 0.033712079003631795
3 16.86186186186186 0.03367336565536833
3 16.88088088088088 0.033634695216222005
3 16.8998998998999 0.03359606764218553
3 16.91891891891892 0.0335574828892886
3 16.93793793793794 0.033518940913597875
3 16.956956956956958 0.03348044167121696
3 16.975975975975977 0.03344198511828637
3 16.994994994994997 0.033403571210983536
3 17.014014014014016 0.03336519990552285
3 17.033033033033036 0.03332687115815556
3 17.052052052052055 0.03328858492516978
3 17.07107107107107 0.033250341162890544
3 17.09009009009009 0.033212139827679704
3 17.10910910910911 0.03317398087593599
3 17.12812812812813 0.03313586426409496
3 17.147147147147148 0.03309778994862898
3 17.166166166166168 0.033059757886047265
3 17.185185185185187 0.033021768032895776
3 17.204204204204206 0.032983820345757316
3 17.223223223223226 0.03294591478125141
3 17.242242242242245 0.03290805129603438
3 17.261261261261264 0.03287022984679928
3 17.28028028028028 0.032832450390275936
3 17.2992992992993 0.03279471288323082
3 17.31831831831832 0.03275701728246721
3 17.33733733733734 0.032719363544825006
3 17.356356356356358 0.03268175162718084
3 17.375375375375377 0.03264418148644799
3 17.394394394394396 0.03260665307957642
3 17.413413413413416 0.03256916636355272
3 17.432432432432435 0.03253172129540011
3 17.451451451451454 0.03249431783217845
3 17.47047047047047 0.03245695593098421
3 17.48948948948949 0.03241963554895043
3 17.50850850850851 0.03238235664324674
3 17.52752752752753 0.032345119171079365
3 17.546546546546548 0.03230792308969105
3 17.565565565565567 0.0322707683563611
3 17.584584584584587 0.032233654928405346
3 17.603603603603606 0.032196582763176156
3 17.622622622622625 0.03215955181806235
3 17.641641641641645 0.032122562050489266
3 17.66066066066066 0.03208561341791875
3 17.67967967967968 0.03204870587784903
3 17.6986986986987 0.03201183938781486
3 17.71771771771772 0.03197501390538739
3 17.736736736736738 0.03193822938817419
3 17.755755755755757 0.031901485793819274
3 17.774774774774777 0.03186478308000297
3 17.793793793793796 0.03182812120444208
3 17.812812812812815 0.031791500124889724
3 17.831831831831835 0.03175491979913535
3 17.85085085085085 0.0317183801850048
3 17.86986986986987 0.0316818812403602
3 17.88888888888889 0.03164542292309999
3 17.90790790790791 0.031609005191158925
3 17.926926926926928 0.03157262800250803
3 17.945945945945947 0.031536291315154605
3 17.964964964964967 0.031499995087142185
3 17.983983983983986 0.031463739276550565
3 18.003003003003005 0.03142752384149577
3 18.022022022022025 0.03139134874012999
3 18.04104104104104 0.031356192458579776
3 18.06006006006006 0.031324218665253686
3 18.07907907907908 0.03129227642222025
3 18.0980980980981 0.0312603657004942
3 18.117117117117118 0.03122848647111246
3 18.136136136136138 0.03119663870513422
3 18.155155155155157 0.031164822373640908
3 18.174174174174176 0.03113303744773617
3 18.193193193193196 0.03110128389854586
3 18.212212212212215 0.031069561697218036
3 18.231231231231234 0.03103787081492298
3 18.25025025025025 0.031006211222853134
3 18.26926926926927 0.03097458289222314
3 18.28828828828829 0.030942985794269812
3 18.30730730730731 0.030911419900252136
3 18.326326326326328 0.030879885181451253
3 18.345345345345347 0.030848381609170444
3 18.364364364364366 0.030816909154735155
3 18.383383383383386 0.030785467789492944
3 18.402402402402405 0.030754057484813514
3 18.421421421421424 0.03072267821208868
3 18.44044044044044 0.030691329942732364
3 18.45945945945946 0.030660012648180583
3 18.47847847847848 0.030628726299891457
3 18.4974974974975 0.030597470869345195
3 18.516516516516518 0.030566246328044083
3 18.535535535535537 0.03053505264751246
3 18.554554554554556 0.030503889799296746
3 18.573573573573576 0.030472757754965392
3 18.592592592592595 0.030441656486108925
3 18.611611611611615 0.030410585964339862
3 18.63063063063063 0.030379546161292795
3 18.64964964964965 0.030348537048624297
3 18.66866866866867 0.030317558598012967
3 18.68768768768769 0.03028661078115941
3 18.706706706706708 0.03025569356978622
3 18.725725725725727 0.030224806935637973
3 18.744744744744747 0.030193950850481228
3 18.763763763763766 0.030163125286104497
3 18.782782782782785 0.030132330214318284
3 18.801801801801805 0.030101565606954997
3 18.82082082082082 0.030070831435869035
3 18.83983983983984 0.030040127672936696
3 18.85885885885886 0.03000945429005622
3 18.87787787787788 0.029978811259147753
3 18.896896896896898 0.029948198552153363
3 18.915915915915917 0.029917616141037
3 18.934934934934937 0.02988706399778453
3 18.953953953953956 0.029856542094403672
3 18.972972972972975 0.029826050402924038
3 18.991991991991995 0.029795588895397098
3 19.011011011011014 0.029765157543896182
3 19.03003003003003 0.02973475632051647
3 19.04904904904905 0.02970438519737496
3 19.06806806806807 0.0296740441466105
3 19.087087087087088 0.02964373314038378
3 19.106106106106107 0.02961345215087724
3 19.125125125125127 0.029583201150295172
3 19.144144144144146 0.029552980110863665
3 19.163163163163166 0.029522789004830567
3 19.182182182182185 0.029492627804465515
3 19.201201201201204 0.02946249648205993
3 19.22022022022022 0.029432395009926976
3 19.23923923923924 0.029402323360401546
3 19.25825825825826 0.029372281505840325
3 19.27727727727728 0.029342269418621683
3 19.296296296296298 0.029312287071145745
3 19.315315315315317 0.029282334435834338
3 19.334334334334336 0.02925241148513099
3 19.353353353353356 0.029222518191500943
3 19.372372372372375 0.029192654527431108
3 19.391391391391394 0.029162820465430093
3 19.41041041041041 0.029133015978028146
3 19.42942942942943 0.02910324103777721
3 19.44844844844845 0.029073495617250856
3 19.46746746746747 0.029043779689044306
3 19.486486486486488 0.02901409322577442
3 19.505505505505507 0.02898443620007968
3 19.524524524524526 0.028954808584620167
3 19.543543543543546 0.028925210352077593
3 19.562562562562565 0.02889564147515525
3 19.581581581581585 0.028866101926578035
3 19.6006006006006 0.02883659167909239
3 19.61961961961962 0.028807110705466363
3 19.63863863863864 0.028777658978489544
3 19.65765765765766 0.02874823647097307
3 19.676676676676678 0.02871884315574963
3 19.695695695695697 0.028689479005673445
3 19.714714714714717 0.02866014399362026
3 19.733733733733736 0.02863083809248732
3 19.752752752752755 0.028601561275193383
3 19.771771771771775 0.02857231351467871
3 19.790790790790794 0.02854309478390504
3 19.80980980980981 0.028513905055855594
3 19.82882882882883 0.028484744303535047
3 19.84784784784785 0.028455612499969547
3 19.866866866866868 0.028426509618206676
3 19.885885885885887 0.02839743563131547
3 19.904904904904907 0.028368390512386397
3 19.923923923923926 0.02833937423453131
3 19.942942942942945 0.028310386770883524
3 19.961961961961965 0.028281428094597726
3 19.980980980980984 0.02825249817884999
3 20.0 0.028223596996837796
