3 1.0 0.0
3 1.019019019019019 0.018285173459864284
3 1.038038038038038 0.03519718367253411
3 1.057057057057057 0.05086446336650515
3 1.0760760760760761 0.0653998057146055
3 1.095095095095095 0.07890267832783947
3 1.1141141141141142 0.0914611383195129
3 1.1331331331331331 0.10315342643509956
3 1.1521521521521523 0.11404930128924656
3 1.1711711711711712 0.12421116183358037
3 1.1901901901901901 0.13369499625738826
3 1.2092092092092093 0.14255118784504536
3 1.2282282282282282 0.1508252023294525
3 1.2472472472472473 0.1585581765845937
3 1.2662662662662663 0.1657874247916
3 1.2852852852852852 0.17254687526600296
3 1.3043043043043043 0.17886744877907787
3 1.3233233233233235 0.18477738731410126
3 1.3423423423423424 0.19030254067010274
3 1.3613613613613613 0.19546661708517452
3 1.3803803803803805 0.20029140303965495
3 1.3993993993993994 0.20479695657059052
3 1.4184184184184185 0.2090017777468143
3 1.4374374374374375 0.2129229593904105
3 1.4564564564564564 0.21657632066282734
3 1.4754754754754755 0.21997652574459248
3 1.4944944944944947 0.22313718951221478
3 1.5135135135135136 0.22607097184296165
3 1.5325325325325325 0.22878966194854436
3 1.5515515515515514 0.23130425394484644
3 1.5705705705705706 0.23362501470061
3 1.5895895895895897 0.23576154486848858
3 1.6086086086086087 0.23772283388301987
3 1.6276276276276276 0.23951730960852502
3 1.6466466466466467 0.24115288323294654
3 1.6656656656656659 0.24263698992891522
3 1.6846846846846848 0.24397662573899292
3 1.7037037037037037 0.24517838108649315
3 1.7227227227227226 0.2462484712652245
3 1.7417417417417418 0.2471927642198202
3 1.760760760760761 0.2480168058920909
3 1.7797797797797799 0.24872584337728165
3 1.7987987987987988 0.24932484610657052
3 1.817817817817818 0.249818525248054
3 1.8368368368368369 0.25021135149735235
3 1.855855855855856 0.25050757141043084
3 1.874874874874875 0.2507112224149242
3 1.8938938938938938 0.2508261466218837
3 1.912912912912913 0.2508560035471767
3 1.9319319319319321 0.2508042818405544
3 1.950950950950951 0.25067431011046165
3 1.96996996996997 0.2504692669238506
3 1.9889889889889891 0.25019219005242455
3 2.008008008008008 0.2498459850297661
3 2.027027027027027 0.2494334330775906
3 2.046046046046046 0.248957198453819
3 2.065065065065065 0.24841983527020675
3 2.0840840840840844 0.247823793822828
3 2.103103103103103 0.24717142647473567
3 2.1221221221221223 0.24646499312654974
3 2.141141141141141 0.2457066663075178
3 2.16016016016016 0.24489853591670407
3 2.1791791791791795 0.24404261364136395
3 2.1981981981981984 0.24314083707721584
3 2.2172172172172173 0.2421950735732022
3 2.2362362362362362 0.24120712382141749
3 2.255255255255255 0.24017872521114797
3 2.2742742742742745 0.23911155496439582
3 2.2932932932932935 0.23800723306883612
3 2.3123123123123124 0.23686732502286148
3 2.3313313313313317 0.235693344406191
3 2.3503503503503502 0.2344867552884527
3 2.3693693693693696 0.23324897448716872
3 2.3883883883883885 0.2319813736856887
3 2.4074074074074074 0.23068528142079994
3 2.426426426426427 0.2293619849490042
3 2.4454454454454453 0.22801273199977276
3 2.4644644644644647 0.226638732423467
3 2.4834834834834836 0.22524115974104822
3 2.5025025025025025 0.2238211526021726
3 2.521521521521522 0.2223798161577929
3 2.5405405405405403 0.2209182233529455
3 2.5595595595595597 0.21943741614499732
3 2.5785785785785786 0.21793840665225506
3 2.5975975975975976 0.21642217823749504
3 2.616616616616617 0.21488968653065568
3 2.635635635635636 0.21334186039464292
3 2.6546546546546548 0.21177960283792824
3 2.6736736736736737 0.21020379187737032
3 2.6926926926926926 0.20861528135445975
3 2.711711711711712 0.2070149017079734
3 2.730730730730731 0.2054034607058262
3 2.74974974974975 0.2037817441387245
3 2.768768768768769 0.20215051647805518
3 2.7877877877877877 0.20051052150028642
3 2.806806806806807 0.19886248288000666
3 2.825825825825826 0.1972071047535952
3 2.844844844844845 0.19554507225538603
3 2.8638638638638643 0.1938770520280705
3 2.8828828828828827 0.19220369270897317
3 2.901901901901902 0.19052562539372997
3 2.920920920920921 0.18884346407880387
3 2.93993993993994 0.18715780608418048
3 2.9589589589589593 0.18546923245750402
3 2.9779779779779783 0.18377830836083242
3 2.996996996996997 0.18208558344111925
3 3.016016016016016 0.1803915921854586
3 3.035035035035035 0.17869685426206514
3 3.0540540540540544 0.17700187484790125
3 3.0730730730730733 0.17530714494380442
3 3.0920920920920922 0.17361314167791578
3 3.111111111111111 0.17192032859815976
3 3.13013013013013 0.17022915595447768
3 3.1491491491491495 0.16854006097147328
3 3.1681681681681684 0.16685346811208632
3 3.1871871871871873 0.16516978933287152
3 3.206206206206206 0.16348942433142213
3 3.2252252252252256 0.1618127607864439
3 3.2442442442442445 0.16014017459095023
3 3.2632632632632634 0.1584720300790204
3 3.2822822822822824 0.15680868024653286
3 3.3013013013013013 0.1551504669662572
3 3.3203203203203207 0.15349772119766397
3 3.3393393393393396 0.15185076319178645
3 3.3583583583583585 0.15020990269144446
3 3.3773773773773774 0.14857543912712123
3 3.396396396396397 0.14694766180876082
3 3.4154154154154157 0.1453268501137369
3 3.4344344344344346 0.14371327367122363
3 3.4534534534534536 0.1421071925431839
3 3.4724724724724725 0.1405088574021732
3 3.491491491491492 0.13891850970614206
3 3.5105105105105108 0.13733638187040706
3 3.5295295295295297 0.1357626974369449
3 3.5485485485485486 0.13419767124115412
3 3.567567567567568 0.13264150957621448
3 3.586586586586587 0.13109441035516534
3 3.605605605605606 0.1295565632708121
3 3.6246246246246248 0.12802814995356096
3 3.6436436436436437 0.12650934412727335
3 3.662662662662663 0.12500031176322193
3 3.681681681681682 0.12350121123222267
3 3.700700700700701 0.12201219345500999
3 3.71971971971972 0.12053340205091499
3 3.738738738738739 0.11906497348489992
3 3.757757757757758 0.11760703721299688
3 3.776776776776777 0.1161597158261919
3 3.795795795795796 0.11472312519279153
3 3.814814814814815 0.11329737459930365
3 3.8338338338338342 0.1118825668898597
3 3.852852852852853 0.11047879860420207
3 3.871871871871872 0.1090861601142553
3 3.890890890890891 0.1077047357592985
3 3.90990990990991 0.10633460397975059
3 3.9289289289289293 0.10497583744957928
3 3.9479479479479482 0.10362850320734114
3 3.966966966966967 0.10229266278585725
3 3.985985985985986 0.10096837234052843
3 4.005005005005005 0.0996556827762903
3 4.024024024024024 0.09835463987320796
3 4.043043043043044 0.0970652844107083
3 4.062062062062062 0.09578765229044642
3 4.081081081081081 0.09452177465780137
3 4.1001001001001 0.09326767802199666
3 4.119119119119119 0.09202538437483862
3 4.138138138138139 0.09079491130806555
3 4.157157157157157 0.08957627212930078
3 4.176176176176177 0.08836947597660157
3 4.195195195195195 0.08717452793159593
3 4.2142142142142145 0.08599142913119844
3 4.233233233233234 0.08482017687789789
3 4.252252252252252 0.08366076474860736
3 4.271271271271272 0.08251318270206866
3 4.29029029029029 0.08137741718480414
3 4.3093093093093096 0.08025345123560654
3 4.328328328328329 0.07914126458856074
3 4.347347347347347 0.07804083377458956
3 4.366366366366367 0.07695213222151723
3 4.385385385385385 0.0758751303526447
3 4.404404404404405 0.07480979568383037
3 4.423423423423424 0.07375609291907229
3 4.442442442442443 0.07271398404458625
3 4.461461461461462 0.07168342842137689
3 4.48048048048048 0.07066438287629774
3 4.4994994994995 0.0696568017915988
3 4.518518518518519 0.06866063719295891
3 4.537537537537538 0.06767583883600209
3 4.556556556556557 0.06670235429129781
3 4.575575575575575 0.06574012902784489
3 4.594594594594595 0.06478910649504087
3 4.613613613613614 0.06384922820313808
3 4.6326326326326335 0.06292043380218905
3 4.651651651651652 0.062002661159484704
3 4.67067067067067 0.061095846435489
3 4.68968968968969 0.06019992415827517
3 4.708708708708709 0.05931482729646869
3 4.7277277277277285 0.058440487330702805
3 4.746746746746747 0.057576834323593916
3 4.7657657657657655 0.05672379698824392
3 4.784784784784785 0.05588130275527771
3 4.803803803803804 0.055049277838424775
3 4.822822822822824 0.05422764729865371
3 4.841841841841842 0.05341633510687024
3 4.8608608608608606 0.052615264205188764
3 4.87987987987988 0.051824356566789
3 4.898898898898899 0.05104353325436917
3 4.917917917917919 0.050272714477207645
3 4.936936936936937 0.049511819646846325
3 4.9559559559559565 0.04876076743140817
3 4.974974974974975 0.04801947580856348
3 4.993993993993994 0.0472878621171578
3 5.013013013013014 0.04656584310751708
3 5.032032032032032 0.04585333499044414
3 5.051051051051052 0.04515025348492188
3 5.07007007007007 0.04445651386453931
3 5.089089089089089 0.04377203100265546
3 5.108108108108109 0.04309671941631819
3 5.127127127127127 0.04243049330895396
3 5.146146146146147 0.04177326661184522
3 5.165165165165165 0.041124953024413144
3 5.1841841841841845 0.0404854660533218
3 5.203203203203204 0.03985471905042244
3 5.222222222222222 0.03923262524955443
3 5.241241241241242 0.038619097802221225
3 5.26026026026026 0.038014049812159216
3 5.2792792792792795 0.037417394368817136
3 5.298298298298299 0.036829044579764755
3 5.317317317317317 0.03624891360204838
3 5.336336336336337 0.03567691467251191
3 5.355355355355356 0.035112961137101856
3 5.374374374374375 0.03455696647917422
3 5.393393393393394 0.03400884434682198
3 5.412412412412412 0.03346850857924167
3 5.431431431431432 0.03293587323215695
3 5.450450450450451 0.03241085260231814
3 5.46946946946947 0.031893361251095466
3 5.488488488488489 0.031383314027184535
3 5.5075075075075075 0.03088062608844248
3 5.526526526526527 0.03038521292287219
3 5.545545545545546 0.0298969903687735
3 5.564564564564565 0.029415874634078572
3 5.583583583583584 0.02894178231488956
3 5.602602602602603 0.028474630413236453
3 5.621621621621622 0.02801433635407209
3 5.640640640640641 0.027560818001522415
3 5.65965965965966 0.02711399367440878
3 5.678678678678679 0.026673782161059444
3 5.6976976976976985 0.026240102733427577
3 5.716716716716717 0.025812875160532083
3 5.735735735735736 0.025392019721238012
3 5.754754754754755 0.024977457216393203
3 5.773773773773774 0.024569108980336835
3 5.792792792792794 0.02416689689179657
3 5.811811811811812 0.023770743384189524
3 5.830830830830831 0.023380571455342936
3 5.84984984984985 0.022996304676650103
3 5.868868868868869 0.022617867201676314
3 5.887887887887889 0.022245183774230303
3 5.906906906906907 0.02187817973591546
3 5.9259259259259265 0.021516781033175635
3 5.944944944944945 0.021160914223849855
3 5.963963963963964 0.02081050648324973
3 5.982982982982984 0.0204654856097738
3 6.002002002002002 0.02012578003007204
3 6.0210210210210215 0.019791318803774154
3 6.04004004004004 0.01946203162779479
3 6.059059059059059 0.019137848840228375
3 6.078078078078079 0.018818701423846573
3 6.097097097097097 0.018504521009210514
3 6.116116116116117 0.018195239877410063
3 6.135135135135136 0.017890790962442366
3 6.1541541541541545 0.01759110785324098
3 6.173173173173174 0.017296124795367355
3 6.192192192192192 0.01700577669237604
3 6.211211211211212 0.01671999910686425
3 6.230230230230231 0.016438728261217117
3 6.2492492492492495 0.016161901038058757
3 6.268268268268269 0.015889454980419715
3 6.287287287287287 0.015621328291631039
3 6.306306306306307 0.015357459834954514
3 6.325325325325326 0.015097789132959153
3 6.344344344344345 0.014842256366653109
3 6.363363363363364 0.014590802374380325
3 6.382382382382382 0.01434336865049111
3 6.401401401401402 0.014099897343795117
3 6.420420420420421 0.013860331255805734
3 6.43943943943944 0.013624613838783908
3 6.458458458458459 0.013392689193589796
3 6.477477477477478 0.013164502067350231
3 6.496496496496497 0.012939997850949686
3 6.515515515515516 0.012719122576352318
3 6.534534534534535 0.012501822913762667
3 6.553553553553554 0.012288046168631899
3 6.572572572572573 0.012077740278516925
3 6.591591591591592 0.011870853809798961
3 6.610610610610611 0.011667335954268266
3 6.62962962962963 0.011467136525581612
3 6.648648648648649 0.011270205955598524
3 6.6676676676676685 0.011076495290602674
3 6.686686686686687 0.010885956187414138
3 6.705705705705706 0.010698540909398362
3 6.724724724724725 0.010514202322377531
3 6.743743743743744 0.010332893890449573
3 6.762762762762764 0.010154569671720275
3 6.781781781781782 0.009979184313953515
3 6.800800800800801 0.009806693050144562
3 6.81981981981982 0.009637051694021433
3 6.838838838838839 0.009470216635478687
3 6.857857857857859 0.0093061448359485
3 6.876876876876877 0.009144793823713169
3 6.8958958958958965 0.008986121689163342
3 6.914914914914916 0.008830087080006252
3 6.933933933933934 0.008676649196427657
3 6.952952952952954 0.00852576778621154
3 6.971971971971972 0.00837740313982127
3 6.9909909909909915 0.00823151608544568
3 7.010010010010011 0.00808806798401376
3 7.029029029029029 0.007947020724181122
3 7.048048048048049 0.0078083367172915846
3 7.067067067067067 0.007671978892317044
3 7.086086086086087 0.007537910690778504
3 7.105105105105106 0.00740609606165138
3 7.124124124124124 0.007276499456257707
3 7.143143143143144 0.007149085823148049
3 7.162162162162162 0.007023820602975743
3 7.181181181181182 0.006900669723365877
3 7.200200200200201 0.006779599593781557
3 7.2192192192192195 0.006660577100389685
3 7.238238238238239 0.006543569600928484
3 7.257257257257257 0.006428544919579027
3 7.276276276276277 0.006315471341842655
3 7.295295295295296 0.006204317609426441
3 7.314314314314315 0.006095052915138463
3 7.333333333333334 0.005987646897794759
3 7.352352352352353 0.005882069637139732
3 7.371371371371372 0.0057782916487816235
3 7.390390390390391 0.005676283879144656
3 7.40940940940941 0.005576017700439437
3 7.428428428428429 0.005477464905652965
3 7.447447447447448 0.005380597703559764
3 7.466466466466467 0.005285388713755361
3 7.485485485485486 0.005191810961713409
3 7.504504504504505 0.005099837873867726
3 7.523523523523524 0.005009443272720246
3 7.542542542542543 0.004920601371976161
3 7.561561561561562 0.0048332867717071
3 7.580580580580581 0.004747474453543452
3 7.5995995995996 0.004663139775896728
3 7.618618618618619 0.004580258469212796
3 7.6376376376376385 0.004498806631256888
3 7.656656656656657 0.004418760722431102
3 7.675675675675676 0.004340097561125147
3 7.694694694694695 0.004262794319101068
3 7.713713713713714 0.004186828516912509
3 7.7327327327327335 0.004112178019359231
3 7.751751751751752 0.004038821030977349
3 7.770770770770771 0.00396673609156586
3 7.789789789789791 0.0038959020717499997
3 7.808808808808809 0.0038262981685817845
3 7.827827827827829 0.003757903901178216
3 7.846846846846847 0.0036906991063975604
3 7.8658658658658664 0.0036246639345539644
3 7.884884884884886 0.0035597788451708387
3 7.903903903903904 0.003496024602773209
3 7.922922922922924 0.0034333822727193354
3 7.941941941941942 0.003371833217071859
3 7.9609609609609615 0.0033113590905086087
3 7.979979979979981 0.0032519418362733366
3 7.998998998998999 0.003193563682166464
3 8.018018018018019 0.0031362071365759947
3 8.037037037037038 0.003079854984548736
3 8.056056056056057 0.0030244902839018425
3 8.075075075075077 0.002970096361374813
3 8.094094094094094 0.0029166568088219384
3 8.113113113113114 0.002864155479445229
3 8.132132132132133 0.0028125764840678754
3 8.15115115115115 0.002761904187448141
3 8.17017017017017 0.0027121232046337074
3 8.18918918918919 0.0026632183973564435
3 8.208208208208209 0.002615174870467473
3 8.227227227227228 0.0025679779684125007
3 8.246246246246248 0.0025216132717472903
3 8.265265265265267 0.002476066593693187
3 8.284284284284285 0.0024313239767325564
3 8.303303303303304 0.002387371689243994
3 8.322322322322323 0.002344196222177198
3 8.34134134134134 0.002301784285767287
3 8.36036036036036 0.002260122806288416
3 8.37937937937938 0.0022191989228465465
3 8.398398398398399 0.0021789999842111015
3 8.417417417417418 0.002139513545685373
3 8.436436436436438 0.002100727366015427
3 8.455455455455457 0.002062629404337312
3 8.474474474474475 0.0020252078171623324
3 8.493493493493494 0.0019884509554001346
3 8.512512512512513 0.0019523473614194151
3 8.531531531531531 0.0019168857661459354
3 8.55055055055055 0.001882055086197617
3 8.56956956956957 0.0018478444210564846
3 8.588588588588589 0.0018142430502771265
3 8.607607607607608 0.0017812404307314463
3 8.626626626626628 0.0017488261938894136
3 8.645645645645647 0.0017169901431355224
3 8.664664664664667 0.001685722251120679
3 8.683683683683684 0.0016550126571492326
3 8.702702702702704 0.0016248516646008217
3 8.721721721721721 0.0015952297383867986
3 8.74074074074074 0.00156613750244085
3 8.75975975975976 0.0015375657372435892
3 8.77877877877878 0.0015095053773807464
3 8.797797797797799 0.0014819475091346875
3 8.816816816816818 0.0014548833681089343
3 8.835835835835837 0.001428304336885373
3 8.854854854854857 0.0014022019427138374
3 8.873873873873874 0.0013765678552337501
3 8.892892892892894 0.0013513938842274903
3 8.911911911911913 0.0013266719774052028
3 8.93093093093093 0.0013023942182206862
3 8.94994994994995 0.0012785528237180543
3 8.96896896896897 0.0012551401424088756
3 8.987987987987989 0.0012321486521794235
3 9.007007007007008 0.0012095709582277483
3 9.026026026026027 0.0011873997910302352
3 9.045045045045045 0.0011656280043373327
3 9.064064064064064 0.0011442485731981155
3 9.083083083083084 0.0011232545920133905
3 9.102102102102103 0.001102639272616988
3 9.121121121121122 0.0010823959423849432
3 9.14014014014014 0.0010625180423722426
3 9.15915915915916 0.0010429991254768066
3 9.178178178178179 0.001023832854630418
3 9.197197197197198 0.0010050130010162423
3 9.216216216216218 0.0009865334423126548
3 9.235235235235235 0.0009683881609630502
3 9.254254254254255 0.000950571242471313
3 9.273273273273274 0.000933076873722664
3 9.292292292292293 0.0009158993413295403
3 9.311311311311313 0.0008990330300022252
3 9.33033033033033 0.0008824724209439143
3 9.34934934934935 0.0008662120902699071
3 9.368368368368369 0.0008502467074506397
3 9.387387387387388 0.0008345710337782351
3 9.406406406406408 0.0008191799208562898
3 9.425425425425425 0.0008040683091125949
3 9.444444444444445 0.0007892312263344877
3 9.463463463463464 0.0007746637862265689
3 9.482482482482483 0.0007603611869904576
3 9.501501501501503 0.0007463187099263273
3 9.52052052052052 0.0007325317180559215
3 9.53953953953954 0.0007189956547667662
3 9.558558558558559 0.0007057060424773117
3 9.577577577577578 0.0006926584813227033
3 9.596596596596598 0.0006798486478609227
3 9.615615615615617 0.0006672722937990163
3 9.634634634634635 0.000654925244739145
3 9.653653653653654 0.0006428033989441772
3 9.672672672672673 0.0006309027261225759
3 9.691691691691693 0.0006192192662322925
3 9.710710710710712 0.0006077491283034245
3 9.72972972972973 0.0005964884892793707
3 9.74874874874875 0.0005854335928762221
3 9.767767767767769 0.0005745807484601517
3 9.786786786786788 0.0005639263299425293
3 9.805805805805807 0.0005534667746925284
3 9.824824824824825 0.0005431985824669741
3 9.843843843843844 0.000533118314357184
3 9.862862862862864 0.0005232225917525723
3 9.881881881881883 0.0005135080953207644
3 9.900900900900902 0.0005039715640039954
3 9.91991991991992 0.0004946097940315563
3 9.93893893893894 0.0004854196379480546
3 9.957957957957959 0.0004763980036572694
3 9.976976976976978 0.0004675418534813628
3 9.995995995995997 0.0004588482032352341
3 10.015015015015015 0.000450314121315793
3 10.034034034034034 0.00044193672780593
3 10.053053053053054 0.0004337131935929795
3 10.072072072072073 0.00042564073950144817
3 10.091091091091092 0.0004177166354398079
3 10.11011011011011 0.0004099381995611437
3 10.12912912912913 0.000402302797437445
3 10.148148148148149 0.00039480784124735124
3 10.167167167167168 0.0003874507889771332
3 10.186186186186188 0.0003802291436347259
3 10.205205205205205 0.0003731404524766127
3 10.224224224224224 0.0003661823062473632
3 10.243243243243244 0.0003593523384316456
3 10.262262262262263 0.0003526482245185119
3 10.281281281281283 0.00034606768127777815
3 10.3003003003003 0.0003396084660483147
3 10.31931931931932 0.00033326837603806213
3 10.338338338338339 0.00032704524763560146
3 10.357357357357358 0.00032093695573309175
3 10.376376376376378 0.000314941413060409
3 10.395395395395397 0.0003090565695303112
3 10.414414414414415 0.0003032804115944601
3 10.433433433433434 0.0002976109616101304
3 10.452452452452453 0.0002920462772174483
3 10.471471471471473 0.0002865844507269853
3 10.490490490490492 0.0002812236085175559
3 10.50950950950951 0.0002759619104440562
3 10.528528528528529 0.0002707975492551859
3 10.547547547547548 0.0002657287500209054
3 10.566566566566568 0.0002607537695694675
3 10.585585585585587 0.0002558708959338793
3 10.604604604604605 0.00025107844780764487
3 10.623623623623624 0.00024637477400964034
3 10.642642642642643 0.00024175825295798324
3 10.661661661661663 0.00023722729215274664
3 10.680680680680682 0.00023278032766738352
3 10.6996996996997 0.00022841582364872183
3 10.71871871871872 0.00022413227182539194
3 10.737737737737739 0.00021992819102455868
3 10.756756756756758 0.00021580212669681693
3 10.775775775775777 0.000211752650449128
3 10.794794794794795 0.00020777835958566416
3 10.813813813813814 0.00020387787665643518
3 10.832832832832834 0.00020004984901357594
3 10.851851851851853 0.0001962929483751654
3 10.870870870870872 0.00019260587039646157
3 10.88988988988989 0.00018898733424843053
3 10.90890890890891 0.0001854360822034506
3 10.927927927927929 0.00018195087922808094
3 10.946946946946948 0.00017853051258277298
3 10.965965965965967 0.00017517379142841766
3 10.984984984984985 0.00017187954643961586
3 11.004004004004004 0.000168646629424561
3 11.023023023023024 0.00016547391295143097
3 11.042042042042043 0.0001623602899811774
3 11.061061061061062 0.00015930467350661187
3 11.08008008008008 0.0001563059961976853
3 11.0990990990991 0.00015336321005285746
3 11.118118118118119 0.00015047528605646095
3 11.137137137137138 0.00014764121384195603
3 11.156156156156158 0.00014486000136098342
3 11.175175175175177 0.00014213067455811826
3 11.194194194194194 0.0001394522770512317
3 11.213213213213214 0.00013682386981736633
3 11.232232232232233 0.00013424453088403804
3 11.251251251251253 0.00013171335502586989
3 11.270270270270272 0.00012922945346647297
3 11.28928928928929 0.00012679195358548666
3 11.308308308308309 0.00012439999863069124
3 11.327327327327328 0.00012205274743511204
3 11.346346346346348 0.00011974937413902793
3 11.365365365365367 0.00011748906791680529
3 11.384384384384385 0.00011527103270847674
3 11.403403403403404 0.00011309448695598363
3 11.422422422422423 0.00011095866334400817
3 11.441441441441443 0.00010886280854531398
3 11.460460460460462 0.00010680618297052284
3 11.47947947947948 0.00010478806052225221
3 11.498498498498499 0.00010280772835353954
3 11.517517517517518 0.00010086448663048417
3 11.536536536536538 9.895764829903226e-05
3 11.555555555555557 9.708653885583773e-05
3 11.574574574574575 9.525049612312977e-05
3 11.593593593593594 9.34488700275185e-05
3 11.612612612612613 9.168102238267489e-05
3 11.631631631631633 8.994632667581611e-05
3 11.650650650650652 8.82441678579345e-05
3 11.66966966966967 8.657394213770605e-05
3 11.68868868868869 8.493505677901514e-05
3 11.707707707707709 8.332692990203678e-05
3 11.726726726726728 8.174899028781278e-05
3 11.745745745745747 8.020067718626462e-05
3 11.764764764764765 7.868144012758447e-05
3 11.783783783783784 7.719073873694522e-05
3 11.802802802802804 7.572804255247607e-05
3 11.821821821821823 7.429283084644458e-05
3 11.840840840840842 7.288459244959285e-05
3 11.85985985985986 7.150282557857315e-05
3 11.87887887887888 7.014703766642973e-05
3 11.897897897897899 6.881674519607591e-05
3 11.916916916916918 6.751147353671364e-05
3 11.935935935935937 6.6230756783146e-05
3 11.954954954954957 6.49741375979332e-05
3 11.973973973973974 6.374116705634269e-05
3 11.992992992992994 6.253140449404556e-05
3 12.012012012012013 6.134441735751288e-05
3 12.031031031031032 6.0179781057064106e-05
3 12.050050050050052 5.903707882252289e-05
3 12.06906906906907 5.7915901561435245e-05
3 12.088088088088089 5.681584771980529e-05
3 12.107107107107108 5.573652314530655e-05
3 12.126126126126128 5.4677540952924204e-05
3 12.145145145145147 5.363852139298766e-05
3 12.164164164164164 5.261909172155175e-05
3 12.183183183183184 5.1618886073085306e-05
3 12.202202202202203 5.063754533542863e-05
3 12.221221221221223 4.967471702697877e-05
3 12.240240240240242 4.873005517606515e-05
3 12.25925925925926 4.780322020247724e-05
3 12.278278278278279 4.689387880110652e-05
3 12.297297297297298 4.6001703827667015e-05
3 12.316316316316318 4.512637418645691e-05
3 12.335335335335337 4.426757472012668e-05
3 12.354354354354355 4.342499610141859e-05
3 12.373373373373374 4.2598334726842714e-05
3 12.392392392392393 4.1787292612256906e-05
3 12.411411411411413 4.0991577290316e-05
3 12.430430430430432 4.0210901709758655e-05
3 12.44944944944945 3.944498413649947e-05
3 12.468468468468469 3.8693548056494336e-05
3 12.487487487487488 3.7956322080349255e-05
3 12.506506506506508 3.723303984964049e-05
3 12.525525525525527 3.652343994491721e-05
3 12.544544544544545 3.582726579535686e-05
3 12.563563563563564 3.514426559004391e-05
3 12.582582582582583 3.447419219084431e-05
3 12.601601601601603 3.381680304684667e-05
3 12.620620620620622 3.317186011034326e-05
3 12.63963963963964 3.253912975432376e-05
3 12.65865865865866 3.191838269145452e-05
3 12.677677677677679 3.1309393894518397e-05
3 12.696696696696698 3.071194251828804e-05
3 12.715715715715717 3.0125811822808363e-05
3 12.734734734734735 2.955078909806306e-05
3 12.753753753753754 2.89866655900004e-05
3 12.772772772772774 2.8433236427895196e-05
3 12.791791791791793 2.789030055302231e-05
3 12.810810810810812 2.735766064861917e-05
3 12.829829829829832 2.6835123071114402e-05
3 12.84884884884885 2.6322497782600065e-05
3 12.867867867867869 2.5819598284525384e-05
3 12.886886886886888 2.5326241552590932e-05
3 12.905905905905907 2.4842247972821103e-05
3 12.924924924924927 2.436744127879468e-05
3 12.943943943943944 2.390164849001274e-05
3 12.962962962962964 2.3444699851383478e-05
3 12.981981981981983 2.2996428773804746e-05
3 13.001001001001002 2.2556671775824017e-05
3 13.020020020020022 2.2125268426357218e-05
3 13.03903903903904 2.1702061288447373e-05
3 13.058058058058059 2.1286895864044378e-05
3 13.077077077077078 2.0879620539788375e-05
3 13.096096096096097 2.0480086533777994e-05
3 13.115115115115117 2.0088147843306504e-05
3 13.134134134134134 1.970366119354849e-05
3 13.153153153153154 1.9326485987179876e-05
3 13.172172172172173 1.895648425491514e-05
3 13.191191191191193 1.859352060694475e-05
3 13.210210210210212 1.823746218525714e-05
3 13.22922922922923 1.7888178616829337e-05
3 13.248248248248249 1.754554196767053e-05
3 13.267267267267268 1.7209426697703772e-05
3 13.286286286286288 1.6879709616470198e-05
3 13.305305305305307 1.6556269839641546e-05
3 13.324324324324325 1.6238988746326302e-05
3 13.343343343343344 1.5927749937155102e-05
3 13.362362362362363 1.5622439193131896e-05
3 13.381381381381383 1.5322944435236505e-05
3 13.400400400400402 1.5029155684765616e-05
3 13.41941941941942 1.4740965024398677e-05
3 13.438438438438439 1.4458266559975672e-05
3 13.457457457457458 1.4180956382974332e-05
3 13.476476476476478 1.3908932533673636e-05
3 13.495495495495497 1.3642094964991761e-05
3 13.514514514514515 1.3380345506986105e-05
3 13.533533533533534 1.3123587832003439e-05
3 13.552552552552553 1.2871727420468783e-05
3 13.571571571571573 1.2624671527301053e-05
3 13.590590590590592 1.2382329148944524e-05
3 13.609609609609612 1.2144610991004897e-05
3 13.62862862862863 1.1911429436479066e-05
3 13.647647647647648 1.168269851456777e-05
3 13.666666666666668 1.1458333870060966e-05
3 13.685685685685687 1.1238252733285065e-05
3 13.704704704704707 1.1022373890602288e-05
3 13.723723723723724 1.0810617655452024e-05
3 13.742742742742744 1.0602905839924284e-05
3 13.761761761761763 1.0399161726855937e-05
3 13.780780780780782 1.0199310042439874e-05
3 13.799799799799802 1.0003276929338114e-05
3 13.81881881881882 9.810989920289623e-06
3 13.837837837837839 9.622377912203804e-06
3 13.856856856856858 9.437371140731108e-06
3 13.875875875875877 9.255901155301799e-06
3 13.894894894894897 9.077900794624591e-06
3 13.913913913913914 8.903304162636796e-06
3 13.932932932932934 8.732046604897659e-06
3 13.951951951951953 8.56406468541707e-06
3 13.970970970970972 8.39929616391149e-06
3 13.989989989989992 8.23767997347949e-06
3 14.00900900900901 8.079156198689244e-06
3 14.028028028028029 7.923666054070411e-06
3 14.047047047047048 7.771151863003256e-06
3 14.066066066066067 7.621557036997493e-06
3 14.085085085085087 7.4748260553539956e-06
3 14.104104104104104 7.330904445202305e-06
3 14.123123123123124 7.1897387619070404e-06
3 14.142142142142143 7.051276569836685e-06
3 14.161161161161163 6.91546642348789e-06
3 14.180180180180182 6.782257848958993e-06
3 14.1991991991992 6.65160132576633e-06
3 14.218218218218219 6.523448268997024e-06
3 14.237237237237238 6.397751011792299e-06
3 14.256256256256258 6.274462788155011e-06
3 14.275275275275277 6.153537716075716e-06
3 14.294294294294295 6.034930780971329e-06
3 14.313313313313314 5.918597819430654e-06
3 14.332332332332333 5.804495503261321e-06
3 14.351351351351353 5.692581323832397e-06
3 14.370370370370372 5.582813576707449e-06
3 14.38938938938939 5.475151346562645e-06
3 14.408408408408409 5.369554492384681e-06
3 14.427427427427428 5.265983632943517e-06
3 14.446446446446448 5.164400132534706e-06
3 14.465465465465467 5.06476608698653e-06
3 14.484484484484486 4.967044309927034e-06
3 14.503503503503504 4.8711983193061766e-06
3 14.522522522522523 4.777192324168423e-06
3 14.541541541541543 4.684991211671272e-06
3 14.560560560560562 4.594560534345051e-06
3 14.579579579579582 4.5058664975896665e-06
3 14.598598598598599 4.418875947403938e-06
3 14.617617617617618 4.33355635834318e-06
3 14.636636636636638 4.249875821700973e-06
3 14.655655655655657 4.167803033910838e-06
3 14.674674674674677 4.087307285163894e-06
3 14.693693693693694 4.008358448238491e-06
3 14.712712712712714 3.930926967537868e-06
3 14.731731731731733 3.854983848332135e-06
3 14.750750750750752 3.7805006462006728e-06
3 14.769769769769772 3.7074494566713428e-06
3 14.78878878878879 3.6358029050528915e-06
3 14.807807807807809 3.5655341364569134e-06
3 14.826826826826828 3.4966168060060087e-06
3 14.845845845845847 3.429025069224558e-06
3 14.864864864864867 3.3627335726088518e-06
3 14.883883883883884 3.2977174443732272e-06
3 14.902902902902904 3.233952285368948e-06
3 14.921921921921923 3.1714141601727146e-06
3 14.940940940940942 3.1100795883415658e-06
3 14.959959959959962 3.049925535831186e-06
3 14.97897897897898 2.9909294065745663e-06
3 14.997997997997999 2.9330690342180424e-06
3 15.017017017017018 2.876322674011859e-06
3 15.036036036036037 2.820668994852329e-06
3 15.055055055055057 2.766087071472839e-06
3 15.074074074074074 2.712556376780932e-06
3 15.093093093093094 2.6600567743387427e-06
3 15.112112112112113 2.6085685109842063e-06
3 15.131131131131133 2.5580722095903273e-06
3 15.150150150150152 2.508548861960045e-06
3 15.16916916916917 2.4599798218541397e-06
3 15.188188188188189 2.4123467981497104e-06
3 15.207207207207208 2.3656318481268624e-06
3 15.226226226226228 2.3198173708811395e-06
3 15.245245245245247 2.2748861008594445e-06
3 15.264264264264266 2.2308211015171234e-06
3 15.283283283283284 2.1876057590939786e-06
3 15.302302302302303 2.145223776506982e-06
3 15.321321321321323 2.103659167357582e-06
3 15.340340340340342 2.0628962500513945e-06
3 15.359359359359361 2.0229196420282554e-06
3 15.378378378378379 1.9837142541005644e-06
3 15.397397397397398 1.945265284897891e-06
3 15.416416416416418 1.9075582154159193e-06
3 15.435435435435437 1.870578803667728e-06
3 15.454454454454456 1.8343130794355506e-06
3 15.473473473473474 1.798747339121132e-06
3 15.492492492492493 1.7638681406928336e-06
3 15.511511511511513 1.7296622987277342e-06
3 15.530530530530532 1.696116879546897e-06
3 15.549549549549551 1.663219196442111e-06
3 15.568568568568569 1.6309568049923967e-06
3 15.587587587587588 1.5993174984685863e-06
3 15.606606606606608 1.5682893033243803e-06
3 15.625625625625627 1.5378604747722127e-06
3 15.644644644644647 1.5080194924423915e-06
3 15.663663663663664 1.4787550561239454e-06
3 15.682682682682684 1.4500560815856377e-06
3 15.701701701701703 1.4219116964756975e-06
3 15.720720720720722 1.3943112362987492e-06
3 15.739739739739742 1.3672442404685293e-06
3 15.75875875875876 1.3407004484349763e-06
3 15.777777777777779 1.314669795884284e-06
3 15.796796796796798 1.2891424110106018e-06
3 15.815815815815817 1.264108610857984e-06
3 15.834834834834837 1.239558897731326e-06
3 15.853853853853854 1.215483955674977e-06
3 15.872872872872874 1.1918746470177576e-06
3 15.891891891891893 1.1687220089831763e-06
3 15.910910910910912 1.1460172503635777e-06
3 15.929929929929932 1.123751748257065e-06
3 15.94894894894895 1.10191704486601e-06
3 15.967967967967969 1.0805048443559885e-06
3 15.986986986986988 1.05950700977404e-06
3 16.006006006006007 1.0389155600251063e-06
3 16.025025025025027 1.0187226669055847e-06
3 16.044044044044046 9.989206521929177e-07
3 16.063063063063062 9.79501984790176e-07
3 16.08208208208208 9.60459277924582e-07
3 16.1011011011011 9.417852863990187e-07
3 16.12012012012012 9.234729038954589e-07
3 16.13913913913914 9.055151603293953e-07
3 16.15815815815816 8.87905219254297e-07
3 16.177177177177178 8.706363753151528e-07
3 16.196196196196198 8.537020517501879e-07
3 16.215215215215217 8.370957979398441e-07
3 16.234234234234236 8.208112870021426e-07
3 16.253253253253256 8.048423134335538e-07
3 16.272272272272275 7.891827907945266e-07
3 16.291291291291294 7.738267494388323e-07
3 16.310310310310314 7.587683342859064e-07
3 16.329329329329333 7.440018026353776e-07
3 16.34834834834835 7.295215220229955e-07
3 16.36736736736737 7.153219681171637e-07
3 16.386386386386388 7.013977226553554e-07
3 16.405405405405407 6.877434714196078e-07
3 16.424424424424426 6.743540022504029e-07
3 16.443443443443442 6.612242030981979e-07
3 16.46246246246246 6.483490601118859e-07
3 16.48148148148148 6.357236557635293e-07
3 16.5005005005005 6.233431670086348e-07
3 16.51951951951952 6.112028634813375e-07
3 16.53853853853854 5.992981057238239e-07
3 16.55755755755756 5.87624343449351e-07
3 16.576576576576578 5.761771138382286e-07
3 16.595595595595597 5.649520398661461e-07
3 16.614614614614617 5.539448286642326e-07
3 16.633633633633636 5.431512699102549e-07
3 16.652652652652655 5.32567234250365e-07
3 16.671671671671675 5.221886717508223e-07
3 16.690690690690694 5.120116103791269e-07
3 16.709709709709713 5.020321545140072e-07
3 16.72872872872873 4.922464834837216e-07
3 16.74774774774775 4.826508501321298e-07
3 16.766766766766768 4.7324157941203545e-07
3 16.785785785785787 4.640150670052519e-07
3 16.804804804804807 4.5496777796891213e-07
3 16.823823823823826 4.460962454075177e-07
3 16.842842842842842 4.3739706917024536e-07
3 16.86186186186186 4.288669145730228e-07
3 16.88088088088088 4.2050251114493283e-07
3 16.8998998998999 4.1230065139845143e-07
3 16.91891891891892 4.042581896230969e-07
3 16.93793793793794 3.9637204070203603e-07
3 16.956956956956958 3.886391789512156e-07
3 16.975975975975977 3.8105663698059546e-07
3 16.994994994994997 3.7362150457706235e-07
3 17.014014014014016 3.663309276086183e-07
3 17.033033033033036 3.5918210694943794e-07
3 17.052052052052055 3.521722974254035e-07
3 17.07107107107107 3.452988067797287e-07
3 17.09009009009009 3.385589946582862e-07
3 17.10910910910911 3.319502716142833e-07
3 17.12812812812813 3.2547009813189574e-07
3 17.147147147147148 3.191159836685186e-07
3 17.166166166166168 3.1288548571527626e-07
3 17.185185185185187 3.067762088754446e-07
3 17.204204204204206 3.0078580396044876e-07
3 17.223223223223226 2.949119671031019e-07
3 17.242242242242245 2.891524388877594e-07
3 17.261261261261264 2.8350500349706806e-07
3 17.28028028028028 2.7796748787499635e-07
3 17.2992992992993 2.7253776090583154e-07
3 17.31831831831832 2.672137326088572e-07
3 17.33733733733734 2.619933533483914e-07
3 17.356356356356358 2.568746130589123e-07
3 17.375375375375377 2.5185554048497703e-07
3 17.394394394394396 2.46934202435655e-07
3 17.413413413413416 2.421087030532009e-07
3 17.432432432432435 2.373771830956965e-07
3 17.451451451451454 2.3273781923339665e-07
3 17.47047047047047 2.2818882335852022e-07
3 17.48948948948949 2.2372844190822593e-07
3 17.50850850850851 2.1935495520053515e-07
3 17.52752752752753 2.150666767829392e-07
3 17.546546546546548 2.1086195279346334e-07
3 17.565565565565567 2.0673916133394519e-07
3 17.584584584584587 2.0269671185529678e-07
3 17.603603603603606 1.9873304455452278e-07
3 17.622622622622625 1.948466297832714e-07
3 17.641641641641645 1.9103596746769877e-07
3 17.66066066066066 1.8729958653943253e-07
3 17.67967967967968 1.8363604437741956e-07
3 17.6986986986987 1.8004392626046164e-07
3 17.71771771771772 1.7652184483022153e-07
3 17.736736736736738 1.7306843956451056e-07
3 17.755755755755757 1.6968237626065929e-07
3 17.774774774774777 1.6636234652877848e-07
3 17.793793793793796 1.631070672947237e-07
3 17.812812812812815 1.599152803125777e-07
3 17.831831831831835 1.5678575168647074e-07
3 17.85085085085085 1.5371727140156035e-07
3 17.86986986986987 1.5070865286399403e-07
3 17.88888888888889 1.4775873244969149e-07
3 17.90790790790791 1.4486636906176772e-07
3 17.926926926926928 1.4203044369644042e-07
3 17.945945945945947 1.3924985901725731e-07
3 17.964964964964967 1.36523538937485e-07
3 17.983983983983986 1.3385042821050393e-07
3 18.003003003003005 1.3122949202805717e-07
3 18.022022022022025 1.286597156262034e-07
3 18.04104104104104 1.26140103898827e-07
3 18.06006006006006 1.236696810185595e-07
3 18.07907907907908 1.2124749006497728e-07
3 18.0980980980981 1.1887259265992775e-07
3 18.117117117117118 1.1654406860985502e-07
3 18.136136136136138 1.1426101555498885e-07
3 18.155155155155157 1.1202254862526651e-07
3 18.174174174174176 1.098278001028586e-07
3 18.193193193193196 1.0767591909117356e-07
3 18.212212212212215 1.055660711902168e-07
3 18.231231231231234 1.0349743817818311e-07
3 18.25025025025025 1.0146921769916418e-07
3 18.26926926926927 9.948062295685158e-08
3 18.28828828828829 9.753088241412716e-08
3 18.30730730730731 9.561923949842019e-08
3 18.326326326326328 9.374495231272725e-08
3 18.345345345345347 9.190729335218425e-08
3 18.364364364364366 9.01055492260849e-08
3 18.383383383383386 8.833902038524157e-08
3 18.402402402402405 8.660702085458661e-08
3 18.421421421421424 8.490887797091374e-08
3 18.44044044044044 8.324393212566171e-08
3 18.45945945945946 8.16115365126421e-08
3 18.47847847847848 8.001105688062106e-08
3 18.4974974974975 7.844187129065646e-08
3 18.516516516516518 7.690336987810354e-08
3 18.535535535535537 7.539495461919865e-08
3 18.554554554554556 7.39160391021331e-08
3 18.573573573573576 7.246604830253178e-08
3 18.592592592592595 7.104441836325192e-08
3 18.611611611611615 6.965059637841966e-08
3 18.63063063063063 6.8284040181623e-08
3 18.64964964964965 6.694421813818094e-08
3 18.66866866866867 6.563060894141357e-08
3 18.68768768768769 6.434270141283249e-08
3 18.706706706706708 6.307999430617915e-08
3 18.725725725725727 6.184199611523718e-08
3 18.744744744744747 6.062822488534548e-08
3 18.763763763763766 5.943820802854198e-08
3 18.782782782782785 5.827148214226836e-08
3 18.801801801801805 5.712759283156715e-08
3 18.82082082082082 5.600609453470491e-08
3 18.83983983983984 5.490655035215452e-08
3 18.85885885885886 5.382853187887507e-08
3 18.87787787787788 5.2771619039822253e-08
3 18.896896896896898 5.173539992863031e-08
3 18.915915915915917 5.0719470649403514e-08
3 18.934934934934937 4.9723435161557775e-08
3 18.953953953953956 4.874690512765385e-08
3 18.972972972972975 4.7789499764164824e-08
3 18.991991991991995 4.6850845695121487e-08
3 19.011011011011014 4.593057680858052e-08
3 19.03003003003003 4.502833411586139e-08
3 19.04904904904905 4.414376561349789e-08
3 19.06806806806807 4.327652614785471e-08
3 19.087087087087088 4.2426277282354493e-08
3 19.106106106106107 4.15926871672679e-08
3 19.125125125125127 4.0775430412016345e-08
3 19.144144144144146 3.997418795993937e-08
3 19.163163163163166 3.9188646965479415e-08
3 19.182182182182185 3.841850067373742e-08
3 19.201201201201204 3.7663448302353746e-08
3 19.22022022022022 3.692319492567007e-08
3 19.23923923923924 3.619745136112731e-08
3 19.25825825825826 3.548593405785889e-08
3 19.27727727727728 3.478836498743445e-08
3 19.296296296296298 3.410447153671445e-08
3 19.315315315315317 3.3433986402774644e-08
3 19.334334334334336 3.277664748986049e-08
3 19.353353353353356 3.2132197808332574e-08
3 19.372372372372375 3.1500385375564864e-08
3 19.391391391391394 3.088096311875805e-08
3 19.41041041041041 3.0273688779631376e-08
3 19.42942942942943 2.967832482095612e-08
3 19.44844844844845 2.9094638334897115e-08
3 19.46746746746747 2.8522400953124996e-08
3 19.486486486486488 2.796138875866707e-08
3 19.505505505505507 2.7411382199462567e-08
3 19.524524524524526 2.6872166003589558e-08
3 19.543543543543546 2.634352909613142e-08
3 19.562562562562565 2.5825264517651288e-08
3 19.581581581581585 2.5317169344243483e-08
3 19.6006006006006 2.4819044609131753e-08
3 19.61961961961962 2.4330695225783875e-08
3 19.63863863863864 2.385192991251487e-08
3 19.65765765765766 2.3382561118548343e-08
3 19.676676676676678 2.2922404951509156e-08
3 19.695695695695697 2.2471281106319384e-08
3 19.714714714714717 2.202901279547063e-08
3 19.733733733733736 2.159542668064608e-08
3 19.752752752752755 2.1170352805666406e-08
3 19.771771771771775 2.075362453073395e-08
3 19.790790790790794 2.0345078467950137e-08
3 19.80980980980981 1.9944554418081736e-08
3 19.82882882882883 1.955189530855137e-08
3 19.84784784784785 1.9166947132629843e-08
3 19.866866866866868 1.878955888980558e-08
3 19.885885885885887 1.8419582527309626e-08
3 19.904904904904907 1.805687288277349e-08
3 19.923923923923926 1.7701287627998006e-08
3 19.942942942942945 1.7352687213811848e-08
3 19.961961961961965 1.7010934815998595e-08
3 19.980980980980984 1.667589628227185e-08
3 20.0 1.6347440080278115e-08
